frame_id,gt_x_m,gt_y_m,pred_x_m,pred_y_m,gt_lat,gt_lon,pred_lat,pred_lon,error_m,latency_ms,correction_gate,candidate_capture
4,-57.659645080566406,2.8609108924865723,-53.80070495605469,2.8032422065734863,23.450782775878906,120.28563690185547,23.45078228195319,120.28567378653834,3.859371005993264,56.3570624217391,0.9989566802978516,1
5,-57.659645080566406,2.8609108924865723,-58.61460876464844,1.1941254138946533,23.450782775878906,120.28563690185547,23.450767827011106,120.28562664906437,1.92097097051476,55.071987211704254,0.9984103441238403,1
6,-57.659645080566406,2.8609108924865723,-59.139739990234375,4.0519304275512695,23.450782775878906,120.28563690185547,23.450793499110333,120.2856215070091,1.8997916924049227,55.6751461699605,0.8849757313728333,1
7,-67.50447845458984,3.795994520187378,-66.08954620361328,7.336093902587891,23.450790405273438,120.28553771972656,23.450823001252786,120.28555345489951,3.812392544338279,55.22995535284281,0.9948495030403137,1
8,-67.50447845458984,3.795994520187378,-71.39128112792969,6.118397235870361,23.450790405273438,120.28553771972656,23.450812062497512,120.28550154061084,4.527779742356452,55.3585896268487,0.992629885673523,1
9,-67.50447845458984,3.795994520187378,-73.97000885009766,6.364449501037598,23.450790405273438,120.28553771972656,23.45081427282262,120.28547628985476,6.957014035050505,55.66547065973282,0.9808719158172607,1
10,-77.41057586669922,4.6642866134643555,-75.69784545898438,5.50465726852417,23.4507999420166,120.28544616699219,23.45080654917758,120.28545937097635,1.9077914685302262,55.57801853865385,0.9614656567573547,1
11,-77.41057586669922,4.6642866134643555,-79.46673583984375,5.211711406707764,23.4507999420166,120.28544616699219,23.45080391760013,120.2854224662148,2.12778470231819,55.25220464915037,0.9190880656242371,1
12,-77.41057586669922,4.6642866134643555,-82.87102508544922,5.762416839599609,23.4507999420166,120.28544616699219,23.450808864671206,120.28538913160693,5.569775189727081,55.679929442703724,0.9370102882385254,1
13,-87.32689666748047,5.565974712371826,-86.74481964111328,6.920748710632324,23.450807571411133,120.28534698486328,23.450819270143445,120.28535119962963,1.4745257715574873,55.13737536966801,0.7891740798950195,1
14,-87.32689666748047,5.565974712371826,-93.0909423828125,5.308182716369629,23.450807571411133,120.28534698486328,23.45080478421665,120.28528905875449,5.769807598320793,61.10645644366741,0.4798903465270996,1
15,-87.32689666748047,5.565974712371826,-90.75069427490234,2.9359335899353027,23.450807571411133,120.28534698486328,23.45078347394017,120.28531197433166,4.317349460293309,55.755846202373505,0.9404668807983398,1
16,-97.24320983886719,6.612377643585205,-94.38458251953125,6.329439163208008,23.450817108154297,120.28524780273438,23.450813958319404,120.28527639150339,2.872595400423096,55.00373151153326,0.9480879306793213,1
17,-97.24320983886719,6.612377643585205,-92.59086608886719,6.715422630310059,23.450817108154297,120.28524780273438,23.450817425667882,120.28529395547328,4.653484784272233,54.99701201915741,0.8269753456115723,1
18,-97.24320983886719,6.612377643585205,-92.9176254272461,7.876695156097412,23.450817108154297,120.28524780273438,23.450827857556472,120.28529075586431,4.50657067785522,55.67041411995888,0.9165454506874084,1
19,-107.29228973388672,7.647648811340332,-108.66667175292969,6.724199295043945,23.45082664489746,120.28514862060547,23.450817504510002,120.28513654209296,1.6558034132760622,53.88118606060743,0.9666103720664978,1
20,-107.29228973388672,7.647648811340332,-106.72787475585938,7.443655967712402,23.45082664489746,120.28514862060547,23.450823967499257,120.28515552668355,0.6001477715304923,54.11888752132654,0.9913672804832458,1
21,-107.29228973388672,7.647648811340332,-104.36569213867188,9.226249694824219,23.45082664489746,120.28514862060547,23.45083998081116,120.28517865704222,3.3251998787521653,55.144574493169785,0.8703317046165466,1
22,-117.24945068359375,8.560468673706055,-109.18681335449219,9.318095207214355,23.450834274291992,120.28504943847656,23.450840805873437,120.2851314488958,8.098155263076757,53.626312874257565,0.9731061458587646,1
23,-117.24945068359375,8.560468673706055,-109.73934173583984,7.712876319885254,23.450834274291992,120.28504943847656,23.450826385946826,120.28512603856913,7.557787322053246,54.05864305794239,0.9500534534454346,1
24,-117.24945068359375,8.560468673706055,-111.73599243164062,8.16561222076416,23.450834274291992,120.28504943847656,23.450830452942622,120.28510648747839,5.527579353972213,55.03910779953003,0.9835286140441895,1
25,-127.31895446777344,9.40649700164795,-118.43866729736328,8.918967247009277,23.450841903686523,120.28495025634766,23.450837220445965,120.28504085526498,8.893659847925896,54.28627133369446,0.9686787724494934,1
26,-127.31895446777344,9.40649700164795,-125.80381774902344,4.925434589385986,23.450841903686523,120.28495025634766,23.450801345931726,120.2849687361281,4.73028113531231,58.461238630115986,0.9379302263259888,1
27,-127.31895446777344,9.40649700164795,-124.86673736572266,5.07930326461792,23.450841903686523,120.28495025634766,23.450802728157555,120.28497791196625,4.973728415724188,53.71107626706362,0.8713406324386597,1
28,-137.2352752685547,10.352712631225586,-131.16026306152344,4.663529872894287,23.450849533081055,120.28485870361328,23.450798993201627,120.2849162861184,8.32301470461712,53.751641884446144,0.9757406115531921,1
29,-137.2352752685547,10.352712631225586,-136.9733428955078,10.874299049377441,23.450849533081055,120.28485870361328,23.450854785490403,120.28485936476928,0.5836616825271721,53.45024261623621,0.9898570775985718,1
30,-137.2352752685547,10.352712631225586,-138.53028869628906,10.949356079101562,23.450849533081055,120.28485870361328,23.45085545973917,120.284844119244,1.4258482324236577,53.68315987288952,0.7301778793334961,1
31,-147.09031677246094,11.321191787719727,-142.49818420410156,12.758330345153809,23.45085906982422,120.28475952148438,23.45087171003149,120.28480526583549,4.811761502677641,53.492928855121136,0.9548406004905701,1
32,-147.09031677246094,11.321191787719727,-151.26779174804688,11.258002281188965,23.45085906982422,120.28475952148438,23.45085823235518,120.28471939433415,4.17795285820488,53.0460923910141,0.9801915884017944,1
33,-147.09031677246094,11.321191787719727,-153.82846069335938,12.328169822692871,23.45085906982422,120.28475952148438,23.45086784583377,120.28469432040859,6.812972057895068,53.698730655014515,0.9223685264587402,1
34,-156.9862060546875,12.222880363464355,-157.80770874023438,10.954304695129395,23.45086669921875,120.28466033935547,23.450855504193346,120.28465535583665,1.5113407586154157,53.426588885486126,0.6955851316452026,1
35,-156.9862060546875,12.222880363464355,-159.8506622314453,14.230958938598633,23.45086669921875,120.28466033935547,23.450884938879224,120.28463535135155,3.498212222332901,53.95554192364216,0.41105571389198303,1
36,-166.95358276367188,13.180227279663086,-163.21571350097656,13.969259262084961,23.450876235961914,120.2845687866211,23.450882587991032,120.28460240095974,3.820240580681666,53.994613699615,0.6242748498916626,1
37,-166.95358276367188,13.180227279663086,-160.6962890625,14.712226867675781,23.450876235961914,120.2845687866211,23.45088926218259,120.28462707102142,6.442107357099561,54.18053362518549,0.3570535480976105,1
38,-166.95358276367188,13.180227279663086,-166.8673858642578,12.50888442993164,23.450876235961914,120.2845687866211,23.450869469220706,120.28456664399039,0.676853844898687,58.87339357286692,0.7881355881690979,1
39,-176.89031982421875,14.204366683959961,-165.60842895507812,12.331184387207031,23.450883865356445,120.28446960449219,23.450867872914063,120.28457897162527,11.43634003954356,53.07628959417343,0.6671915650367737,1
40,-176.89031982421875,14.204366683959961,-165.2408905029297,11.95433235168457,23.450883865356445,120.28446960449219,23.45086448759463,120.28458257054102,11.864731687152783,54.199603386223316,0.6153962016105652,1
41,-176.89031982421875,14.204366683959961,-177.508544921875,10.32135009765625,23.450883865356445,120.28446960449219,23.450849818265457,120.28446244636243,3.93192320383827,52.617425099015236,0.9886506795883179,1
42,-186.7760009765625,15.10605525970459,-180.5574188232422,8.912431716918945,23.45089340209961,120.28437042236328,23.4508371617363,120.28443259196153,8.776772560989746,52.92609054595232,0.9594936370849609,1
43,-186.7760009765625,15.10605525970459,-191.50355529785156,13.348617553710938,23.45089340209961,120.28437042236328,23.450877012671704,120.28432540801194,5.043645224556056,53.44201158732176,0.9629872441291809,1
44,-186.7760009765625,15.10605525970459,-191.67379760742188,12.35761833190918,23.45089340209961,120.28437042236328,23.45086811037423,120.28432374100886,5.616254747011296,53.19491773843765,0.6941903829574585,1
45,-196.71273803710938,15.974347114562988,-197.5148468017578,11.601377487182617,23.45090103149414,120.28427124023438,23.450861316947137,120.28426654578534,4.445924182025269,52.75401193648577,0.947461724281311,1
46,-196.71273803710938,15.974347114562988,-200.70603942871094,12.602945327758789,23.45090103149414,120.28427124023438,23.45087031418413,120.28423529780753,5.226165517110372,52.80230473726988,0.7373643517494202,1
47,-196.71273803710938,15.974347114562988,-200.11997985839844,12.546152114868164,23.45090103149414,120.28427124023438,23.450869804002018,120.28424103646971,4.833406436942149,53.014736622571945,0.9356608986854553,1
48,-206.75160217285156,16.920562744140625,-198.4803009033203,14.667551040649414,23.450908660888672,120.2841796875,23.450888860852803,120.28425709211335,8.572659238965329,52.456627599895,0.3753949999809265,1
49,-206.75160217285156,16.920562744140625,-201.29901123046875,15.700118064880371,23.450908660888672,120.2841796875,23.450898136560202,120.28422949146116,5.5875068859098285,52.736991085112095,0.8289681673049927,1
50,-206.75160217285156,16.920562744140625,-199.8161163330078,16.240978240966797,23.450908660888672,120.2841796875,23.45090299518983,120.28424401188418,6.968701380574948,57.70560074597597,0.8054434061050415,1
51,-216.74961853027344,17.889041900634766,-213.9789581298828,14.594406127929688,23.450918197631836,120.2840805053711,23.450888203780874,120.2841053301379,4.304786165314223,53.081490099430084,0.8636112213134766,1
52,-216.74961853027344,17.889041900634766,-213.8444366455078,15.95612621307373,23.450918197631836,120.2840805053711,23.450900436320527,120.28410664736468,3.4894476409297073,54.40890975296497,0.9088913202285767,1
53,-216.74961853027344,17.889041900634766,-214.92686462402344,22.43875503540039,23.450918197631836,120.2840805053711,23.45095867076605,120.2840960482911,4.9012571256167,53.219959139823914,0.7744297981262207,1
54,-226.6659393310547,18.824125289916992,-217.4588623046875,23.36203956604004,23.450925827026367,120.28398132324219,23.450966964772103,120.28407125511293,10.264644823222078,53.340296261012554,0.5453253984451294,1
55,-226.6659393310547,18.824125289916992,-220.7451934814453,21.280378341674805,23.450925827026367,120.28398132324219,23.450948264891164,120.28403907554383,6.410024217577981,53.36942430585623,0.9848122596740723,1
56,-226.6659393310547,18.824125289916992,-228.90707397460938,21.578311920166016,23.450925827026367,120.28398132324219,23.450950941274034,120.28395915487143,3.550806737177267,54.00912929326296,0.9928398132324219,1
57,-236.7150115966797,19.870529174804688,-235.18603515625,21.82851791381836,23.45093536376953,120.28388214111328,23.450953188912717,120.28389767163847,2.4842481473261455,53.18001564592123,0.9966402053833008,1
58,-236.7150115966797,19.870529174804688,-238.24192810058594,20.062217712402344,23.45093536376953,120.28388214111328,23.450937321968045,120.2838677485075,1.5389017204966706,52.93321516364813,0.987385630607605,1
59,-246.72323608398438,20.88353729248047,-247.0865478515625,12.153867721557617,23.450944900512695,120.28378295898438,23.450866280051354,120.28378114249088,8.737226462554185,53.65282204002142,0.9739296436309814,1
60,-246.72323608398438,20.88353729248047,-250.32347106933594,12.519177436828613,23.450944900512695,120.28378295898438,23.45086956168436,120.2837494467217,9.10627298869245,53.24227921664715,0.9469925761222839,1
61,-246.72323608398438,20.88353729248047,-247.56781005859375,17.4921875,23.450944900512695,120.28378295898438,23.45091423499384,120.28377642999855,3.4949332774095696,55.99336605519056,0.7679418325424194,1
62,-256.56805419921875,21.774091720581055,-257.58233642578125,22.576866149902344,23.450952529907227,120.28369140625,23.450959911439302,120.28367836832247,1.2935282059130773,55.532186292111874,0.7320454716682434,1
63,-256.56805419921875,21.774091720581055,-258.4903564453125,20.550045013427734,23.450952529907227,120.28369140625,23.450941704195248,120.28366947704177,2.27893314220272,60.65803952515125,0.9732182621955872,1
64,-256.56805419921875,21.774091720581055,-254.57012939453125,20.817401885986328,23.450952529907227,120.28369140625,23.4509441059029,120.28370786368345,2.215165674346384,57.4188856408,0.9260808825492859,1
65,-266.5252380371094,22.56446075439453,-266.2809753417969,21.011730194091797,23.450960159301758,120.2835922241211,23.450945851583793,120.28359319174193,1.5718258355235706,55.232735350728035,0.9787676930427551,1
66,-266.5252380371094,22.56446075439453,-265.8096008300781,19.13306427001953,23.450960159301758,120.2835922241211,23.450928975240657,120.2835978074145,3.5052273029104115,53.58470790088177,0.7975894808769226,1
67,-266.5252380371094,22.56446075439453,-265.98626708984375,17.154809951782227,23.450960159301758,120.2835922241211,23.45091120427976,120.28359607750846,5.436433710457652,54.5146195217967,0.6755191087722778,1
68,-276.4721984863281,23.421621322631836,-274.61212158203125,15.914861679077148,23.45096778869629,120.28349304199219,23.45090006563491,120.28351161362889,7.733778276883812,55.4053857922554,0.9953383207321167,1
69,-276.4721984863281,23.421621322631836,-275.9873962402344,18.87687110900879,23.45096778869629,120.28349304199219,23.450926673818337,120.28349814701717,4.570534730427533,54.58823963999748,0.7066143751144409,1
70,-276.4721984863281,23.421621322631836,-281.1042785644531,20.290794372558594,23.45096778869629,120.28349304199219,23.45093937530712,120.2834480427947,5.5909071930651315,53.18196304142475,0.9538335204124451,1
71,-286.3374328613281,24.40123176574707,-283.008544921875,21.113197326660156,23.45097541809082,120.28339385986328,23.45094676307855,120.28342939632618,4.678959861556634,52.85710655152798,0.9089157581329346,1
72,-286.3374328613281,24.40123176574707,-286.7157287597656,24.152029037475586,23.45097541809082,120.28339385986328,23.45097406136827,120.2833930957916,0.45300086815875595,54.24212571233511,0.9520285129547119,1
73,-286.3374328613281,24.40123176574707,-281.55120849609375,28.510242462158203,23.45097541809082,120.28339385986328,23.45101321186558,120.28344366648209,6.308083114352909,54.190218448638916,0.6402189135551453,1
74,-296.3150329589844,25.5032958984375,-297.4082336425781,26.142127990722656,23.450986862182617,120.2833023071289,23.450991938731335,120.28328839538823,1.26617304375953,53.24630904942751,0.9966712594032288,1
75,-296.3150329589844,25.5032958984375,-297.366455078125,25.36113739013672,23.450986862182617,120.2833023071289,23.450984922973404,120.28328880448156,1.0609889321291084,53.40149533003569,0.23694324493408203,1
76,-296.3150329589844,25.5032958984375,-298.803466796875,27.649320602416992,23.450986862182617,120.2833023071289,23.451005478072926,120.28327473334404,3.2859891959118386,53.701505064964294,0.8095079660415649,1
77,-306.37432861328125,26.571962356567383,-305.3488464355469,27.30919647216797,23.45099639892578,120.283203125,23.45100242268588,120.28321064135662,1.2629837045885486,52.88283806294203,0.9080942869186401,1
78,-306.37432861328125,26.571962356567383,-310.7638854980469,24.479936599731445,23.45099639892578,120.283203125,23.450977007012018,120.28315761760022,4.862589990103862,53.01553849130869,0.9766586422920227,1
79,-306.37432861328125,26.571962356567383,-311.3165588378906,25.396503448486328,23.45099639892578,120.283203125,23.45098524067211,120.28315220585412,5.080092837501057,52.91655007749796,0.28525424003601074,1
80,-316.4438171386719,27.44025421142578,-316.37640380859375,28.28782844543457,23.451004028320312,120.2831039428711,23.45101121388647,120.2831026601382,0.8502509272137301,52.49630194157362,0.9462494254112244,1
81,-316.4438171386719,27.44025421142578,-316.076904296875,26.45205307006836,23.451004028320312,120.2831039428711,23.45099472283569,120.28310559282049,1.0541188401957202,54.14123274385929,0.4964350163936615,1
82,-326.2784423828125,28.264019012451172,-325.2451171875,25.79634666442871,23.451011657714844,120.28300476074219,23.450988832524832,120.28301581819812,2.67528835389053,52.76903137564659,0.9946514964103699,1
83,-326.2784423828125,28.264019012451172,-324.1336364746094,26.13581085205078,23.451011657714844,120.28300476074219,23.450991881983512,120.28302670175444,3.0215000178483944,53.79136838018894,0.746843159198761,1
84,-326.2784423828125,28.264019012451172,-332.55377197265625,26.43694496154785,23.451011657714844,120.28300476074219,23.450994587117243,120.28294425226362,6.53589787624109,53.00436541438103,0.9352900385856628,1
85,-336.1232604980469,29.13231086730957,-333.0384216308594,24.266990661621094,23.451019287109375,120.28290557861328,23.45097509408611,120.28293950660156,5.760865520075193,54.02546375989914,0.9427322745323181,1
86,-336.1232604980469,29.13231086730957,-337.87689208984375,28.59113883972168,23.451019287109375,120.28290557861328,23.451013938570103,120.28289212857234,1.8352359312065656,54.34590112417936,0.9245933294296265,1
87,-336.1232604980469,29.13231086730957,-340.9352111816406,28.448421478271484,23.451019287109375,120.28290557861328,23.45101265651823,120.28286218168468,4.860305965448806,54.92889042943716,0.9849808216094971,1
88,-346.0498046875,30.067394256591797,-344.50830078125,29.605857849121094,23.451026916503906,120.2828140258789,23.451023053946052,120.28282719419329,1.609114709523523,55.11107109487057,0.8560693264007568,1
89,-346.0498046875,30.067394256591797,-347.1275939941406,28.753238677978516,23.451026916503906,120.2828140258789,23.451015394737723,120.28280154622222,1.6995983861810668,54.65915333479643,0.9795711040496826,1
90,-346.0498046875,30.067394256591797,-348.76873779296875,32.38313674926758,23.451026916503906,120.2828140258789,23.451048002666898,120.2827854762349,3.57145075906111,55.007677525281906,0.9641749262809753,1
91,-356.03759765625,31.113798141479492,-357.30706787109375,31.55500030517578,23.45103645324707,120.28271484375,23.451040563390645,120.28270186938944,1.3439546032607366,60.25810446590185,0.9564138054847717,1
92,-356.03759765625,31.113798141479492,-356.7523193359375,31.014558792114258,23.45103645324707,120.28271484375,23.451035708521932,120.28270730145574,0.7215784973776286,54.93386462330818,0.976330041885376,1
93,-356.03759765625,31.113798141479492,-350.6121520996094,31.455780029296875,23.45103645324707,120.28271484375,23.451039672079744,120.28276742562623,5.436212937299885,54.37523126602173,0.5810587406158447,1
94,-366.0764465332031,32.11567306518555,-358.2847595214844,31.957748413085938,23.451045989990234,120.2826156616211,23.451044181338457,120.28269229588807,7.793287283574721,54.46257721632719,0.9889399409294128,1
95,-366.0764465332031,32.11567306518555,-362.9472351074219,27.265439987182617,23.451045989990234,120.2826156616211,23.45100202961469,120.2826466411907,5.772064193873254,54.52683940529823,0.9528766870498657,1
96,-366.0764465332031,32.11567306518555,-366.3253479003906,29.7821044921875,23.451045989990234,120.2826156616211,23.451024637196586,120.28261356290119,2.346805099592198,54.20237500220537,0.6375583410263062,1
97,-376.074462890625,33.0618896484375,-366.745361328125,28.27759552001953,23.451053619384766,120.28251647949219,23.451011121962537,120.28260945015344,10.484350541194939,54.36629056930542,0.7367657423019409,1
98,-376.074462890625,33.0618896484375,-373.79388427734375,31.33833885192871,23.451053619384766,120.28251647949219,23.451038617087697,120.28254043141517,2.858612628444419,55.235219188034534,0.9890210032463074,1
99,-376.074462890625,33.0618896484375,-378.59478759765625,30.710147857666016,23.451053619384766,120.28251647949219,23.451032973951982,120.28249342124124,3.447133023156087,54.74687088280916,0.9729300737380981,1
100,-386.01123046875,33.930179595947266,-378.6368408203125,33.20673751831055,23.451061248779297,120.28241729736328,23.451055401198484,120.28249300945846,7.40979022150273,54.60706818848848,0.6551533341407776,1
101,-386.01123046875,33.930179595947266,-386.5984802246094,33.88783264160156,23.451061248779297,120.28241729736328,23.451061519580076,120.28241504953549,0.5887746090816524,54.85125724226236,0.9865745902061462,1
102,-386.01123046875,33.930179595947266,-388.73748779296875,34.249610900878906,23.451061248779297,120.28241729736328,23.451064769489474,120.28239410449429,2.7449071671782836,54.62630186229944,0.9718135595321655,1
103,-395.8560485839844,34.84300231933594,-390.61505126953125,37.195587158203125,23.45107078552246,120.2823257446289,23.451091233644462,120.28237571949886,5.744798366711631,54.30055782198906,0.9708026647567749,1
104,-395.8560485839844,34.84300231933594,-390.1866149902344,37.53912353515625,23.45107078552246,120.2823257446289,23.45109431968424,120.28237991472268,6.27786164902807,55.89695740491152,0.7181806564331055,1
105,-395.8560485839844,34.84300231933594,-397.4978942871094,37.978294372558594,23.45107078552246,120.2823257446289,23.451098264822996,120.28230832308911,3.5391684859400474,54.85284049063921,0.9629212617874146,1
106,-405.7723693847656,35.70016098022461,-404.9342956542969,36.03586196899414,23.451078414916992,120.2822265625,23.451080815655832,120.28223550626728,0.9028082473940122,55.53801637142897,0.9451064467430115,1
107,-405.7723693847656,35.70016098022461,-402.3804626464844,33.82103729248047,23.451078414916992,120.2822265625,23.451060919547245,120.28226051325574,3.8776458264053573,54.67963218688965,0.7592727541923523,1
108,-415.7295227050781,36.62411117553711,-405.037841796875,31.393932342529297,23.451086044311523,120.2821273803711,23.45103911649252,120.28223449234932,11.902386788710832,54.49265614151955,0.5355129241943359,1
109,-415.7295227050781,36.62411117553711,-408.3786926269531,37.195106506347656,23.451086044311523,120.2821273803711,23.451091229326693,120.28220177892685,7.372973518552378,55.380143225193024,0.9478439092636108,1
110,-415.7295227050781,36.62411117553711,-410.0240173339844,36.07217025756836,23.451086044311523,120.2821273803711,23.451081141818737,120.28218566800032,5.732140116615069,54.24168054014444,0.48011788725852966,1
111,-425.7071228027344,37.63711929321289,-418.6328125,35.39348602294922,23.451095581054688,120.28203582763672,23.451075045094527,120.2821013711647,7.421573721981598,54.49150130152702,0.9423447847366333,1
112,-425.7071228027344,37.63711929321289,-417.43695068359375,35.87076187133789,23.451095581054688,120.28203582763672,23.45107933253642,120.282113080976,8.456699440208563,55.211314000189304,0.61240154504776,1
113,-425.7071228027344,37.63711929321289,-423.2937316894531,36.116336822509766,23.451095581054688,120.28203582763672,23.451081538573742,120.28205573170746,2.852584089709331,54.59144897758961,0.6111180782318115,1
114,-435.776611328125,38.627864837646484,-429.4869384765625,38.297119140625,23.45110321044922,120.28193664550781,23.45110112887462,120.2819950881767,6.298363064779656,54.533701390028,0.9539393782615662,1
115,-435.776611328125,38.627864837646484,-434.9507751464844,35.929927825927734,23.45110321044922,120.28193664550781,23.451079864033233,120.28194158659689,2.821501287986356,55.41503522545099,0.8197444677352905,1
116,-435.776611328125,38.627864837646484,-436.9729309082031,38.655670166015625,23.45110321044922,120.28193664550781,23.45110434979328,120.28192178576198,1.196642667618039,54.86705247312784,0.9205731749534607,1
117,-445.7133483886719,39.57407760620117,-438.85595703125,37.217018127441406,23.451112747192383,120.2818374633789,23.451091426162133,120.28190334727663,7.251175464381999,56.58285319805145,0.5795350670814514,1
118,-445.7133483886719,39.57407760620117,-450.4052429199219,38.7878303527832,23.451112747192383,120.2818374633789,23.451105537008438,120.28179025732207,4.757316369118303,55.31496275216341,0.941980242729187,1
119,-445.7133483886719,39.57407760620117,-443.3925476074219,40.20641326904297,23.451112747192383,120.2818374633789,23.451118280355594,120.28185892523815,2.4054032212400864,67.93831940740347,0.9760512709617615,1
120,-455.5990295410156,40.475765228271484,-453.42718505859375,43.536865234375,23.451120376586914,120.28173828125,23.451148198314627,120.28176066663548,3.753297444007507,55.361160077154636,0.8572310209274292,1
121,-455.5990295410156,40.475765228271484,-456.6923522949219,42.86276626586914,23.451120376586914,120.28173828125,23.451142142780565,120.28172869430247,2.625476832444239,55.375839583575726,0.9124417304992676,1
122,-455.5990295410156,40.475765228271484,-451.71112060546875,44.617374420166016,23.451120376586914,120.28173828125,23.45115790469379,120.2817774702416,5.680560059491539,55.62947038561106,0.9444646239280701,1
123,-465.55621337890625,41.35519027709961,-452.6424255371094,41.650447845458984,23.451128005981445,120.2816390991211,23.4511312523389,120.28176835095634,12.9171627478566,56.257775984704494,0.8804738521575928,1
124,-465.55621337890625,41.35519027709961,-463.2384033203125,43.278411865234375,23.451128005981445,120.2816390991211,23.45114587658851,120.28166459574086,3.011814194930685,55.21199107170105,0.9943126440048218,1
125,-465.55621337890625,41.35519027709961,-460.9945983886719,42.485496520996094,23.451128005981445,120.2816390991211,23.451138753708783,120.28168656695192,4.699566312344398,54.70284540206194,0.9410212635993958,1
126,-475.5235900878906,42.29027557373047,-464.1481018066406,42.25013732910156,23.45113754272461,120.28154754638672,23.451136639441188,120.28165568802471,11.375559094635214,54.53409720212221,0.9534724950790405,1
127,-475.5235900878906,42.29027557373047,-472.8082580566406,38.99898147583008,23.45113754272461,120.28154754638672,23.45110743381125,120.28157088826426,4.266807340249404,55.678059346973896,0.994533896446228,1
128,-485.43988037109375,43.314414978027344,-482.56353759765625,38.86488342285156,23.451147079467773,120.28144836425781,23.451106229187943,120.28147536511845,5.298271304002008,54.42687124013901,0.9936639070510864,1
129,-485.43988037109375,43.314414978027344,-482.52569580078125,39.174774169921875,23.451147079467773,120.28144836425781,23.45110901298389,120.28147573566318,5.062518911567595,57.352716103196144,0.9961087107658386,1
130,-485.43988037109375,43.314414978027344,-487.41204833984375,41.36954879760742,23.451147079467773,120.28144836425781,23.45112872897982,120.28142788877534,2.7698286872484874,56.31800275295973,0.8842966556549072,1
131,-495.4583435058594,44.41647720336914,-490.0232849121094,39.53805160522461,23.451156616210938,120.2813491821289,23.451112276360615,120.28140231969444,7.303348426176007,55.47796934843063,0.9253711700439453,1
132,-495.4583435058594,44.41647720336914,-491.0704345703125,43.145240783691406,23.451156616210938,120.2813491821289,23.45114468029233,120.28139206606417,4.5683461844924995,55.93949928879738,0.9570648074150085,1
133,-495.4583435058594,44.41647720336914,-490.415771484375,44.39165496826172,23.451156616210938,120.2813491821289,23.451155877021453,120.2813984764881,5.042633115269516,56.11538141965866,0.5352360010147095,1
134,-505.52783203125,45.32929611206055,-496.1740417480469,44.91310501098633,23.45116424560547,120.28125,23.451160561286887,120.28134209183119,9.36304478760828,54.2712053284049,0.96549391746521,1
135,-505.52783203125,45.32929611206055,-502.57904052734375,44.259002685546875,23.45116424560547,120.28125,23.451154685385724,120.2812793744452,3.137020776524768,54.47083804756403,0.9890774488449097,1
136,-505.52783203125,45.32929611206055,-507.930908203125,45.39810562133789,23.45116424560547,120.28125,23.4511649181215,120.28122696925946,2.4040611132831864,54.50221337378025,0.9902727007865906,1
137,-515.5360717773438,46.1085319519043,-512.203125,43.83708190917969,23.451171875,120.2811508178711,23.451150895206904,120.28118513595409,4.033363300918939,54.16024196892977,0.9897491335868835,1
138,-515.5360717773438,46.1085319519043,-517.5149536132812,45.07400894165039,23.451171875,120.2811508178711,23.45116200671149,120.28113312282858,2.232982574797254,54.43934723734856,0.9480974674224854,1
139,-515.5360717773438,46.1085319519043,-519.7191772460938,43.2214469909668,23.451171875,120.2811508178711,23.451145364864338,120.28111153919536,5.082679503407395,54.923247545957565,0.8710833787918091,1
140,-525.2991943359375,46.93229675292969,-518.4517822265625,45.61309051513672,23.45117950439453,120.28105926513672,23.451166849363656,120.28112394945575,6.973331893252125,55.123898200690746,0.5053419470787048,1
141,-525.2991943359375,46.93229675292969,-517.8973999023438,45.893287658691406,23.45117950439453,120.28105926513672,23.451169366417425,120.28112937793613,7.474362898273623,53.7207443267107,0.59540855884552,1
142,-525.2991943359375,46.93229675292969,-521.50732421875,49.46230697631836,23.45117950439453,120.28105926513672,23.451201427463445,120.28109402976129,4.558424148329194,56.24550674110651,0.9396260976791382,1
143,-535.021484375,47.91190719604492,-538.6058349609375,49.93882751464844,23.451187133789062,120.28096008300781,23.451205708120273,120.28092660211065,4.117763361447362,57.15491995215416,0.9948148131370544,1
144,-535.021484375,47.91190719604492,-538.2313842773438,46.77625274658203,23.451187133789062,120.28096008300781,23.451177298227762,120.28093026871058,3.4048742137781356,55.508583784103394,0.9965325593948364,1
145,-535.021484375,47.91190719604492,-533.8756103515625,46.42634963989258,23.451187133789062,120.28096008300781,23.451174154994675,120.28097292020263,1.8761419269954414,57.33712390065193,0.4062700569629669,1
146,-544.947998046875,49.203216552734375,-536.80859375,51.94596481323242,23.45119857788086,120.2808609008789,23.4512237385414,120.280944200595,8.589096013461036,54.010139778256416,0.7873559594154358,1
147,-544.947998046875,49.203216552734375,-536.5172729492188,51.97993850708008,23.45119857788086,120.2808609008789,23.451224043732285,120.28094705319181,8.87622163333005,53.40307857841253,0.7909141778945923,1
148,-555.058349609375,50.48339080810547,-552.9551391601562,50.33638381958008,23.451210021972656,120.28076171875,23.451209279429325,120.28078609453507,2.108341824367728,53.239270113408566,0.9770456552505493,1
149,-555.058349609375,50.48339080810547,-553.4694213867188,53.259586334228516,23.451210021972656,120.28076171875,23.4512355390043,120.28078105871259,3.1987426429800774,54.55000512301922,0.959122896194458,1
150,-555.058349609375,50.48339080810547,-550.360595703125,51.071807861328125,23.451210021972656,120.28076171875,23.451215885855895,120.28081150015794,4.734461573633307,54.725032299757004,0.8855524659156799,1
151,-565.1278686523438,51.78582763671875,-558.4413452148438,50.249534606933594,23.451221466064453,120.28067016601562,23.451208499249574,120.28073237391551,6.860742813544555,55.17119728028774,0.9552090764045715,1
152,-565.1278686523438,51.78582763671875,-564.7030029296875,51.4727668762207,23.451221466064453,120.28067016601562,23.451219487732008,120.28067106011714,0.527747972096372,54.77483104914427,0.9819252490997314,1
153,-565.1278686523438,51.78582763671875,-569.15478515625,50.86311340332031,23.451221466064453,120.28067016601562,23.45121401112168,120.28062746851722,4.131278020897238,55.01375254243612,0.932780385017395,1
154,-575.0543823242188,53.12166213989258,-572.1256103515625,51.20181655883789,23.451234817504883,120.28057098388672,23.451217053743896,120.28059837836486,3.501929799826375,54.05006092041731,0.8180309534072876,1
155,-575.0543823242188,53.12166213989258,-575.7794799804688,54.95662307739258,23.451234817504883,120.28057098388672,23.45125078374474,120.28056259988,1.9730302210686288,54.73555438220501,0.9379923343658447,1
156,-575.0543823242188,53.12166213989258,-571.203369140625,51.968162536621094,23.451234817504883,120.28057098388672,23.451223937946942,120.28060740889866,4.020057695476564,54.691205732524395,0.9853074550628662,1
157,-584.8276977539062,54.34617614746094,-583.9140625,52.062355041503906,23.451244354248047,120.28047180175781,23.45122478409261,120.2804829465078,2.459790279921265,54.72910776734352,0.9947733283042908,1
158,-584.8276977539062,54.34617614746094,-586.1554565429688,51.67164993286133,23.451244354248047,120.28047180175781,23.451221274328905,120.28046099890403,2.9859728522733144,54.230338893830776,0.9981156587600708,1
159,-584.8276977539062,54.34617614746094,-589.9598388671875,52.513877868652344,23.451244354248047,120.28047180175781,23.451228840191177,120.28042374660737,5.449421014122201,54.73247356712818,0.9039130806922913,1
160,-594.662353515625,55.5595588684082,-595.68359375,51.356563568115234,23.451255798339844,120.28038024902344,23.451218443859933,120.28036769992312,4.325286246087198,53.899010643363,0.9945408701896667,1
161,-594.662353515625,55.5595588684082,-593.3253784179688,52.48279571533203,23.451255798339844,120.28038024902344,23.451228560975444,120.28039079143434,3.3546943097516597,54.91914972662926,0.7507134079933167,1
162,-594.662353515625,55.5595588684082,-599.4251708984375,53.95344543457031,23.451255798339844,120.28038024902344,23.45124177204665,120.28033106261118,5.026333632417913,53.63887455314398,0.9750223755836487,1
163,-604.6399536132812,56.77294158935547,-605.1251831054688,51.85615158081055,23.45126724243164,120.28028106689453,23.45122293173541,120.28027524841386,4.940675221891813,54.96255587786436,0.9945409893989563,1
164,-604.6399536132812,56.77294158935547,-604.5451049804688,51.60894775390625,23.45126724243164,120.28028106689453,23.45122071106565,120.28028092850607,5.164864818725068,53.91261074692011,0.40755754709243774,1
165,-604.6399536132812,56.77294158935547,-607.5458374023438,52.87604522705078,23.45126724243164,120.28028106689453,23.451232093595912,120.28025154550382,4.861065917479389,56.31596315652132,0.9242801070213318,1
166,-614.6174926757812,58.18669891357422,-617.998779296875,55.42488479614258,23.45128059387207,120.28018188476562,23.45125499021133,120.28014919088768,4.365858040893256,57.02778697013855,0.9846312403678894,1
167,-614.6174926757812,58.18669891357422,-617.959716796875,54.418739318847656,23.45128059387207,120.28018188476562,23.451245951852727,120.28014957338547,5.036663735362215,57.954397052526474,0.7810164093971252,1
168,-624.564453125,59.53366470336914,-621.7955932617188,58.04584503173828,23.451292037963867,120.28008270263672,23.451278534697718,120.28011201269996,3.1432773211699945,54.34476863592863,0.926013171672821,1
169,-624.564453125,59.53366470336914,-624.8126220703125,56.54143142700195,23.451292037963867,120.28008270263672,23.45126502032037,120.28008247012443,3.0025069201613226,54.06290013343096,0.9722474217414856,1
170,-624.564453125,59.53366470336914,-629.50439453125,57.87967300415039,23.451292037963867,120.28008270263672,23.451277041948995,120.28003652855371,5.209482665127868,54.788162000477314,0.9590134024620056,1
171,-634.3888549804688,60.80270767211914,-636.5540161132812,56.49769973754883,23.451303482055664,120.27999114990234,23.451264627471918,120.27996749905768,4.8188189473931535,54.068492725491524,0.9444049596786499,1
172,-634.3888549804688,60.80270767211914,-637.3303833007812,57.00312423706055,23.451303482055664,120.27999114990234,23.451269167777447,120.27995989691406,4.805145485744645,54.40863315016031,0.508090078830719,1
173,-634.3888549804688,60.80270767211914,-637.5584716796875,56.63788604736328,23.451303482055664,120.27999114990234,23.451265886786967,120.27995766348555,5.23375669915983,54.99616079032421,0.4266723394393921,1
174,-644.2847900390625,62.04948425292969,-636.6922607421875,59.10996627807617,23.45131492614746,120.27989196777344,23.451288093861514,120.27996614537409,8.14169927278035,55.175887420773506,0.6215620040893555,1
175,-644.2847900390625,62.04948425292969,-640.1678466796875,62.67926788330078,23.45131492614746,120.27989196777344,23.45132015744337,120.27993211263305,4.164834936151168,55.527085438370705,0.7811776995658875,1
176,-644.2847900390625,62.04948425292969,-637.0515747070312,60.18482208251953,23.45131492614746,120.27989196777344,23.451297749455488,120.27996262699205,7.46969671735678,55.7760139927268,0.8254378437995911,1
177,-654.2623291015625,63.296260833740234,-642.3084716796875,58.74641418457031,23.451326370239258,120.27979278564453,23.451284828017492,120.27991115175406,12.790457841433152,54.89705968648195,0.7149609327316284,1
178,-654.2623291015625,63.296260833740234,-646.143310546875,64.8548812866211,23.451326370239258,120.27979278564453,23.451339701311095,120.27987360122864,8.267270408514435,54.219876416027546,0.9751826524734497,1
179,-654.2623291015625,63.296260833740234,-649.0316772460938,63.652713775634766,23.451326370239258,120.27979278564453,23.451328902056606,120.27984531850521,5.242783376499924,54.557439871132374,0.7672345042228699,1
180,-664.1990966796875,64.5541763305664,-651.0184936523438,63.6857795715332,23.451337814331055,120.27969360351562,23.451329199091703,120.27982586371127,13.209178971288209,54.021227173507214,0.7419404983520508,1
181,-664.1990966796875,64.5541763305664,-660.2990112304688,66.24947357177734,23.451337814331055,120.27969360351562,23.451352229146746,120.27973498940776,4.2526108741883775,54.38193120062351,0.8927206993103027,1
182,-664.1990966796875,64.5541763305664,-668.7050170898438,67.75390625,23.451337814331055,120.27969360351562,23.451365743695433,120.27965267827356,5.526444634661708,56.33572209626436,0.9706304669380188,1
183,-674.094970703125,65.87887573242188,-668.0343627929688,63.988040924072266,23.45134925842285,120.27960205078125,23.45133191435163,120.27965924528253,6.348718336256147,55.463094264268875,0.7835522294044495,1
184,-674.094970703125,65.87887573242188,-666.762451171875,65.85062408447266,23.45134925842285,120.27960205078125,23.45134864622084,120.27967169976922,7.33257395678861,56.002235040068626,0.3959506154060364,1
185,-674.094970703125,65.87887573242188,-669.121337890625,62.762855529785156,23.45134925842285,120.27960205078125,23.451320908323975,120.27964860168382,5.869123039843077,55.85567373782396,0.9854812026023865,1
186,-683.970458984375,67.28150177001953,-681.5128784179688,63.947059631347656,23.45136070251465,120.27950286865234,23.451331546210415,120.27952726441944,4.14224656636086,55.08100613951683,0.9519276022911072,1
187,-683.970458984375,67.28150177001953,-681.505859375,63.796112060546875,23.45136070251465,120.27950286865234,23.451330190225313,120.27952733314952,4.268746029155317,54.076120257377625,0.9537465572357178,1
188,-693.8663330078125,68.661865234375,-683.1375122070312,63.54159164428711,23.451374053955078,120.27940368652344,23.451327903829515,120.27951135609722,11.888010658332535,52.921464666724205,0.9397947788238525,1
189,-693.8663330078125,68.661865234375,-685.5343017578125,61.63542175292969,23.451374053955078,120.27940368652344,23.45131078041404,120.27948788686943,10.899250100301483,52.55423113703728,0.426586389541626,1
190,-693.8663330078125,68.661865234375,-688.1896362304688,62.21733856201172,23.451374053955078,120.27940368652344,23.451316007861674,120.27946188598438,8.588178522405473,54.167360067367554,0.9060963988304138,1
191,-703.8541259765625,69.97543334960938,-694.4736938476562,64.1124496459961,23.451385498046875,120.27931213378906,23.451333031934194,120.27940035284742,11.061965685801578,54.25751581788063,0.9475851058959961,1
192,-703.8541259765625,69.97543334960938,-696.4390869140625,65.69805145263672,23.451385498046875,120.27931213378906,23.45134727563757,120.27938110782961,8.560303744082349,54.716868326067924,0.886087954044342,1
193,-703.8541259765625,69.97543334960938,-703.656494140625,68.14191436767578,23.451385498046875,120.27931213378906,23.451369229231656,120.27931043538604,1.8441394198071983,53.80947794765234,0.959967315196991,1
194,-713.8317260742188,71.21107482910156,-711.123291015625,66.65847778320312,23.451396942138672,120.27921295166016,23.45135590329409,120.27923732093312,5.297335210173404,53.706941194832325,0.98696368932724,1
195,-713.8317260742188,71.21107482910156,-715.6982421875,67.76677703857422,23.451396942138672,120.27921295166016,23.451365859315693,120.27919252326986,3.9175336209112595,53.42027544975281,0.9710524082183838,1
196,-713.8317260742188,71.21107482910156,-717.114990234375,69.54669952392578,23.451396942138672,120.27921295166016,23.451381848631424,120.27917865055308,3.681028212584834,56.583838537335396,0.569869875907898,1
197,-723.6663208007812,72.48011779785156,-720.4411010742188,71.88531494140625,23.45140838623047,120.27911376953125,23.451402856771157,120.27914608146375,3.2796086233944735,54.803517647087574,0.9964361190795898,1
198,-723.6663208007812,72.48011779785156,-724.2311401367188,72.40550994873047,23.45140838623047,120.27911376953125,23.451407529762413,120.27910896961549,0.5697255597209541,55.45062851160765,0.9990584254264832,1
199,-723.6663208007812,72.48011779785156,-730.73974609375,71.92732238769531,23.45140838623047,120.27911376953125,23.451403234130467,120.27904523771389,7.094993174112282,54.031494073569775,0.9096382856369019,1
200,-733.5213623046875,73.76029205322266,-733.53466796875,74.58685302734375,23.451419830322266,120.27901458740234,23.45142712510069,120.27901786999688,0.8266680619427338,54.3680926784873,0.7859265804290771,1
201,-733.5213623046875,73.76029205322266,-735.247314453125,76.7521743774414,23.451419830322266,120.27901458740234,23.451446576513327,120.27900109985931,3.4540223885592596,53.9450803771615,0.654167890548706,1
202,-733.5213623046875,73.76029205322266,-732.04248046875,75.9773178100586,23.451419830322266,120.27901458740234,23.45143961585835,120.27903248141253,2.665013075228681,53.29967848956585,0.3672099709510803,1
203,-743.3866577148438,75.04046630859375,-735.0607299804688,72.64129638671875,23.451431274414062,120.27892303466797,23.451409647868026,120.27900292688392,8.664703627479968,54.42008189857006,0.7118978500366211,1
204,-743.3866577148438,75.04046630859375,-741.0888671875,75.02366638183594,23.451431274414062,120.27892303466797,23.451431049061817,120.27894389970515,2.2978519415074894,53.60079649835825,0.878896951675415,1
205,-752.99658203125,76.28724670410156,-741.0179443359375,73.28134155273438,23.45144271850586,120.27882385253906,23.451415397491576,120.27894459417772,12.350029425656336,54.52425591647625,0.8996556401252747,1
206,-752.99658203125,76.28724670410156,-744.2781982421875,71.40913391113281,23.45144271850586,120.27882385253906,23.45139857916418,120.27891266995576,9.990305316371126,53.6839310079813,0.9594200849533081,1
207,-752.99658203125,76.28724670410156,-747.9588012695312,73.20304107666016,23.45144271850586,120.27882385253906,23.451414694106433,120.27887662969897,5.906907765953755,54.51982654631138,0.9881582856178284,1
208,-760.6763916015625,77.27799224853516,-750.732177734375,73.48104095458984,23.45145034790039,120.27875518798828,23.451417191421825,120.2788494729534,10.644445902204453,53.198122419416904,0.8883254528045654,1
209,-760.6763916015625,77.27799224853516,-756.6796264648438,72.61986541748047,23.45145034790039,120.27875518798828,23.45140945535035,120.27879123587164,6.137774607484544,53.94716840237379,0.828661322593689,1
210,-760.6763916015625,77.27799224853516,-759.2354125976562,72.63392639160156,23.45145034790039,120.27875518798828,23.451409581662233,120.2787662097583,4.862485801854335,54.34586014598608,0.6606185436248779,1
211,-764.7205200195312,77.70100402832031,-757.8928833007812,77.75248718261719,23.451454162597656,120.2787094116211,23.451455562476145,120.27877935572928,6.8278308179391525,54.3163875117898,0.994556188583374,1
212,-764.7205200195312,77.70100402832031,-762.1744995117188,77.48513793945312,23.451454162597656,120.2787094116211,23.451453160837033,120.27873743038538,2.555155297535678,53.15040610730648,0.7880594730377197,1
213,-764.7205200195312,77.70100402832031,-768.2736206054688,80.80355072021484,23.451454162597656,120.2787094116211,23.451482970646232,120.2786777081364,4.717024459251309,53.07640694081783,0.945134699344635,1
214,-764.5673217773438,77.7789306640625,-763.4900512695312,78.35841369628906,23.45145606994629,120.27871704101562,23.451461005606628,120.27872454857693,1.2232384606613271,54.41879015415907,0.7898974418640137,1
215,-764.5673217773438,77.7789306640625,-762.5716552734375,77.19589233398438,23.45145606994629,120.27871704101562,23.45145056249955,120.2787335414586,2.079090784250097,55.257296189665794,0.9090193510055542,1
216,-764.5673217773438,77.7789306640625,-766.3364868164062,80.90554809570312,23.45145606994629,120.27871704101562,23.451483886904246,120.27869667644096,3.592447842249075,53.30943502485752,0.9945976734161377,1
217,-762.8414306640625,78.0015640258789,-766.06591796875,78.97530364990234,23.451457977294922,120.27873229980469,23.45146654722337,120.27869932583582,3.3683062855809545,54.072389379143715,0.9467405676841736,1
218,-762.8414306640625,78.0015640258789,-763.4666748046875,80.21319580078125,23.451457977294922,120.27873229980469,23.45147766739776,120.27872477747795,2.298313586772611,53.74304577708244,0.9757046699523926,1
219,-762.8414306640625,78.0015640258789,-766.7119750976562,77.60391235351562,23.451457977294922,120.27873229980469,23.451454227805748,120.27869299968094,3.890917766408959,52.98283137381077,0.9346222877502441,1
220,-760.9010620117188,77.66761016845703,-759.3623657226562,76.40453338623047,23.451454162597656,120.27874755859375,23.45144345360117,120.27876496664048,1.9907157576546473,53.03226597607136,0.7686196565628052,1
221,-760.9010620117188,77.66761016845703,-761.579833984375,76.87705993652344,23.451454162597656,120.27874755859375,23.451447698379393,120.2787432533166,1.0419697980622642,52.80095059424639,0.8734128475189209,1
222,-760.9010620117188,77.66761016845703,-764.160400390625,78.66010284423828,23.451454162597656,120.27874755859375,23.451463715726355,120.27871798455624,3.4070997020472777,56.023335084319115,0.9181293249130249,1
223,-758.3172607421875,76.98856353759766,-758.6713256835938,78.2199935913086,23.451448440551758,120.27877807617188,23.45145976215767,120.27877173326547,1.2813203970574782,56.74029979854822,0.9947054982185364,1
224,-758.3172607421875,76.98856353759766,-758.3671264648438,77.9234848022461,23.451448440551758,120.27877807617188,23.451457098573897,120.27877471196703,0.9362501596196732,55.636429227888584,0.7548048496246338,1
225,-754.1097412109375,76.62120819091797,-753.233642578125,79.76374816894531,23.451444625854492,120.27881622314453,23.45147362994099,120.27882497875106,3.2623774042737654,55.77309615910053,0.991219699382782,1
226,-754.1097412109375,76.62120819091797,-750.5762939453125,74.79033660888672,23.451444625854492,120.27881622314453,23.451428953024802,120.27885099935865,3.979615600638132,55.833494290709496,0.8019306659698486,1
227,-754.1097412109375,76.62120819091797,-751.2593994140625,73.8534164428711,23.451444625854492,120.27881622314453,23.451420536527753,120.27884431042852,3.973049146382282,55.4052023217082,0.8841066360473633,1
228,-747.4716186523438,75.93102264404297,-748.6223754882812,77.32832336425781,23.451438903808594,120.27888488769531,23.451451752147737,120.27887013201773,1.8101631413134582,56.88245967030525,0.9953855872154236,1
229,-747.4716186523438,75.93102264404297,-746.9654541015625,74.1968765258789,23.451438903808594,120.27888488769531,23.45142362188217,120.27888635649829,1.8065063829422445,57.22120776772499,0.9635790586471558,1
230,-747.4716186523438,75.93102264404297,-746.5482788085938,78.69425964355469,23.451438903808594,120.27888488769531,23.451464022562103,120.27889044145518,2.913423275551769,57.090241461992264,0.9976891279220581,1
231,-738.7706298828125,75.16291809082031,-741.09423828125,79.39987182617188,23.451433181762695,120.27896881103516,23.451470361184185,120.2789438471117,4.83228030486631,56.512932293117046,0.9789997339248657,1
232,-738.7706298828125,75.16291809082031,-742.5029296875,80.7488021850586,23.451433181762695,120.27896881103516,23.45148247883177,120.2789300532851,6.718047554634796,58.02197940647602,0.8314511775970459,1
233,-738.7706298828125,75.16291809082031,-742.80517578125,81.16996002197266,23.451433181762695,120.27896881103516,23.45148626215699,120.27892709370843,7.236167035746296,57.179614901542664,0.9594016671180725,1
234,-729.5181274414062,74.22783660888672,-729.5270385742188,83.04654693603516,23.45142364501953,120.27906036376953,23.45150311982406,120.27905711247736,8.818714829409243,57.390875183045864,0.9281267523765564,1
235,-729.5181274414062,74.22783660888672,-730.33203125,81.86437225341797,23.45142364501953,120.27906036376953,23.4514925001682,120.27904923003459,7.679786198836509,56.45588133484125,0.9351488947868347,1
236,-729.5181274414062,74.22783660888672,-733.67041015625,82.66790008544922,23.45142364501953,120.27906036376953,23.45149971838153,120.27901654081705,9.406174739626861,56.72329943627119,0.8189111948013306,1
237,-720.1226196289062,73.3261489868164,-731.3894653320312,80.3891830444336,23.451416015625,120.2791519165039,23.45147924831807,120.27903887569983,13.297678827415204,57.365816086530685,0.45958197116851807,1
238,-720.1226196289062,73.3261489868164,-723.6914672851562,74.23540496826172,23.451416015625,120.2791519165039,23.451423967989058,120.27911425406155,3.6828548754078265,57.66074266284704,0.7778736352920532,1
239,-720.1226196289062,73.3261489868164,-726.3493041992188,74.65386199951172,23.451416015625,120.2791519165039,23.45142772705253,120.27908822867273,6.366664949740031,54.98167499899864,0.9518070816993713,1
240,-710.696533203125,72.3465347290039,-713.7894287109375,77.8221206665039,23.451406478881836,120.27924346923828,23.451456188004375,120.27921121426353,6.288723557383842,55.54770119488239,0.9887145161628723,1
241,-710.696533203125,72.3465347290039,-714.3037109375,77.18367004394531,23.451406478881836,120.27924346923828,23.45145045270485,120.27920617844103,6.034037558917252,55.61949498951435,0.97989422082901,1
242,-710.696533203125,72.3465347290039,-709.6038208007812,78.53248596191406,23.451406478881836,120.27924346923828,23.451462569324395,120.27925219949957,6.281720548558216,56.30385596305132,0.9557487964630127,1
243,-701.12744140625,71.34465789794922,-709.5477905273438,76.4726791381836,23.451398849487305,120.27933502197266,23.451444065764875,120.27925274814484,9.858949292972309,55.91423902660608,0.9232959151268005,1
244,-701.12744140625,71.34465789794922,-703.9672241210938,74.88542938232422,23.451398849487305,120.27933502197266,23.45142980725772,120.27930739273563,4.538879660454601,56.337895803153515,0.9085246324539185,1
245,-701.12744140625,71.34465789794922,-704.1859741210938,76.07640075683594,23.451398849487305,120.27933502197266,23.451440505935608,120.279305250748,5.634182536126686,56.0564287006855,0.8148747682571411,1
246,-691.4153442382812,70.35391998291016,-702.0745849609375,77.9931869506836,23.45138931274414,120.27942657470703,23.45145772471895,120.2793259253513,13.11403113418783,56.35387171059847,0.9373099207878113,1
247,-691.4153442382812,70.35391998291016,-690.1846923828125,72.71694946289062,23.45138931274414,120.27942657470703,23.451410327471173,120.27944235050731,2.66428457801066,56.23795371502638,0.9978650212287903,1
248,-691.4153442382812,70.35391998291016,-692.9351196289062,72.18446350097656,23.45138931274414,120.27942657470703,23.45140554406839,120.27941541847919,2.3792029777814894,55.72441592812538,0.9107367992401123,1
249,-681.5909423828125,69.38543701171875,-685.698486328125,66.99449920654297,23.451379776000977,120.27952575683594,23.451358921825893,120.2794862791834,4.75273614362213,56.5153444185853,0.9877786040306091,1
250,-681.5909423828125,69.38543701171875,-685.04833984375,65.93978881835938,23.451379776000977,120.27952575683594,23.451349447201274,120.27949264538101,4.881197463256101,55.88616896420717,0.2686140239238739,1
251,-681.5909423828125,69.38543701171875,-686.1954345703125,64.01788330078125,23.451379776000977,120.27952575683594,23.45133218243026,120.2794814130943,7.0719149559753225,55.84681034088135,0.945197582244873,1
252,-671.807373046875,68.33903503417969,-682.4268798828125,65.2426986694336,23.451370239257812,120.27962493896484,23.45134318513392,120.27951831456878,11.061700787951748,57.41321947425604,0.6428517699241638,1
253,-671.807373046875,68.33903503417969,-676.579345703125,64.28250122070312,23.451370239257812,120.27962493896484,23.451334559533482,120.2795755732929,6.263161311340815,56.68863095343113,0.915642261505127,1
254,-662.0545043945312,67.27037048339844,-665.9671020507812,68.9654769897461,23.45136070251465,120.27971649169922,23.451376627420565,120.27967948778286,4.264012955838097,54.55986224114895,0.9969526529312134,1
255,-662.0545043945312,67.27037048339844,-665.5269165039062,67.69461059570312,23.45136070251465,120.27971649169922,23.451365211033508,120.27968379805485,3.4982317719417093,56.35880399495363,0.9855859875679016,1
256,-662.0545043945312,67.27037048339844,-662.958251953125,66.93852996826172,23.45136070251465,120.27971649169922,23.451358419045672,120.27970895027292,0.9627449180080705,56.0768386349082,0.9820451140403748,1
257,-652.2198486328125,66.22396850585938,-657.7172241210938,66.20330047607422,23.451351165771484,120.27981567382812,23.45135181436677,120.27976027012119,5.497414340088503,55.7462340220809,0.9870063066482544,1
258,-652.2198486328125,66.22396850585938,-655.538818359375,66.356689453125,23.451351165771484,120.27981567382812,23.451353192283392,120.27978160094726,3.32162232887507,54.82098180800676,0.7869541049003601,1
259,-652.2198486328125,66.22396850585938,-655.7802734375,63.438507080078125,23.451351165771484,120.27981567382812,23.451326977805117,120.27977923663279,4.520555291592985,55.22236041724682,0.8455003499984741,1
260,-642.2831420898438,65.18869018554688,-647.9446411132812,60.95938491821289,23.451343536376953,120.27991485595703,23.451304707471827,120.27985596270157,7.0667951885336775,54.01038285344839,0.9311920404434204,1
261,-642.2831420898438,65.18869018554688,-642.4237060546875,65.89582061767578,23.451343536376953,120.27991485595703,23.451349052228206,120.27991002338557,0.72096579409526,54.99389301985502,0.9762129783630371,1
262,-642.2831420898438,65.18869018554688,-646.0064697265625,65.49345397949219,23.451343536376953,120.27991485595703,23.451345437707197,120.27987494116623,3.735779658980649,53.49693261086941,0.851954460144043,1
263,-632.3055419921875,64.16455078125,-640.0059204101562,63.3521842956543,23.45133399963379,120.2800064086914,23.451326202354352,120.27993369820594,7.743110943725268,56.65815155953169,0.7657635807991028,1
264,-632.3055419921875,64.16455078125,-635.0905151367188,66.147705078125,23.45133399963379,120.2800064086914,23.451351314944812,120.27998182957651,3.418914503314473,54.630933329463005,0.6441752910614014,1
265,-632.3055419921875,64.16455078125,-639.6547241210938,66.96809387207031,23.45133399963379,120.2800064086914,23.451358684622736,120.27993713710013,7.865769627056295,55.67484442144632,0.7546766400337219,1
266,-622.40966796875,63.1181526184082,-624.3446044921875,64.27339935302734,23.451324462890625,120.28010559082031,23.45133447777001,120.28008705292609,2.2535692506733818,54.45832386612892,0.9139623641967773,1
267,-622.40966796875,63.1181526184082,-624.41162109375,64.9215316772461,23.451324462890625,120.28010559082031,23.451340300041743,120.28008639670331,2.6944372964595598,57.10901692509651,0.8264784216880798,1
268,-622.40966796875,63.1181526184082,-623.7387084960938,59.081607818603516,23.451324462890625,120.28010559082031,23.45128783911314,120.28009298582543,4.249710889478533,55.674231611192226,0.9643840789794922,1
269,-612.5648193359375,62.071746826171875,-616.9328002929688,58.638648986816406,23.45131492614746,120.28020477294922,23.45128385994625,120.28015962889383,5.555665434092916,54.967266507446766,0.9418151378631592,1
270,-612.5648193359375,62.071746826171875,-614.6597290039062,58.762699127197266,23.45131492614746,120.28020477294922,23.451284974307622,120.2801818866794,3.9164324571015,53.81182301789522,0.9626924991607666,1
271,-612.5648193359375,62.071746826171875,-616.3822021484375,57.5704460144043,23.45131492614746,120.28020477294922,23.451274264115685,120.28016502031974,5.902043759172739,52.874498069286346,0.9263099431991577,1
272,-602.6383056640625,61.06987380981445,-609.4493408203125,62.0061149597168,23.451305389404297,120.2802963256836,23.451314110407772,120.28023290650596,6.8750816279113325,80.54566569626331,0.8899914026260376,1
273,-602.6383056640625,61.06987380981445,-609.8248291015625,62.24695587158203,23.451305389404297,120.2802963256836,23.451316273918493,120.28022922974593,7.282282698293979,80.38133755326271,0.9439550042152405,1
274,-602.6383056640625,61.06987380981445,-601.932861328125,61.11956787109375,23.451305389404297,120.2802963256836,23.451306146419775,120.28030650744824,0.7071924849945246,80.49128577113152,0.6382434368133545,1
275,-592.6810913085938,60.067996978759766,-594.405517578125,61.10164260864258,23.451295852661133,120.2803955078125,23.451305985394402,120.28038021477273,2.0104898028155476,66.64200965315104,0.8019812107086182,1
276,-592.6810913085938,60.067996978759766,-598.8373413085938,60.834293365478516,23.451295852661133,120.2803955078125,23.451303583755287,120.28033681860529,6.203758877873819,63.634855672717094,0.9958551526069641,1
277,-582.6729125976562,59.07725524902344,-592.6931762695312,62.440731048583984,23.4512882232666,120.2804946899414,23.451318014630527,120.28039698192204,10.569704513756632,62.13811691850424,0.7698150873184204,1
278,-582.6729125976562,59.07725524902344,-592.453857421875,59.890750885009766,23.4512882232666,120.2804946899414,23.451295107768974,120.28039932531867,9.814716338447095,62.315731309354305,0.8614025115966797,1
279,-582.6729125976562,59.07725524902344,-583.7369995117188,60.472652435302734,23.4512882232666,120.2804946899414,23.45130033507954,120.28048468029857,1.7548259936971624,61.59601826220751,0.7080576419830322,1
280,-572.7259521484375,58.064247131347656,-580.5800170898438,57.2397346496582,23.451278686523438,120.28059387207031,23.451271293284947,120.28051559329198,7.897224635040368,51.77363380789757,0.9642958045005798,1
281,-572.7259521484375,58.064247131347656,-579.2865600585938,59.6282844543457,23.451278686523438,120.28059387207031,23.451292749992913,120.28052825875012,6.744463573816352,52.7257090434432,0.6164367198944092,1
282,-572.7259521484375,58.064247131347656,-579.8963012695312,59.8563232421875,23.451278686523438,120.28059387207031,23.451294798500196,120.28052228819865,7.390902739544932,52.93639004230499,0.9455490708351135,1
283,-562.8300170898438,56.98444747924805,-563.1517944335938,57.116050720214844,23.451269149780273,120.28069305419922,23.451270182213307,120.28068624946305,0.34764935205429404,53.14194690436125,0.9561262130737305,1
284,-562.8300170898438,56.98444747924805,-564.4987182617188,56.4239501953125,23.451269149780273,120.28069305419922,23.451263964968508,120.28067306046106,1.7603183820877755,52.91905626654625,0.6898249387741089,1
285,-562.8300170898438,56.98444747924805,-558.0169677734375,53.71177673339844,23.451269149780273,120.28069305419922,23.45123960109977,120.28073652939544,5.8202935950773576,53.64521313458681,0.739290177822113,1
286,-552.9035034179688,55.94917678833008,-557.3580932617188,55.43333053588867,23.45125961303711,120.2807846069336,23.4512550660807,120.28074298105741,4.484358151642049,53.13018336892128,0.20265768468379974,1
287,-552.9035034179688,55.94917678833008,-550.6494140625,52.23152542114258,23.45125961303711,120.2807846069336,23.451226303775986,120.2808086720649,4.3476258475619325,52.07933019846678,0.972282886505127,1
288,-552.9035034179688,55.94917678833008,-556.8176879882812,53.397586822509766,23.45125961303711,120.2807846069336,23.45123677868378,120.2807482726753,4.672413958988154,52.71038040518761,0.9554184079170227,1
289,-542.9259033203125,54.958431243896484,-547.0628051757812,55.421749114990234,23.451250076293945,120.2808837890625,23.451254962043027,120.28084379193636,4.162765956843554,51.72858294099569,0.9549182057380676,1
290,-542.9259033203125,54.958431243896484,-545.9721069335938,56.496055603027344,23.451250076293945,120.2808837890625,23.451264612702406,120.2808544719919,3.4122785823200794,51.05385184288025,0.9559511542320251,1
291,-542.9259033203125,54.958431243896484,-548.0322265625,56.47780990600586,23.451250076293945,120.2808837890625,23.451264448798522,120.28083429941695,5.327574361055652,52.21537500619888,0.8522752523422241,1
292,-532.9381103515625,53.91202926635742,-542.3394775390625,54.30303955078125,23.45124053955078,120.2809829711914,23.451244912504027,120.28089004249358,9.409494887438266,51.198916509747505,0.9667502641677856,1
293,-532.9381103515625,53.91202926635742,-536.8438110351562,53.79143142700195,23.45124053955078,120.2809829711914,23.451240316650058,120.28094385574933,3.907562113221221,51.95995792746544,0.8341557383537292,1
294,-532.9381103515625,53.91202926635742,-532.3585815429688,53.885616302490234,23.45124053955078,120.2809829711914,23.45124116272719,120.28098777486298,0.5801304031425526,51.798433996737,0.848648190498352,1
295,-523.042236328125,52.910152435302734,-531.6583251953125,52.41920471191406,23.45123291015625,120.28108215332031,23.45122798972774,120.28099463173355,8.630064717855417,50.92035420238972,0.9255560636520386,1
296,-523.042236328125,52.910152435302734,-533.5576782226562,53.5048828125,23.45123291015625,120.28108215332031,23.451237742540055,120.28097603337606,10.53224679063419,51.58108565956354,0.8684012293815613,1
297,-523.042236328125,52.910152435302734,-528.199951171875,51.28070831298828,23.45123291015625,120.28108215332031,23.45121776244058,120.28102849593648,5.408984244493989,50.919284112751484,0.9768713116645813,1
298,-513.1259155273438,51.88601303100586,-524.70556640625,50.924774169921875,23.451223373413086,120.28117370605469,23.451214565029773,120.28106271275458,11.619479103015431,53.07886656373739,0.8677761554718018,1
299,-513.1259155273438,51.88601303100586,-520.4682006835938,48.87964630126953,23.451223373413086,120.28117370605469,23.451196193333548,120.2811042048002,7.933939263024049,51.94231495261192,0.7563547492027283,1
300,-503.1483154296875,50.8396110534668,-519.1639404296875,50.56575012207031,23.451213836669922,120.2812728881836,23.451211339861878,120.28111697604288,16.01796628634142,51.729707047343254,0.3439348340034485,1
301,-503.1483154296875,50.8396110534668,-514.7806396484375,50.386924743652344,23.451213836669922,120.2812728881836,23.45120973344617,120.28115989707635,11.641129310561377,51.4069814234972,0.21094167232513428,1
302,-503.1483154296875,50.8396110534668,-503.85406494140625,47.082763671875,23.451213836669922,120.2812728881836,23.451180051662252,120.28126688947822,3.8225625726552077,52.16412153095007,0.7690231800079346,1
303,-495.7238464355469,50.00471496582031,-495.6000671386719,49.34207534790039,23.45120620727539,120.2813491821289,23.451200347404352,120.28134771215812,0.6741013110593462,53.063495084643364,0.8330003023147583,1
304,-495.7238464355469,50.00471496582031,-497.6726379394531,51.879112243652344,23.45120620727539,120.2813491821289,23.45122313799455,120.281327417662,2.703914473655059,52.71280650049448,0.829307496547699,1
305,-495.7238464355469,50.00471496582031,-502.2247009277344,50.99372482299805,23.45120620727539,120.2813491821289,23.451215184424026,120.28128284411854,6.575655832400988,54.14518713951111,0.9686077237129211,1
306,-493.0992431640625,49.69301986694336,-490.17047119140625,48.51704788208008,23.451204299926758,120.2813720703125,23.45119293605653,120.2814008784547,3.15604426093806,59.39473491162062,0.8469628691673279,1
307,-493.0992431640625,49.69301986694336,-490.65740966796875,47.77241516113281,23.451204299926758,120.2813720703125,23.451186246906985,120.28139611038067,3.106649844869396,52.47094761580229,0.6659898161888123,1
308,-493.0992431640625,49.69301986694336,-494.11553955078125,52.59220886230469,23.451204299926758,120.2813720703125,23.451229543850467,120.28136224856834,3.072158065022341,53.105625323951244,0.9336709976196289,1
309,-492.7724609375,49.77094268798828,-495.0559387207031,50.430686950683594,23.451204299926758,120.2813720703125,23.451210126568764,120.28135304023283,2.376874687176764,53.36696747690439,0.449397474527359,1
310,-492.7724609375,49.77094268798828,-488.6918640136719,53.56692886352539,23.451204299926758,120.2813720703125,23.451238299909214,120.28141535689261,5.573220101487506,52.22006980329752,0.7027684450149536,1
311,-492.7724609375,49.77094268798828,-493.2260437011719,48.4915657043457,23.451204299926758,120.2813720703125,23.45119270714623,120.28137095846142,1.357402957774366,53.204700350761414,0.9795408844947815,1
312,-492.87457275390625,49.75981140136719,-497.6282043457031,49.626182556152344,23.451204299926758,120.2813720703125,23.451202899582828,120.28132785275324,4.755509434203947,52.18024179339409,0.7405153512954712,1
313,-492.87457275390625,49.75981140136719,-498.54803466796875,48.58527374267578,23.451204299926758,120.2813720703125,23.451193548939862,120.28131884582672,5.793764648482195,53.0100092291832,0.9368794560432434,1
314,-492.87457275390625,49.75981140136719,-499.5252380371094,52.67975997924805,23.451204299926758,120.2813720703125,23.45123033033553,120.28130927710656,7.263432274529154,53.47980931401253,0.6934959888458252,1
315,-492.466064453125,49.52604293823242,-500.517333984375,50.225013732910156,23.451202392578125,120.28137969970703,23.451208278974814,120.28129956255913,8.081553145073478,53.25436498969793,0.9186774492263794,1
316,-492.466064453125,49.52604293823242,-493.14398193359375,50.716461181640625,23.451202392578125,120.28137969970703,23.45121269372236,120.2813717620056,1.3699152180205059,52.896044217050076,0.6304301619529724,1
317,-492.466064453125,49.52604293823242,-494.91058349609375,50.20801544189453,23.451202392578125,120.28137969970703,23.45120812627657,120.28135446354297,2.537865214543125,53.482456132769585,0.8522621393203735,1
318,-491.5776062011719,49.14755630493164,-495.6709899902344,47.39435958862305,23.45119857788086,120.28138732910156,23.451182850775997,120.28134701768556,4.45303150344065,54.22649718821049,0.9513277411460876,1
319,-491.5776062011719,49.14755630493164,-491.36181640625,45.54475402832031,23.45119857788086,120.28138732910156,23.45116623548655,120.28138921286971,3.6092588546609115,52.915302105247974,0.2432509958744049,1
320,-490.607421875,49.03623580932617,-490.7124328613281,45.4846076965332,23.451196670532227,120.2813949584961,23.451165695182862,120.28139557159668,3.553180203540337,52.99892649054527,0.3642486333847046,1
321,-490.607421875,49.03623580932617,-491.72918701171875,46.72455978393555,23.451196670532227,120.2813949584961,23.45117683386198,120.2813856155975,2.569475251549124,53.43105550855398,0.8810220956802368,1
322,-490.607421875,49.03623580932617,-492.00653076171875,43.52116012573242,23.451196670532227,120.2813949584961,23.451148057233237,120.28138289986319,5.689777277948799,53.014133125543594,0.8542734384536743,1
323,-489.4227600097656,49.05849838256836,-494.1968078613281,44.86326217651367,23.45119857788086,120.28141021728516,23.451160113541086,120.28136145279363,6.35543387296262,52.62089613825083,0.9142716526985168,1
324,-489.4227600097656,49.05849838256836,-491.02630615234375,47.86534118652344,23.45119857788086,120.28141021728516,23.451187081675673,120.28139249816715,1.9987456881381798,53.36283426731825,0.6736645102500916,1
325,-489.4227600097656,49.05849838256836,-493.7980041503906,46.88663864135742,23.45119857788086,120.28141021728516,23.451178289841124,120.28136535785703,4.884642875949708,54.711293429136276,0.9279385209083557,1
326,-487.2883605957031,48.902652740478516,-492.55706787109375,49.91507339477539,23.451196670532227,120.28142547607422,23.451205494733387,120.28137750903493,5.365097569942322,53.88194788247347,0.870164155960083,1
327,-487.2883605957031,48.902652740478516,-487.4897155761719,46.952232360839844,23.451196670532227,120.28142547607422,23.451178879079535,120.28142712826215,1.960786445656291,53.615895099937916,0.6013488173484802,1
328,-487.2883605957031,48.902652740478516,-488.1031799316406,48.8642578125,23.451196670532227,120.28142547607422,23.451196055096403,120.28142112125386,0.8157234339603735,55.28145004063845,0.766245424747467,1
329,-483.7956848144531,48.524166107177734,-479.0383605957031,46.495819091796875,23.45119285583496,120.28146362304688,23.451174779049378,120.28150988345237,5.17168496112338,54.40924409776926,0.6626774072647095,1
330,-483.7956848144531,48.524166107177734,-480.35394287109375,47.05265426635742,23.45119285583496,120.28146362304688,23.45117978118486,120.2814970013451,3.743118312631001,54.57283649593592,0.9092322587966919,1
331,-483.7956848144531,48.524166107177734,-487.064697265625,44.61537551879883,23.45119285583496,120.28146362304688,23.451157886737352,120.28143129001742,5.095594790573154,54.17500250041485,0.9705285429954529,1
332,-482.478271484375,48.379451751708984,-488.4245910644531,44.15715026855469,23.451190948486328,120.28147888183594,23.451153770429894,120.28141797401422,7.292910692108293,53.72121185064316,0.9521562457084656,1
333,-482.478271484375,48.379451751708984,-482.307373046875,44.28732681274414,23.451190948486328,120.28147888183594,23.451154939825688,120.28147787346725,4.095691979633963,54.14971709251404,0.5182651281356812,1
334,-482.478271484375,48.379451751708984,-484.4378662109375,41.261192321777344,23.451190948486328,120.28147888183594,23.45112775559704,120.28145701179862,7.383063646223178,54.496267810463905,0.9215133786201477,1
335,-483.7344055175781,48.84699249267578,-488.7718505859375,43.77769470214844,23.451196670532227,120.28146362304688,23.451150361722544,120.28141457366861,7.1465819036644085,54.593280889093876,0.9701274633407593,1
336,-483.7344055175781,48.84699249267578,-482.6228332519531,49.74427795410156,23.451196670532227,120.28146362304688,23.45120396045184,120.28147478449876,1.428535649185127,53.77507023513317,0.9733189940452576,1
337,-483.7344055175781,48.84699249267578,-481.0465393066406,47.66329574584961,23.451196670532227,120.28146362304688,23.4511852666706,120.28149021947996,2.9369648885109902,52.954595535993576,0.6696153879165649,1
338,-486.2977294921875,49.05849838256836,-486.53704833984375,50.4517822265625,23.45119857788086,120.28144073486328,23.451210316070853,120.28143645672587,1.413687865399786,61.921109445393085,0.9110782146453857,1
339,-486.2977294921875,49.05849838256836,-491.533203125,49.0450439453125,23.45119857788086,120.28144073486328,23.451197679125865,120.28138753466064,5.235490920797857,54.38748747110367,0.989151120185852,1
340,-486.2977294921875,49.05849838256836,-483.974609375,51.11234664916992,23.45119857788086,120.28144073486328,23.45121625002202,120.28146154798337,3.10083533601891,52.97040939331055,0.827712893486023,1
341,-489.05511474609375,48.9249153137207,-485.6112976074219,47.22969436645508,23.451196670532227,120.28141021728516,23.451181371563138,120.28144552162472,3.838443765988803,53.22436150163412,0.9884251356124878,1
342,-489.05511474609375,48.9249153137207,-492.857421875,44.53028869628906,23.451196670532227,120.28141021728516,23.45115712238942,120.2813745679855,5.81122040617717,53.50444279611111,0.9848377704620361,1
343,-489.05511474609375,48.9249153137207,-490.5361633300781,46.10546112060547,23.451196670532227,120.28141021728516,23.45117127240406,120.28139729761796,3.1847805034565884,52.87532042711973,0.9718300700187683,1
344,-492.4048156738281,49.448116302490234,-489.1341247558594,47.55678939819336,23.451200485229492,120.28137969970703,23.451184309907802,120.28141102630042,3.77816576393896,53.00294514745474,0.7626978754997253,1
345,-492.4048156738281,49.448116302490234,-496.0503845214844,45.63314437866211,23.451200485229492,120.28137969970703,23.45116702951058,120.28134330267577,5.276758759181491,53.95729374140501,0.9789263606071472,1
346,-492.4048156738281,49.448116302490234,-494.4256286621094,42.879783630371094,23.451200485229492,120.28137969970703,23.45114229565015,120.2813592121933,6.872166996314478,53.43127343803644,0.6928828954696655,1
347,-494.6924133300781,50.00471496582031,-491.5774841308594,47.01707077026367,23.45120620727539,120.28135681152344,23.451179461532874,120.28138710106354,4.316109562486667,53.3404927700758,0.9460925459861755,1
348,-494.6924133300781,50.00471496582031,-491.683349609375,47.975704193115234,23.45120620727539,120.28135681152344,23.451188073083433,120.28138606443476,3.629235345221496,55.30354846268892,0.9247475862503052,1
349,-494.59027099609375,49.83773422241211,-494.2797546386719,47.27710723876953,23.451204299926758,120.28135681152344,23.451181797480217,120.28136064058349,2.579385771377565,54.18100859969854,0.9159156084060669,1
350,-494.59027099609375,49.83773422241211,-497.7132263183594,47.90699768066406,23.451204299926758,120.28135681152344,23.45118745588233,120.28132702022289,3.6715927795043397,53.14285960048437,0.9472770094871521,1
351,-494.59027099609375,49.83773422241211,-495.0889892578125,48.48081588745117,23.451204299926758,120.28135681152344,23.451192610578982,120.28135271660383,1.4456649931173315,53.72508428990841,0.7412575483322144,1
352,-493.2218017578125,49.492645263671875,-492.35308837890625,52.92764663696289,23.451202392578125,120.2813720703125,23.451232557139264,120.28137950639058,3.543147946276288,53.73047478497028,0.9234192371368408,1
353,-493.2218017578125,49.492645263671875,-491.1907653808594,50.75569152832031,23.451202392578125,120.2813720703125,23.45121304613456,120.28139088779167,2.3917346489837135,53.04322298616171,0.36491596698760986,1
354,-493.2218017578125,49.492645263671875,-494.1415100097656,51.6356201171875,23.451202392578125,120.2813720703125,23.45122095066756,120.28136199426707,2.3319958172155855,53.17504331469536,0.6620613932609558,1
355,-491.43463134765625,49.33679962158203,-493.81085205078125,51.95585632324219,23.451200485229492,120.28138732910156,23.451223827398348,120.28136523205112,3.5363657667824526,53.11743728816509,0.7096717953681946,1
356,-491.43463134765625,49.33679962158203,-491.89117431640625,47.86983871459961,23.451200485229492,120.28138732910156,23.451187122077656,120.28138402942697,1.5363612156422568,52.672949619591236,0.9498381614685059,1
357,-491.43463134765625,49.33679962158203,-489.0165710449219,50.88449478149414,23.451200485229492,120.28138732910156,23.45121420319387,120.2814121773797,2.870953837259531,53.772988729178905,0.9649609327316284,1
358,-488.90191650390625,48.824729919433594,-493.0659484863281,48.71510314941406,23.451194763183594,120.28141021728516,23.451194715217266,120.2813725261047,4.165474808390655,53.223407827317715,0.981814444065094,1
359,-488.90191650390625,48.824729919433594,-488.0155029296875,49.364471435546875,23.451194763183594,120.28141021728516,23.45120054859183,120.28142197978211,1.0378101602776506,51.52161791920662,0.5978331565856934,1
360,-488.90191650390625,48.824729919433594,-486.36358642578125,47.06223678588867,23.451194763183594,120.28141021728516,23.451179867266095,120.28143815525513,3.0902267928595575,53.168149664998055,0.5777561664581299,1
361,-485.08245849609375,48.24586868286133,-484.6164245605469,46.240623474121094,23.451190948486328,120.28144836425781,23.451172486588142,120.28145526336536,2.0586879259025577,52.58203763514757,0.8910791873931885,1
362,-485.08245849609375,48.24586868286133,-487.6649169921875,47.52833938598633,23.451190948486328,120.28144836425781,23.45118405433699,120.28142541269979,2.6802873308510646,53.208377212285995,0.9509245157241821,1
363,-485.08245849609375,48.24586868286133,-485.3258972167969,46.15001678466797,23.451190948486328,120.28144836425781,23.4511716726544,120.28144831624921,2.1099425560659895,53.095911629498005,0.8801287412643433,1
364,-479.1898498535156,47.75606155395508,-480.339599609375,51.127803802490234,23.45118522644043,120.28150939941406,23.45121638887599,120.28149714179351,3.56238267058097,53.106856532394886,0.9558075666427612,1
365,-479.1898498535156,47.75606155395508,-481.11761474609375,51.8414421081543,23.45118522644043,120.28150939941406,23.451222799597968,120.28148952351327,4.517367790393634,54.05012425035238,0.7435228228569031,1
366,-479.1898498535156,47.75606155395508,-484.4383544921875,49.96384048461914,23.45118522644043,120.28150939941406,23.451205932815608,120.2814570070174,5.693951944725591,54.14669029414654,0.9490330815315247,1
367,-471.1934814453125,47.02135467529297,-475.20263671875,49.747291564941406,23.45117950439453,120.28158569335938,23.451203987523563,120.28154744264376,4.848098383168179,52.69322544336319,0.7311363220214844,1
368,-471.1934814453125,47.02135467529297,-471.56854248046875,49.72654342651367,23.45117950439453,120.28158569335938,23.451203801139865,120.2815830274891,2.7310651694574233,53.42049337923527,0.9589503407478333,1
369,-461.94097900390625,46.04174041748047,-468.835693359375,50.348236083984375,23.451169967651367,120.28167724609375,23.45120938590003,120.28160978739321,8.129144541040207,52.5548942387104,0.9363958835601807,1
370,-461.94097900390625,46.04174041748047,-465.548828125,46.67125701904297,23.451169967651367,120.28167724609375,23.451176355035095,120.28164197219179,3.6623580426031186,53.42121049761772,0.913272500038147,1
371,-461.94097900390625,46.04174041748047,-462.88848876953125,49.28589630126953,23.451169967651367,120.28167724609375,23.451199842739392,120.28166802208438,3.3796926123950883,53.32376901060343,0.8805810809135437,1
372,-452.5352783203125,44.950809478759766,-452.1246337890625,45.4229621887207,23.451160430908203,120.28176879882812,23.451165141411842,120.28177342114387,0.6257452457422186,53.70570532977581,0.9703027606010437,1
373,-452.5352783203125,44.950809478759766,-451.0321350097656,44.33295822143555,23.451160430908203,120.28176879882812,23.451155349739604,120.28178411883016,1.625170756634187,53.4789152443409,0.8340789675712585,1
374,-452.5352783203125,44.950809478759766,-455.2768249511719,47.928775787353516,23.451160430908203,120.28176879882812,23.45118765151839,120.2817425550662,4.047760030473135,54.779102094471455,0.9336726665496826,1
375,-442.8538513183594,44.01572799682617,-448.0548095703125,49.30175018310547,23.451152801513672,120.28186798095703,23.451199985157235,120.28181327263256,7.415658925031292,53.80146950483322,0.9622930884361267,1
376,-442.8538513183594,44.01572799682617,-443.8597106933594,49.82058334350586,23.451152801513672,120.28186798095703,23.451204645914814,120.28185435080363,5.8913579655416575,54.12625148892403,0.2320062220096588,1
377,-442.8538513183594,44.01572799682617,-440.5054016113281,49.78350067138672,23.451152801513672,120.28186798095703,23.4512043127955,120.28188719600854,6.227553103094544,53.030687384307384,0.5409678220748901,1
378,-433.0192565917969,43.2698860168457,-433.33447265625,47.94805145263672,23.45114517211914,120.2819595336914,23.451187824674637,120.28195741333951,4.688773081726078,54.09910250455141,0.834341824054718,1
379,-433.0192565917969,43.2698860168457,-433.9168395996094,47.02175521850586,23.45114517211914,120.2819595336914,23.45117950361399,120.28195171083532,3.8577425733555306,54.04606927186251,0.9153575897216797,1
380,-433.0192565917969,43.2698860168457,-432.6119384765625,46.994712829589844,23.45114517211914,120.2819595336914,23.451179260688075,120.28196448835335,3.747031202423561,54.56424877047539,0.772366464138031,1
381,-423.2969665527344,42.15669250488281,-420.38037109375,44.4073600769043,23.451135635375977,120.28205871582031,23.451156018102846,120.28208425916974,3.6840241029501097,54.23654802143574,0.9695363640785217,1
382,-423.2969665527344,42.15669250488281,-420.1707458496094,41.201133728027344,23.451135635375977,120.28205871582031,23.45112721608151,120.28208631180827,3.2689980820846145,53.330615162849426,0.8818474411964417,1
383,-423.2969665527344,42.15669250488281,-425.8758544921875,44.39931869506836,23.451135635375977,120.28205871582031,23.45115594586588,120.28203044770694,3.4176066527853854,54.66453731060028,0.9158597588539124,1
384,-413.6257629394531,40.921043395996094,-419.450439453125,43.619049072265625,23.45112419128418,120.28215026855469,23.451148936584605,120.28209336500778,6.419197077369051,52.32129991054535,0.9653356075286865,1
385,-413.6257629394531,40.921043395996094,-415.59332275390625,45.24955749511719,23.45112419128418,120.28215026855469,23.451163583690974,120.28213113367647,4.754716177622057,53.458791226148605,0.9146491885185242,1
386,-413.6257629394531,40.921043395996094,-413.17498779296875,42.16082763671875,23.45112419128418,120.28215026855469,23.45113583715857,120.2821548138757,1.3191903563293141,52.93190386146307,0.924972414970398,1
387,-403.9749755859375,39.9859619140625,-411.6210021972656,38.756500244140625,23.45111656188965,120.28224182128906,23.451105255565285,120.2821700304148,7.744242954540163,54.73240092396736,0.9479405283927917,1
388,-403.9749755859375,39.9859619140625,-407.8974609375,39.321922302246094,23.45111656188965,120.28224182128906,23.451110334838052,120.28220649112033,3.978296110055619,54.35015447437763,0.6281735301017761,1
389,-403.9749755859375,39.9859619140625,-406.0155334472656,36.77323913574219,23.45111656188965,120.28224182128906,23.451087439627624,120.28222491884794,3.8059774087304037,52.37355828285217,0.535209059715271,1
390,-397.43896484375,39.485023498535156,-404.0217590332031,33.46031188964844,23.451112747192383,120.28231048583984,23.45105767909582,120.2822444417743,8.923582762038588,54.87388372421265,0.7984840869903564,1
391,-397.43896484375,39.485023498535156,-403.3087158203125,38.06073760986328,23.451112747192383,120.28231048583984,23.4510990054232,120.28225142385313,6.04008003419874,53.8612874224782,0.9341421723365784,1
392,-397.43896484375,39.485023498535156,-399.8653259277344,41.61607360839844,23.451112747192383,120.28231048583984,23.451130943549874,120.28228514133231,3.2293347117668265,52.678235806524754,0.9480521082878113,1
393,-395.3658447265625,39.3514404296875,-400.93505859375,40.32402420043945,23.45111083984375,120.2823257446289,23.451119336872566,120.28227466657052,5.653500003502577,52.54984088242054,0.9275743961334229,1
394,-395.3658447265625,39.3514404296875,-402.3860778808594,38.134490966796875,23.45111083984375,120.2823257446289,23.451099667960875,120.28226045827168,7.124930844290268,52.856000140309334,0.9364715814590454,1
395,-395.3658447265625,39.3514404296875,-394.6104431152344,39.487037658691406,23.45111083984375,120.2823257446289,23.451111818094535,120.28233659684776,0.7674752132223329,53.31516172736883,0.7148159146308899,1
396,-396.10113525390625,39.5295524597168,-393.0088195800781,39.64383316040039,23.451112747192383,120.2823257446289,23.45111322661249,120.28235227985488,3.094426652087883,52.46516689658165,0.5096643567085266,1
397,-396.10113525390625,39.5295524597168,-398.1308898925781,41.63514709472656,23.451112747192383,120.2823257446289,23.451131114889918,120.28230212483192,2.9246252170478018,53.08439116925001,0.9839809536933899,1
398,-396.10113525390625,39.5295524597168,-394.0632019042969,42.38323211669922,23.451112747192383,120.2823257446289,23.45113783505201,120.28234195540276,3.506659367849321,54.61665242910385,0.9315230250358582,1
399,-397.49005126953125,39.596343994140625,-391.69354248046875,44.57817459106445,23.451112747192383,120.28231048583984,23.451157552555735,120.28236515897389,7.643176711166977,52.04074736684561,0.30464139580726624,1
400,-397.49005126953125,39.596343994140625,-391.54180908203125,38.507198333740234,23.451112747192383,120.28231048583984,23.45110301604812,120.28236664473874,6.047133485439509,52.59350314736366,0.9672194123268127,1
401,-398.6134033203125,39.56294631958008,-392.4580078125,39.81694793701172,23.451112747192383,120.28229522705078,23.45111478172899,120.28235767337257,6.160633951084596,52.282923832535744,0.9118130207061768,1
402,-398.6134033203125,39.56294631958008,-393.29888916015625,39.5079345703125,23.451112747192383,120.28229522705078,23.451112005814686,120.28234943950994,5.314798872117247,56.5526494756341,0.7662318348884583,1
403,-398.6134033203125,39.56294631958008,-396.18853759765625,37.302574157714844,23.451112747192383,120.28229522705078,23.451092194725028,120.2823211442358,3.315004688239299,54.41446788609028,0.9547550678253174,1
404,-400.7784423828125,39.89690399169922,-401.9427185058594,40.49933624267578,23.451114654541016,120.28227996826172,23.451120911727436,120.28226479962161,1.3109017917882904,53.109100088477135,0.9912466406822205,1
405,-400.7784423828125,39.89690399169922,-401.521728515625,40.28392791748047,23.451114654541016,120.28227996826172,23.451118976681528,120.2822689219318,0.8380106170917477,53.71233820915222,0.2658345401287079,1
406,-400.7784423828125,39.89690399169922,-393.9381103515625,40.161415100097656,23.451114654541016,120.28227996826172,23.451117876130162,120.28234318029217,6.84544435549738,53.13989985734224,0.6337061524391174,1
407,-404.8123779296875,39.90803909301758,-399.6143798828125,39.824256896972656,23.451114654541016,120.28223419189453,23.451114847386492,120.2822875985818,5.198673210703902,52.34001483768225,0.9143996238708496,1
408,-404.8123779296875,39.90803909301758,-403.1142578125,43.07719421386719,23.451114654541016,120.28223419189453,23.451144069019595,120.28225332797496,3.595435455185392,53.854106925427914,0.9743559956550598,1
409,-404.8123779296875,39.90803909301758,-402.29376220703125,43.99696350097656,23.451114654541016,120.28223419189453,23.451152331447677,120.28226136222153,4.802366913555648,54.66390401124954,0.9211117625236511,1
410,-410.66412353515625,40.31991958618164,-403.39593505859375,44.0770378112793,23.45111846923828,120.28218078613281,23.451153050767445,120.28225056980727,8.181839712937236,54.17753104120493,0.7165344953536987,1
411,-410.66412353515625,40.31991958618164,-413.1020202636719,43.97935104370117,23.45111846923828,120.28218078613281,23.451152173232284,120.28215552836963,4.397133049066255,53.65878343582153,0.9896638989448547,1
412,-418.803466796875,41.789337158203125,-414.6131591796875,43.79022216796875,23.45113182067871,120.28209686279297,23.451150474258686,120.28214073138278,4.64351362105942,66.21632725000381,0.7829508781433105,1
413,-418.803466796875,41.789337158203125,-418.3157043457031,44.2307243347168,23.45113182067871,120.28209686279297,23.451154431356976,120.28210447626981,2.489635225172273,65.98376668989658,0.9425358772277832,1
414,-418.803466796875,41.789337158203125,-419.53277587890625,44.03963088989258,23.45113182067871,120.28209686279297,23.451152714735354,120.28209255877417,2.365526075953108,64.90154564380646,0.8824859857559204,1
415,-428.3215026855469,43.748558044433594,-423.30126953125,38.74828338623047,23.45115089416504,120.2820053100586,23.45110518175199,120.28205565789735,7.085583079815657,56.07415549457073,0.7846899032592773,1
416,-428.3215026855469,43.748558044433594,-423.8367919921875,35.999420166015625,23.45115089416504,120.2820053100586,23.451080488293545,120.28205041409169,8.953310441499506,55.0971943885088,0.8730164170265198,1
417,-428.3215026855469,43.748558044433594,-430.0010070800781,40.91084289550781,23.45115089416504,120.2820053100586,23.451124608354593,120.281990054446,3.2974781694034987,55.131059139966965,0.9744195342063904,1
418,-438.3705749511719,44.97307586669922,-434.1821594238281,39.68344497680664,23.451160430908203,120.28190612792969,23.45111358245149,120.2819491128386,6.747074890721161,54.20646071434021,0.9087094068527222,1
419,-438.3705749511719,44.97307586669922,-434.6204833984375,40.32476806640625,23.451160430908203,120.28190612792969,23.451119343554826,120.28194482079502,5.972432675229934,55.165013298392296,0.24072229862213135,1
420,-438.3705749511719,44.97307586669922,-434.2569580078125,46.158084869384766,23.451160430908203,120.28190612792969,23.45117174513124,120.28194838041509,4.280898351180406,54.97433990240097,0.7855918407440186,1
421,-448.4094543457031,45.696651458740234,-446.2113037109375,48.26156997680664,23.451168060302734,120.28180694580078,23.45119064105946,120.28183132413773,3.377968800542789,53.82221471518278,0.9684967994689941,1
422,-448.4094543457031,45.696651458740234,-447.2329406738281,48.888648986816406,23.451168060302734,120.28180694580078,23.451196274206048,120.28182132032634,3.401916024735647,55.17827346920967,0.5907537937164307,1
423,-448.4094543457031,45.696651458740234,-444.9709777832031,48.73091506958008,23.451168060302734,120.28180694580078,23.451194857258162,120.2818434693391,4.585834354937895,56.188248097896576,0.8670369982719421,1
424,-458.2644958496094,46.520416259765625,-455.17620849609375,50.33612060546875,23.451175689697266,120.2817153930664,23.451209277064834,120.28174354029684,4.908881586644992,54.77227736264467,0.9606626629829407,1
425,-458.2644958496094,46.520416259765625,-456.53912353515625,51.85560607910156,23.451175689697266,120.2817153930664,23.451222926835083,120.28173019470982,5.607241749008791,54.69185300171375,0.9411646723747253,1
426,-458.2644958496094,46.520416259765625,-460.65625,49.62031555175781,23.451175689697266,120.2817153930664,23.45120284687863,120.28168988004022,3.915336963328245,54.59082592278719,0.8505175113677979,1
427,-467.8744201660156,47.600215911865234,-461.2291564941406,43.735782623291016,23.45118522644043,120.2816162109375,23.451149985219935,120.2816842701722,7.687221468813173,54.493472911417484,0.7718751430511475,1
428,-467.8744201660156,47.600215911865234,-464.1285400390625,44.39891052246094,23.45118522644043,120.2816162109375,23.451155942199208,120.28165587957244,4.927471371984961,54.67127449810505,0.8650290369987488,1
429,-467.8744201660156,47.600215911865234,-468.2453918457031,45.98762130737305,23.45118522644043,120.2816162109375,23.45117021383101,120.28161556759227,1.6547148834670822,54.229660890996456,0.9700342416763306,1
430,-477.67840576171875,49.013973236083984,-468.1827697753906,46.856258392333984,23.451196670532227,120.28152465820312,23.451178016930704,120.28161618078404,9.737701789015146,54.002766497433186,0.9617601037025452,1
431,-477.67840576171875,49.013973236083984,-478.7930603027344,49.49676513671875,23.451196670532227,120.28152465820312,23.451201737006368,120.28151228541898,1.214719212462404,54.91535738110542,0.9911235570907593,1
432,-477.67840576171875,49.013973236083984,-481.4960021972656,51.11454391479492,23.451196670532227,120.28152465820312,23.451216269760394,120.28148581836474,4.357343195223477,55.11682108044624,0.9711543321609497,1
433,-487.6457824707031,50.33867263793945,-489.55767822265625,54.809425354003906,23.451210021972656,120.28142547607422,23.451249461445094,120.28140687888882,4.8624042627628254,55.16225006431341,0.9429702758789062,1
434,-487.6457824707031,50.33867263793945,-491.0003967285156,54.06217956542969,23.451210021972656,120.28142547607422,23.451242748821965,120.28139275187075,5.011780188494571,55.79421482980251,0.9722795486450195,1
435,-487.6457824707031,50.33867263793945,-492.6455078125,57.07554626464844,23.451210021972656,120.28142547607422,23.45126981835559,120.28137664303603,8.389440968005731,54.901815950870514,0.7406983971595764,1
436,-497.5927429199219,51.496395111083984,-499.1822204589844,56.4903450012207,23.45121955871582,120.28132629394531,23.4512645614032,120.2813126359153,5.240799018506694,55.842905305325985,0.9819328188896179,1
437,-497.5927429199219,51.496395111083984,-493.67547607421875,53.295188903808594,23.45121955871582,120.28132629394531,23.451235858827623,120.28136655764503,4.310526493270804,55.378795601427555,0.7963801026344299,1
438,-507.5192565917969,52.654117584228516,-499.9706115722656,51.177825927734375,23.451231002807617,120.28123474121094,23.45121683823239,120.28130491603409,7.691649932617068,54.57525793462992,0.98592209815979,1
439,-507.5192565917969,52.654117584228516,-504.6297912597656,52.514678955078125,23.451231002807617,120.28123474121094,23.451228847387462,120.28125929360996,2.8928278615067646,54.363333620131016,0.9775010347366333,1
440,-507.5192565917969,52.654117584228516,-502.2605285644531,53.39317321777344,23.451231002807617,120.28123474121094,23.451236739035693,120.28128249329635,5.310407111987289,53.050936199724674,0.6674259901046753,1
441,-517.384521484375,53.91202926635742,-519.6300659179688,51.426475524902344,23.45124053955078,120.28113555908203,23.451219071889724,120.28111241176845,3.349693598660214,54.651408456265926,0.9969172477722168,1
442,-517.384521484375,53.91202926635742,-519.6278076171875,54.449275970458984,23.45124053955078,120.28113555908203,23.451246226168134,120.2811124338816,2.3067220670763207,54.342012852430344,0.39884141087532043,1
443,-517.384521484375,53.91202926635742,-520.8467407226562,53.38744354248047,23.45124053955078,120.28113555908203,23.451236687565142,120.28110049815754,3.5017356033287705,55.23651372641325,0.9552952647209167,1
444,-527.260009765625,55.12541198730469,-522.2987060546875,53.87963104248047,23.451251983642578,120.28103637695312,23.451241108960684,120.28108628059509,5.115320583761034,54.52436488121748,0.9793398380279541,1
445,-527.260009765625,55.12541198730469,-526.58740234375,53.34053039550781,23.451251983642578,120.28103637695312,23.451236266137172,120.28104428592346,1.9074074134008916,53.96507307887077,0.9423122406005859,1
446,-527.260009765625,55.12541198730469,-525.322265625,50.63576126098633,23.451251983642578,120.28103637695312,23.451211968782637,120.28105667407068,4.88997096094215,52.67151352018118,0.9029725790023804,1
447,-537.2784423828125,56.305397033691406,-530.379638671875,52.05590057373047,23.451263427734375,120.28093719482422,23.45122472611114,120.2810071525597,8.102574455397837,54.081750102341175,0.9587697386741638,1
448,-537.2784423828125,56.305397033691406,-537.1483764648438,51.7131233215332,23.451263427734375,120.28093719482422,23.451221646890694,120.28094087346186,4.594115256542476,55.03764934837818,0.8997876048088074,1
449,-537.2784423828125,56.305397033691406,-540.2237548828125,51.809593200683594,23.451263427734375,120.28093719482422,23.45122251349436,120.28091075953024,5.374673741497617,54.33683656156063,0.754138171672821,1
450,-547.2457885742188,57.429725646972656,-544.4930419921875,53.56219482421875,23.45127296447754,120.28084564208984,23.451238257382617,120.2808689549122,4.747147397104522,54.86117862164974,0.9929671287536621,1
451,-547.2457885742188,57.429725646972656,-544.9498291015625,54.30200958251953,23.45127296447754,120.28084564208984,23.451244903251663,120.28086448207864,3.879953308986863,56.200021877884865,0.8156489729881287,1
452,-547.2457885742188,57.429725646972656,-548.8951416015625,54.1901741027832,23.45127296447754,120.28084564208984,23.451243898616458,120.28082584980167,3.635252345610723,54.86240051686764,0.9662144184112549,1
453,-557.03955078125,58.64310836791992,-556.9213256835938,55.01005554199219,23.451284408569336,120.28074645996094,23.451251263736737,120.28074725786084,3.634975929727366,54.10023871809244,0.9325082302093506,1
454,-557.03955078125,58.64310836791992,-561.6856689453125,54.324623107910156,23.451284408569336,120.28074645996094,23.45124510639242,120.28070060568095,6.3431639530563215,53.45097277313471,0.870472252368927,1
455,-557.03955078125,58.64310836791992,-561.9600219726562,56.43535614013672,23.451284408569336,120.28074645996094,23.451264067429854,120.28069791923161,5.3930702428895305,54.05688192695379,0.7934839725494385,1
456,-566.8129272460938,59.91215133666992,-570.3536376953125,57.30421829223633,23.451295852661133,120.28064727783203,23.451271872551366,120.28061572942093,4.397493064173668,53.76325827091932,0.9828581809997559,1
457,-566.8129272460938,59.91215133666992,-572.2891235351562,63.2725715637207,23.451295852661133,120.28064727783203,23.451325487181013,120.280596777253,6.425040848019094,55.06184883415699,0.825752317905426,1
458,-576.65771484375,61.05874252319336,-571.7623901367188,64.22836303710938,23.451305389404297,120.28055572509766,23.451334073201902,120.28060193499667,5.831869184876134,54.375287145376205,0.4368056654930115,1
459,-576.65771484375,61.05874252319336,-580.9889526367188,62.69855499267578,23.451305389404297,120.28055572509766,23.451320330702423,120.28051158901823,4.631263947812827,53.34501527249813,0.9875594973564148,1
460,-576.65771484375,61.05874252319336,-580.1932373046875,64.44822692871094,23.451305389404297,120.28055572509766,23.451336048272847,120.28051938061778,4.897808041056775,52.88705136626959,0.874841570854187,1
461,-586.7272338867188,62.20532989501953,-580.2589111328125,62.43305587768555,23.451316833496094,120.28045654296875,23.451317945683293,120.28051873754336,6.472330211900698,52.84654162824154,0.9596178531646729,1
462,-586.7272338867188,62.20532989501953,-581.0731811523438,62.119056701660156,23.451316833496094,120.28045654296875,23.451315124980702,120.28051076425736,5.654710902158114,53.41155268251896,0.9493911862373352,1
463,-586.7272338867188,62.20532989501953,-585.470947265625,63.07162857055664,23.451316833496094,120.28045654296875,23.451323682079394,120.28046770158018,1.526017519419912,53.227659314870834,0.9739658236503601,1
464,-596.7967529296875,63.385318756103516,-586.9169921875,64.32318878173828,23.451326370239258,120.28035736083984,23.45133492503606,120.28045354199004,9.924176162677355,53.59402485191822,0.7835478186607361,1
465,-596.7967529296875,63.385318756103516,-594.973876953125,64.46894073486328,23.451326370239258,120.28035736083984,23.451336234348133,120.28037464942987,2.12063986069769,53.537098690867424,0.8568275570869446,1
466,-596.7967529296875,63.385318756103516,-594.8665161132812,65.96331024169922,23.451326370239258,120.28035736083984,23.45134965849781,120.28037570070114,3.220536332230095,53.32480277866125,0.9102004766464233,1
467,-606.7130737304688,64.64322662353516,-602.6590576171875,69.64742279052734,23.451337814331055,120.28025817871094,23.451382753443923,120.28029939657523,6.4402659824329715,54.05936297029257,0.9852808117866516,1
468,-606.7130737304688,64.64322662353516,-602.0640258789062,68.59367370605469,23.451337814331055,120.28025817871094,23.451373287454842,120.28030522309238,6.100793233498818,52.87289619445801,0.8255457282066345,1
469,-606.7130737304688,64.64322662353516,-610.0679931640625,67.22366333007812,23.451337814331055,120.28025817871094,23.45136098044224,120.28022684869718,4.232509657682937,53.46561223268509,0.9957400560379028,1
470,-616.568115234375,65.89000701904297,-613.9576416015625,68.2221450805664,23.45134925842285,120.28016662597656,23.451369949956412,120.28018876147955,3.50049146915338,52.74151358753443,0.9700901508331299,1
471,-616.568115234375,65.89000701904297,-613.6541137695312,67.05826568603516,23.45134925842285,120.28016662597656,23.451359494649925,120.28019173360693,3.1394637838512938,51.92807409912348,0.9139256477355957,1
472,-616.568115234375,65.89000701904297,-611.943603515625,65.32596588134766,23.45134925842285,120.28016662597656,23.451343933136013,120.28020848282664,4.658782141490274,52.63160448521376,0.9719730019569397,1
473,-626.6069946289062,67.11451721191406,-616.4115600585938,64.62102508544922,23.45136070251465,120.28006744384766,23.4513376005451,120.28016473284875,10.495922496963543,52.93470807373524,0.951475203037262,1
474,-626.6069946289062,67.11451721191406,-620.6116943359375,67.69100189208984,23.45136070251465,120.28006744384766,23.45136517861597,120.28012360537133,6.02295277993681,52.81002540141344,0.9463513493537903,1
475,-636.5232543945312,68.19432067871094,-627.1720581054688,67.93551635742188,23.451370239257812,120.27996826171875,23.451367375126786,120.28005936666014,9.354776946207437,53.20126470178366,0.9905194044113159,1
476,-636.5232543945312,68.19432067871094,-638.8148803710938,66.022705078125,23.451370239257812,120.27996826171875,23.451350192050707,120.27994536080267,3.1571290650152797,53.16896457225084,0.7885650396347046,1
477,-636.5232543945312,68.19432067871094,-638.26611328125,67.26557159423828,23.451370239257812,120.27996826171875,23.45136135691058,120.27995073429899,1.974875176036024,52.43396945297718,0.9112049341201782,1
478,-646.3782958984375,69.3075180053711,-643.0285034179688,70.86616516113281,23.451379776000977,120.27986907958984,23.451393701592913,120.27990410124399,3.6946570366366993,54.12613786756992,0.8121492862701416,1
479,-646.3782958984375,69.3075180053711,-643.1206665039062,70.72283172607422,23.451379776000977,120.27986907958984,23.451392414006758,120.27990319878825,3.551797038137816,54.691349156200886,0.8232052326202393,1
480,-646.3782958984375,69.3075180053711,-644.7395629882812,68.26551055908203,23.451379776000977,120.27986907958984,23.451370339515137,120.2798873466454,1.941964229575567,53.284517489373684,0.9447371959686279,1
481,-656.2129516601562,70.4986343383789,-647.6773681640625,68.23872375488281,23.451391220092773,120.27977752685547,23.451370098885178,120.27985857982318,8.829687506598727,53.50090004503727,0.9377198219299316,1
482,-656.2129516601562,70.4986343383789,-648.862060546875,71.74696350097656,23.451391220092773,120.27977752685547,23.451401613939023,120.27984697938234,7.456133438821292,53.58942598104477,0.7861640453338623,1
483,-656.2129516601562,70.4986343383789,-655.0587768554688,69.02069854736328,23.451391220092773,120.27977752685547,23.451377123484257,120.27978630148654,1.8752103034434324,54.68261893838644,0.9769300222396851,1
484,-666.1292724609375,71.77880859375,-664.2039184570312,68.06116485595703,23.45140266418457,120.27967834472656,23.451368503846453,120.27969675277693,4.186629073790644,53.49703598767519,0.9714233875274658,1
485,-666.1292724609375,71.77880859375,-663.4895629882812,69.69795989990234,23.45140266418457,120.27967834472656,23.451383207426503,120.2797037477053,3.361249378834994,53.46317030489445,0.958824098110199,1
486,-666.1292724609375,71.77880859375,-660.47509765625,70.81583404541016,23.45140266418457,120.27967834472656,23.451393249460807,120.27973326517943,5.7355917482604415,52.55648773163557,0.9692524671554565,1
487,-676.1272583007812,73.02558898925781,-664.33984375,70.61792755126953,23.451412200927734,120.27957916259766,23.451391471636523,120.27969542180415,12.030792799809385,51.97945609688759,0.6050083041191101,1
488,-676.1272583007812,73.02558898925781,-672.7676391601562,69.74008178710938,23.451412200927734,120.27957916259766,23.45138358581385,120.2796128973079,4.699106121957996,52.87735257297754,0.9851298332214355,1
489,-676.1272583007812,73.02558898925781,-672.975341796875,69.36711883544922,23.451412200927734,120.27957916259766,23.45138023543065,120.27961086349542,4.828973132448024,52.029634825885296,0.9600284099578857,1
490,-686.135498046875,74.17218017578125,-685.4100952148438,72.90332794189453,23.45142364501953,120.27947998046875,23.451412001737534,120.27948910309287,1.4615728719972447,52.115414291620255,0.9990571141242981,1
491,-686.135498046875,74.17218017578125,-688.0466918945312,72.51544189453125,23.45142364501953,120.27947998046875,23.451408517297885,120.27946328568723,2.529316835803357,52.269033156335354,0.9847275018692017,1
492,-686.135498046875,74.17218017578125,-692.6101684570312,70.472412109375,23.45142364501953,120.27947998046875,23.451390164449066,120.2794186003827,7.457187181863705,53.332267329096794,0.9726850390434265,1
493,-696.000732421875,75.38555908203125,-696.9852905273438,72.34264373779297,23.451435089111328,120.27938842773438,23.451406965025633,120.2793757594347,3.1982320827677584,52.93767713010311,0.9774006009101868,1
494,-696.000732421875,75.38555908203125,-703.7584228515625,72.25421142578125,23.451435089111328,120.27938842773438,23.451406170624658,120.27930943730586,8.36582924444238,55.517859756946564,0.9725632667541504,1
495,-696.000732421875,75.38555908203125,-699.8446655273438,76.17216491699219,23.451435089111328,120.27938842773438,23.451441366199695,120.27934776059634,3.923591525492074,54.13089133799076,0.9934285283088684,1
496,-705.9170532226562,76.54328155517578,-700.6989135742188,73.55616760253906,23.451444625854492,120.27928924560547,23.451417866295987,120.27933939584776,6.012639283761533,52.45684739202261,0.9530035853385925,1
497,-705.9170532226562,76.54328155517578,-705.7197875976562,73.51786804199219,23.451444625854492,120.27928924560547,23.45141752224518,120.27929023173314,3.0318378341462355,52.678811363875866,0.9476884007453918,1
498,-705.9170532226562,76.54328155517578,-711.7308959960938,75.35313415527344,23.451444625854492,120.27928924560547,23.45143400872118,120.2792313712995,5.934409711820186,52.024396136403084,0.9879682064056396,1
499,-715.802734375,77.75666809082031,-719.1638793945312,75.33194732666016,23.45145606994629,120.27919006347656,23.451433818396662,120.27915858794624,4.144462163715472,52.528892643749714,0.9996781349182129,1
500,-715.802734375,77.75666809082031,-716.62255859375,75.33415222167969,23.45145606994629,120.27919006347656,23.45143383820357,120.27918347241587,2.557478227842264,52.5175966322422,0.9903180599212646,1
501,-725.8314208984375,78.92552185058594,-721.3458251953125,76.96481323242188,23.451465606689453,120.27909088134766,23.45144848668066,120.2791372224563,4.895400606409682,52.651623263955116,0.9989004135131836,1
502,-725.8314208984375,78.92552185058594,-724.2178344726562,79.24351501464844,23.451465606689453,120.27909088134766,23.45146895660705,120.2791090999038,1.6446217820082492,52.49084625393152,0.8610434532165527,1
503,-725.8314208984375,78.92552185058594,-723.554931640625,81.07847595214844,23.451465606689453,120.27909088134766,23.45148544034161,120.27911559101086,3.133307310873049,53.69430407881737,0.9897142052650452,1
504,-735.7579345703125,80.11663818359375,-725.4845581054688,81.31436920166016,23.45147705078125,120.27899932861328,23.451487559406726,120.2790966962176,10.342960097575734,51.45696923136711,0.9955081939697266,1
505,-735.7579345703125,80.11663818359375,-728.1233520507812,81.08077239990234,23.45147705078125,120.27899932861328,23.45148546097095,120.27907085729646,7.695219622245302,51.95143260061741,0.9724285006523132,1
506,-735.7579345703125,80.11663818359375,-733.9466552734375,79.79718780517578,23.45147705078125,120.27899932861328,23.451473930334352,120.27901383584049,1.8392338719041084,51.613785326480865,0.8705101013183594,1
507,-745.6333618164062,81.34114837646484,-742.5420532226562,83.6759033203125,23.451488494873047,120.27890014648438,23.451508773428653,120.27892967018964,3.87392171702187,51.55138857662678,0.9975625276565552,1
508,-745.6333618164062,81.34114837646484,-741.6148071289062,84.9277114868164,23.451488494873047,120.27890014648438,23.45152001861274,120.27893874973098,5.38629898176502,52.592105232179165,0.2782645523548126,1
509,-745.6333618164062,81.34114837646484,-741.4313354492188,87.0744857788086,23.451488494873047,120.27890014648438,23.45153930341432,120.2789405462753,7.1083178994508085,52.60749254375696,0.7229321002960205,1
510,-755.5088500976562,82.5211410522461,-746.6668701171875,85.00753784179688,23.45149803161621,120.27880096435547,23.45152073570509,120.27888928021578,9.184921282738278,51.72782577574253,0.27645745873451233,1
511,-755.5088500976562,82.5211410522461,-751.1668090820312,88.10855865478516,23.45149803161621,120.27880096435547,23.451548592649015,120.27884521706781,7.07619641096353,51.375241950154305,0.9893136620521545,1
512,-755.5088500976562,82.5211410522461,-759.7559814453125,84.06871795654297,23.45149803161621,120.27880096435547,23.451512302142568,120.27876111237757,4.520300759789937,52.037364803254604,0.9742518067359924,1
513,-765.51708984375,83.7345199584961,-765.2599487304688,84.9300537109375,23.451509475708008,120.27870178222656,23.451520039653296,120.27870721784105,1.222874689150998,52.13675182312727,0.8528317213058472,1
514,-765.51708984375,83.7345199584961,-763.802490234375,85.46170806884766,23.451509475708008,120.27870178222656,23.451524815585653,120.27872148919225,2.4337277146403835,51.71121936291456,0.9978792667388916,1
515,-765.51708984375,83.7345199584961,-767.1521606445312,85.50827026367188,23.451509475708008,120.27870178222656,23.451525233860966,120.27868868940894,2.412394384979084,52.23478190600872,0.7308926582336426,1
516,-775.5355224609375,85.02582550048828,-776.6028442382812,83.52388763427734,23.451520919799805,120.27861022949219,23.45150740784851,120.27859614884943,1.842550713101402,51.9145829603076,0.9481754899024963,1
517,-775.5355224609375,85.02582550048828,-776.7900390625,82.30951690673828,23.451520919799805,120.27861022949219,23.45149649897066,120.2785943158483,2.992013415758029,51.660023629665375,0.9243738651275635,1
518,-775.5355224609375,85.02582550048828,-783.1422729492188,82.83283233642578,23.451520919799805,120.27861022949219,23.45150119999315,120.27853211513316,7.916556827850849,51.99790932238102,0.9039693474769592,1
519,-785.5029296875,86.29486846923828,-781.2783203125,80.90071868896484,23.4515323638916,120.27851104736328,23.451483843520947,120.278550366852,6.85158202339882,53.038460202515125,0.586869478225708,1
520,-785.5029296875,86.29486846923828,-788.9721069335938,82.82203674316406,23.4515323638916,120.27851104736328,23.451501103014685,120.27847502972833,4.908742299453318,52.50293202698231,0.9886257648468018,1
521,-785.5029296875,86.29486846923828,-791.0868530273438,82.9101333618164,23.4515323638916,120.27851104736328,23.451501894400074,120.27845432225412,6.529673162775144,52.828673273324966,0.945465624332428,1
522,-795.3681640625,87.37467193603516,-792.3895263671875,87.23019409179688,23.451541900634766,120.27841186523438,23.451540702165893,120.27844156655041,2.9821395620279585,53.20799443870783,0.9724053144454956,1
523,-795.3681640625,87.37467193603516,-790.5255126953125,83.92985534667969,23.451541900634766,120.27841186523438,23.45151105471852,120.27845981886692,5.942897744234004,52.79961321502924,0.9485954642295837,1
524,-805.2129516601562,88.4655990600586,-792.2532348632812,85.22081756591797,23.45155143737793,120.27831268310547,23.451522651629446,120.27844290110912,13.359747991632233,52.85364389419556,0.9476096034049988,1
525,-805.2129516601562,88.4655990600586,-804.038818359375,86.9913330078125,23.45155143737793,120.27831268310547,23.45153855644027,120.27832749734175,1.8846881441789662,52.11364384740591,0.9992284774780273,1
526,-805.2129516601562,88.4655990600586,-807.0025634765625,86.21771240234375,23.45155143737793,120.27831268310547,23.45153160688813,120.2782984765171,2.873274243672763,51.94894690066576,0.9997809529304504,1
527,-815.159912109375,89.7235107421875,-814.515869140625,87.25798797607422,23.451562881469727,120.2782211303711,23.451540951842606,120.27822490665275,2.5482530988540364,52.75649297982454,0.99021977186203,1
528,-815.159912109375,89.7235107421875,-818.318115234375,91.05186462402344,23.451562881469727,120.2782211303711,23.451575032816393,120.27818767527394,3.426188992765631,52.5811742991209,0.9679607152938843,1
529,-815.159912109375,89.7235107421875,-818.46044921875,92.74256134033203,23.451562881469727,120.2782211303711,23.451590220603403,120.2781862815476,4.473053959491025,52.376020699739456,0.827316403388977,1
530,-825.1171264648438,90.87010192871094,-822.1136474609375,92.27287292480469,23.451574325561523,120.27812194824219,23.45158600132058,120.27815050963693,3.3149136631875544,53.0043076723814,0.9954127669334412,1
531,-825.1171264648438,90.87010192871094,-827.6516723632812,89.76768493652344,23.451574325561523,120.27812194824219,23.451563496833984,120.27809628161015,2.7639186196322942,52.804987877607346,0.9998875856399536,1
532,-825.1171264648438,90.87010192871094,-829.8132934570312,90.03016662597656,23.451574325561523,120.27812194824219,23.45156585474712,120.27807511513859,4.770689230215156,51.979098469018936,0.9956778883934021,1
533,-835.0028076171875,92.01669311523438,-830.90283203125,88.2216567993164,23.451583862304688,120.27802276611328,23.451549608626934,120.27806444643846,5.586779076034756,52.335589192807674,0.9995597004890442,1
534,-835.0028076171875,92.01669311523438,-832.00927734375,88.6725845336914,23.451583862304688,120.27802276611328,23.45155365937969,120.2780536121885,4.488238596948263,54.48845122009516,0.9690622687339783,1
535,-835.0028076171875,92.01669311523438,-839.718994140625,87.65560913085938,23.451583862304688,120.27802276611328,23.45154452373421,120.27797811907745,6.423509075468456,54.043253883719444,0.9973894953727722,1
536,-844.9088745117188,93.24120330810547,-841.972900390625,88.30467987060547,23.451595306396484,120.27792358398438,23.45155035443587,120.27795604895486,5.743623219599196,53.46491187810898,0.9936758875846863,1
537,-844.9088745117188,93.24120330810547,-849.1180419921875,89.00590515136719,23.451595306396484,120.27792358398438,23.451556653649746,120.27788608413219,5.971167503521094,53.156524896621704,0.9815912246704102,1
538,-844.9088745117188,93.24120330810547,-851.6737670898438,91.0718765258789,23.451595306396484,120.27792358398438,23.451575212586366,120.27786105861651,7.10420652020028,52.96406615525484,0.9728763699531555,1
539,-854.8762817382812,94.49911499023438,-855.5178833007812,91.18224334716797,23.45160675048828,120.27783203125,23.45157620402839,120.27782341724787,3.378356118229765,53.44298295676708,0.8388493657112122,1
540,-854.8762817382812,94.49911499023438,-857.8615112304688,90.3091049194336,23.45160675048828,120.27783203125,23.451568360492445,120.27780046857568,5.144684588430859,53.99020202457905,0.8589783906936646,1
541,-854.8762817382812,94.49911499023438,-859.5215454101562,92.25365447998047,23.45160675048828,120.27783203125,23.451585828678354,120.27778421361482,5.159512330090058,53.42504568397999,0.5905055403709412,1
542,-864.874267578125,95.77928924560547,-859.6312255859375,91.53030395507812,23.451618194580078,120.2777328491211,23.45157933071003,120.27778313963275,6.748582468263925,53.63691598176956,0.8885695934295654,1
543,-864.874267578125,95.77928924560547,-862.6356811523438,93.65511322021484,23.451618194580078,120.2777328491211,23.45159841819642,120.27775372017368,3.0859995094841453,53.741331212222576,0.785292387008667,1
544,-874.8416748046875,96.90361785888672,-864.6735229492188,93.04847717285156,23.451627731323242,120.27763366699219,23.451592968692086,120.277733765742,10.874438921847702,53.74895874410868,0.6748490333557129,1
545,-874.8416748046875,96.90361785888672,-869.3038330078125,95.55035400390625,23.451627731323242,120.27763366699219,23.451615443434047,120.27768842600764,5.7007907195767435,53.93245164304972,0.25139448046684265,1
546,-874.8416748046875,96.90361785888672,-867.6821899414062,95.74512481689453,23.451627731323242,120.27763366699219,23.45161719309003,120.27770430504488,7.252608471156957,53.039638325572014,0.7343171238899231,1
547,-884.798828125,98.01681518554688,-874.1836547851562,94.72935485839844,23.451637268066406,120.27753448486328,23.45160806827324,120.27764064306865,11.11257397894405,53.26241813600063,0.9592987298965454,1
548,-884.798828125,98.01681518554688,-882.4869384765625,96.77869415283203,23.451637268066406,120.27753448486328,23.451626477801348,120.27755933778411,2.6225517036282313,53.20718605071306,0.5808870792388916,1
549,-884.798828125,98.01681518554688,-889.952880859375,97.4771957397461,23.451637268066406,120.27753448486328,23.451632752547862,120.27748623169835,5.1822243038105515,52.98434570431709,0.7740908861160278,1
550,-894.5925903320312,99.1968002319336,-894.66943359375,97.94718933105469,23.451648712158203,120.2774429321289,23.45163697457213,120.27744004748058,1.2519713616800379,54.20804489403963,0.9465448260307312,1
551,-894.5925903320312,99.1968002319336,-893.6094970703125,97.3670425415039,23.451648712158203,120.2774429321289,23.451631763024846,120.2774504263191,2.0771339790498335,52.9166404157877,0.987500786781311,1
552,-894.5925903320312,99.1968002319336,-891.9223022460938,97.94845581054688,23.451648712158203,120.2774429321289,23.451636985949104,120.27746694723545,2.947677434236504,53.49976662546396,0.9475935697555542,1
553,-904.4271850585938,100.47697448730469,-894.1041870117188,95.4759292602539,23.45166015625,120.27734375,23.4516147748652,120.27744558234316,11.470603385994675,54.40956261008978,0.8517963290214539,1
554,-904.4271850585938,100.47697448730469,-894.1997680664062,94.55987548828125,23.45166015625,120.27734375,23.451606545814155,120.27744464641889,11.815757229070414,53.72384190559387,0.8053997159004211,1
555,-904.4271850585938,100.47697448730469,-897.7041015625,99.57209777832031,23.45166015625,120.27734375,23.451651571373063,120.27741033218338,6.783705001981627,53.93597949296236,0.43250176310539246,1
556,-914.343505859375,101.62356567382812,-910.5113525390625,100.27281951904297,23.451669692993164,120.2772445678711,23.451657866063556,120.27728492430579,4.063239378260774,55.89388869702816,0.5565378069877625,1
557,-914.343505859375,101.62356567382812,-910.9821166992188,98.4259033203125,23.451669692993164,120.2772445678711,23.45164127493306,120.27728031460975,4.639394530874371,54.78120315819979,0.7247244715690613,1
558,-914.343505859375,101.62356567382812,-916.6287231445312,97.92058563232422,23.451669692993164,120.2772445678711,23.451636735587034,120.27722502335864,4.351353723630518,54.188734851777554,0.9232804775238037,1
559,-924.4130249023438,102.80355072021484,-916.2233276367188,98.94036865234375,23.45168113708496,120.27714538574219,23.45164589645377,120.27722899296853,9.055126558591347,55.09727913886309,0.8728793263435364,1
560,-924.4130249023438,102.80355072021484,-915.8680419921875,97.53553009033203,23.45168113708496,120.27714538574219,23.45163327657425,120.27723247190548,10.038365120463256,54.04155794531107,0.8249601125717163,1
561,-924.4130249023438,102.80355072021484,-917.9361572265625,99.3442153930664,23.45168113708496,120.27714538574219,23.451649524270763,120.27721222103801,7.342807078715687,55.47647085040808,0.585536003112793,1
562,-934.4722900390625,104.02806091308594,-932.3992919921875,99.79608154296875,23.451690673828125,120.27705383300781,23.451653583453453,120.27707059883997,4.7124272186894345,55.360314436256886,0.9437547922134399,1
563,-934.4722900390625,104.02806091308594,-936.8538818359375,99.24069213867188,23.451690673828125,120.27705383300781,23.45164859430555,120.27702697974803,5.34704397486846,54.97171729803085,0.9999581575393677,1
564,-944.3988647460938,105.27484130859375,-945.3444213867188,98.87505340576172,23.451702117919922,120.2769546508789,23.451645309716927,120.2769438408647,6.469262907152967,54.02499716728926,0.9992701411247253,1
565,-944.3988647460938,105.27484130859375,-945.834228515625,102.36837768554688,23.451702117919922,120.2769546508789,23.451676690782854,120.27693904470098,3.2415736831017314,54.106165654957294,0.9012809991836548,1
566,-944.3988647460938,105.27484130859375,-945.2122192382812,100.22966003417969,23.451702117919922,120.2769546508789,23.45165747835531,120.27694513538067,5.110322849063441,55.98033033311367,0.9997406601905823,1
567,-954.1619873046875,106.35464477539062,-950.734375,100.14804077148438,23.451711654663086,120.27685546875,23.451656745156995,120.2768910627436,7.090166385392535,55.03430962562561,0.9930070638656616,1
568,-954.1619873046875,106.35464477539062,-952.7399291992188,101.63092041015625,23.451711654663086,120.27685546875,23.451670066091438,120.27687142447026,4.933135020860291,54.92110177874565,0.987720787525177,1
569,-954.1619873046875,106.35464477539062,-949.4459838867188,103.28202819824219,23.451711654663086,120.27685546875,23.451684898245055,120.27690367859655,5.6286464508317025,54.8013299703598,0.6556684970855713,1
570,-963.8433837890625,107.45670318603516,-961.3841552734375,101.11459350585938,23.451723098754883,120.27676391601562,23.45166542784794,120.27678678069718,6.802217291989612,53.28358802944422,0.9881635308265686,1
571,-963.8433837890625,107.45670318603516,-962.710205078125,101.28941345214844,23.451723098754883,120.27676391601562,23.451666998282235,120.27677379609246,6.270530811073852,53.44719346612692,0.9996762275695801,1
572,-963.8433837890625,107.45670318603516,-961.0612182617188,107.27000427246094,23.451723098754883,120.27676391601562,23.451720722843657,120.27678994287815,2.7884227631171212,53.88711113482714,0.9522796869277954,1
573,-973.7188720703125,108.77027130126953,-965.6888427734375,107.1694564819336,23.45173454284668,120.27666473388672,23.451719819607487,120.27674462944053,8.18803875140295,53.520482033491135,0.990060567855835,1
574,-973.7188720703125,108.77027130126953,-967.3750610351562,107.8695297241211,23.45173454284668,120.27666473388672,23.45172610847242,120.27672811808662,6.407438945364525,53.61850745975971,0.7154651880264282,1
575,-973.7188720703125,108.77027130126953,-975.9733276367188,107.3863754272461,23.45173454284668,120.27666473388672,23.451721768223525,120.2766439243461,2.6453237403083993,53.862130269408226,0.987585186958313,1
576,-983.8700561523438,110.03931427001953,-978.2413330078125,107.92998504638672,23.451745986938477,120.27656555175781,23.45172665155182,120.27662171616572,6.010972800758058,53.9248026907444,0.9527543783187866,1
577,-983.8700561523438,110.03931427001953,-984.7657470703125,109.80355834960938,23.451745986938477,120.27656555175781,23.45174348214716,120.27655782947204,0.9261981831876707,53.914155811071396,0.7279049158096313,1
578,-983.8700561523438,110.03931427001953,-987.9247436523438,107.70169067382812,23.451745986938477,120.27656555175781,23.45172460074858,120.27652689675608,4.680275077399521,54.41832076758146,0.9455261826515198,1
579,-994.08251953125,111.19703674316406,-994.290771484375,108.50639343261719,23.45175552368164,120.2764663696289,23.451731829516454,120.2764645609714,2.698690478838028,54.29309234023094,0.9898174405097961,1
580,-994.08251953125,111.19703674316406,-996.6004028320312,108.2168960571289,23.45175552368164,120.2764663696289,23.45172922891728,120.27644194519182,3.9014067751152504,54.505906999111176,0.9754314422607422,1
581,-1003.9988403320312,112.3881607055664,-1005.55078125,108.94549560546875,23.451766967773438,120.2763671875,23.451735774038383,120.2763543035923,3.7763029015554475,54.0876779705286,0.8945149183273315,1
582,-1003.9988403320312,112.3881607055664,-1001.8616943359375,112.43023681640625,23.451766967773438,120.2763671875,23.451767078001293,120.27639042692282,2.137560153006917,54.237295873463154,0.7263675332069397,1
583,-1003.9988403320312,112.3881607055664,-1004.7490844726562,113.11955261230469,23.451766967773438,120.2763671875,23.451773270230444,120.27636215376182,1.0477597013554223,54.52601332217455,0.9253968000411987,1
584,-1013.772216796875,113.54588317871094,-1013.003173828125,111.19189453125,23.4517765045166,120.27627563476562,23.451755953783277,120.27628133018544,2.476426788774259,54.814196191728115,0.9909789562225342,1
585,-1013.772216796875,113.54588317871094,-1013.97119140625,111.2225570678711,23.4517765045166,120.27627563476562,23.45175622922953,120.27627185141203,2.3318308498873,55.155578069388866,0.9764310717582703,1
586,-1013.772216796875,113.54588317871094,-1013.01171875,110.065185546875,23.4517765045166,120.27627563476562,23.451745832384262,120.27628124651405,3.562809745631809,54.90921996533871,0.8650984764099121,1
587,-1023.6680908203125,114.74813079833984,-1016.9404296875,115.3403091430664,23.4517879486084,120.27617645263672,23.451793219625785,120.27624277679864,6.753673038422801,55.14570325613022,0.9015117287635803,1
588,-1023.6680908203125,114.74813079833984,-1016.392822265625,115.28665924072266,23.4517879486084,120.27617645263672,23.45179273768051,120.27624813893955,7.295172748200004,53.71408257633448,0.3332556188106537,1
589,-1023.6680908203125,114.74813079833984,-1025.51025390625,117.02482604980469,23.4517879486084,120.27617645263672,23.45180835189862,120.27615886156433,2.9286355360872984,54.54281624406576,0.9892755150794983,1
590,-1033.5946044921875,116.00604248046875,-1031.2510986328125,115.97307586669922,23.451799392700195,120.27607727050781,23.451798903865974,120.27610264753729,2.343737722218164,55.35562802106142,0.999286949634552,1
591,-1033.5946044921875,116.00604248046875,-1029.934814453125,116.84477233886719,23.451799392700195,120.27607727050781,23.451806734448617,120.27611553651757,3.754667882168829,53.924730978906155,0.9809362888336182,1
592,-1033.5946044921875,116.00604248046875,-1027.829345703125,119.01280212402344,23.451799392700195,120.27607727050781,23.45182621019154,120.27613615314854,6.502215965266881,54.17715758085251,0.9080104231834412,1
593,-1043.4088134765625,117.23055267333984,-1032.2197265625,118.80589294433594,23.451810836791992,120.27598571777344,23.451824351494754,120.27609316278735,11.29944082421191,55.26677146553993,0.9890986680984497,1
594,-1043.4088134765625,117.23055267333984,-1036.816162109375,116.48065185546875,23.451810836791992,120.27598571777344,23.45180346349866,120.27604815475031,6.635164149131727,56.54563847929239,0.9934117197990417,1
595,-1043.4088134765625,117.23055267333984,-1047.4378662109375,116.07525634765625,23.451810836791992,120.27598571777344,23.45179982176885,120.27594414762417,4.191416888894813,54.8323392868042,0.948351263999939,1
596,-1053.233154296875,118.4105453491211,-1048.730224609375,117.05317687988281,23.451820373535156,120.27588653564453,23.45180860657846,120.27593149292379,4.7030654824115645,56.75716791301966,0.9449108839035034,1
597,-1053.233154296875,118.4105453491211,-1051.7369384765625,116.17089080810547,23.451820373535156,120.27588653564453,23.451800680867827,120.27590205135157,2.693457674448462,54.97429985553026,0.6509407758712769,1
598,-1053.233154296875,118.4105453491211,-1051.562255859375,118.47023010253906,23.451820373535156,120.27588653564453,23.451821336184143,120.27590376183389,1.6719640720513418,53.92648372799158,0.7251655459403992,1
599,-1063.3231201171875,119.57939910888672,-1057.5313720703125,116.764404296875,23.451831817626953,120.27578735351562,23.45180601249021,120.27584531258537,6.439607226386814,54.018025286495686,0.9980376362800598,1
600,-1063.3231201171875,119.57939910888672,-1064.4412841796875,117.87327575683594,23.451831817626953,120.27578735351562,23.451815973652018,120.2757776511166,2.0398891546060773,53.85765619575977,0.9989758729934692,1
601,-1063.3231201171875,119.57939910888672,-1068.3970947265625,118.40377807617188,23.451831817626953,120.27578735351562,23.451820739235433,120.27573891604334,5.2083877686999935,54.75765373557806,0.9948903322219849,1
602,-1073.4232177734375,120.75938415527344,-1075.7015380859375,120.10515594482422,23.451841354370117,120.27568817138672,23.45183602297287,120.27566739134687,2.370391950226309,56.341237388551235,0.9485080242156982,1
603,-1073.4232177734375,120.75938415527344,-1075.50537109375,114.94837951660156,23.451841354370117,120.27568817138672,23.451789698862047,120.27566931220298,6.172773878893865,56.3039630651474,0.8311026096343994,1
604,-1083.339599609375,121.93936920166016,-1085.1015625,118.44747924804688,23.451852798461914,120.27558898925781,23.45182113180974,120.27557534683919,3.9112413216375397,54.25257608294487,0.9255293011665344,1
605,-1083.339599609375,121.93936920166016,-1085.657958984375,118.852783203125,23.451852798461914,120.27558898925781,23.451824772717117,120.27556989863626,3.8602853933360493,55.00862933695316,0.6381543278694153,1
606,-1083.339599609375,121.93936920166016,-1089.5263671875,119.05479431152344,23.451852798461914,120.27558898925781,23.451826587413777,120.27553201940181,6.826189666464443,59.80106443166733,0.6998968720436096,1
607,-1093.194580078125,123.0859603881836,-1089.0428466796875,119.97919464111328,23.451862335205078,120.27549743652344,23.451834891443227,120.27553675400729,5.185449220546929,55.52332755178213,0.8949751853942871,1
608,-1093.194580078125,123.0859603881836,-1091.2596435546875,119.31875610351562,23.451862335205078,120.27549743652344,23.4518289586229,120.2755150472576,4.235068768290912,54.99226599931717,0.7726120948791504,1
609,-1093.194580078125,123.0859603881836,-1091.4251708984375,118.34637451171875,23.451862335205078,120.27549743652344,23.45182022357044,120.27551342642322,5.059099042867951,55.90101424604654,0.6870641708374023,1
610,-1103.0599365234375,124.17689514160156,-1099.89892578125,120.62730407714844,23.451871871948242,120.27539825439453,23.45184071350935,120.27543045189441,4.753060659940102,55.384449660778046,0.9862620830535889,1
611,-1103.0599365234375,124.17689514160156,-1097.5985107421875,126.42440795898438,23.451871871948242,120.27539825439453,23.451892789779553,120.27545297742843,5.9058009980359305,54.66586537659168,0.7958939075469971,1
612,-1103.0599365234375,124.17689514160156,-1099.5906982421875,123.12332916259766,23.451871871948242,120.27539825439453,23.451863135684185,120.27543347004105,3.625688282823679,54.01011183857918,0.9331149458885193,1
613,-1112.945556640625,125.36801147460938,-1105.224609375,124.66898345947266,23.45188331604004,120.27529907226562,23.451877020532972,120.2753783031017,7.752526481380643,55.26881106197834,0.8696309328079224,1
614,-1112.945556640625,125.36801147460938,-1116.6259765625,125.08671569824219,23.45188331604004,120.27529907226562,23.45188077308552,120.27526666155872,3.6911540356826618,54.92481216788292,0.7692655324935913,1
615,-1112.945556640625,125.36801147460938,-1117.2513427734375,125.13668823242188,23.45188331604004,120.27529907226562,23.451881221996434,120.27526053800813,4.3119954387611035,53.58976125717163,0.718514084815979,1
616,-1123.0252685546875,126.71497344970703,-1114.969482421875,121.61729431152344,23.451894760131836,120.27520751953125,23.451849606742933,120.2752828818557,9.533206323870601,54.43918239325285,0.8354071974754333,1
617,-1123.0252685546875,126.71497344970703,-1116.31201171875,126.16767120361328,23.451894760131836,120.27520751953125,23.451890483474042,120.27526973588472,6.7355294590582,55.19198998808861,0.8202658891677856,1
618,-1123.0252685546875,126.71497344970703,-1121.8402099609375,122.03163146972656,23.451894760131836,120.27520751953125,23.451853328796954,120.27521560408003,4.83094773021486,54.23161759972572,0.9808822274208069,1
619,-1132.941650390625,128.0619354248047,-1120.8035888671875,122.76360321044922,23.451908111572266,120.27510833740234,23.451859904210977,120.27522575461518,13.244050052775805,55.49252964556217,0.9028928875923157,1
620,-1132.941650390625,128.0619354248047,-1128.3758544921875,122.30574035644531,23.451908111572266,120.27510833740234,23.451855791158977,120.27515160741822,7.347126911330271,55.65101560205221,0.9970378875732422,1
621,-1132.941650390625,128.0619354248047,-1128.730712890625,126.71598815917969,23.451908111572266,120.27510833740234,23.451895409089058,120.27514813266485,4.420810861227798,53.50622162222862,0.8737699389457703,1
622,-1142.796630859375,129.29759216308594,-1131.8916015625,126.1798324584961,23.45191764831543,120.27500915527344,23.451890592720453,120.27511718142165,11.341961450351796,52.733590826392174,0.9869957566261292,1
623,-1142.796630859375,129.29759216308594,-1136.41162109375,127.71488952636719,23.45191764831543,120.27500915527344,23.451904382372714,120.27507292164591,6.5782442447360605,52.53164563328028,0.9887547492980957,1
624,-1142.796630859375,129.29759216308594,-1141.596923828125,127.11750793457031,23.45191764831543,120.27500915527344,23.451899016002567,120.27502214745466,2.488385863216004,54.592980071902275,0.985848069190979,1
625,-1152.774169921875,130.48870849609375,-1145.3858642578125,129.13600158691406,23.451929092407227,120.27490997314453,23.451917148439556,120.27498504636415,7.511116865537407,53.90437040477991,0.990273654460907,1
626,-1152.774169921875,130.48870849609375,-1150.009765625,131.2332000732422,23.451929092407227,120.27490997314453,23.451935987894096,120.27493976938335,2.862900421779621,54.490864276885986,0.958570122718811,1
627,-1162.83349609375,131.51284790039062,-1154.64404296875,130.73880004882812,23.45193862915039,120.27481079101562,23.451931546623115,120.27489439080156,8.225952380307145,54.00595162063837,0.746103823184967,1
628,-1162.83349609375,131.51284790039062,-1160.9261474609375,129.11184692382812,23.45193862915039,120.27481079101562,23.451916931454527,120.2748328767895,3.0663960110438757,53.9057869464159,0.7791659235954285,1
629,-1162.83349609375,131.51284790039062,-1165.8079833984375,132.58126831054688,23.45193862915039,120.27481079101562,23.451948097797114,120.27478507412796,3.1605532583055074,53.89020126312971,0.9203668236732483,1
630,-1172.8212890625,132.64830017089844,-1168.7364501953125,131.405517578125,23.451948165893555,120.27471923828125,23.451937535848582,120.27475639874663,4.269709257524021,54.24080137163401,0.9970754384994507,1
631,-1172.8212890625,132.64830017089844,-1167.61328125,133.05059814453125,23.451948165893555,120.27471923828125,23.451952313858744,120.27476739675345,5.2235226652758096,54.3896546587348,0.8812291622161865,1
632,-1172.8212890625,132.64830017089844,-1169.615234375,131.4956817626953,23.451948165893555,120.27471923828125,23.451938345807232,120.27474779374161,3.406951108273999,54.49672415852547,0.9969937801361084,1
633,-1182.6558837890625,133.8060302734375,-1182.8153076171875,132.1138916015625,23.45195960998535,120.27462005615234,23.451943899280703,120.2746185393706,1.6996320901386035,54.33391872793436,0.9494548439979553,1
634,-1182.6558837890625,133.8060302734375,-1180.861083984375,131.8055419921875,23.45195960998535,120.27462005615234,23.451941129329033,120.27463767501796,2.687612267855032,55.04851974546909,0.9960654377937317,1
635,-1182.6558837890625,133.8060302734375,-1178.9947509765625,132.4037628173828,23.45195960998535,120.27462005615234,23.451946503238137,120.27465595004527,3.920490720442307,54.505256935954094,0.9696611166000366,1
636,-1192.4599609375,134.93035888671875,-1178.44189453125,128.3129425048828,23.451969146728516,120.27452087402344,23.451909754774025,120.27466136358433,15.501496229094322,55.20911421626806,0.7293819189071655,1
637,-1192.4599609375,134.93035888671875,-1188.826171875,132.0933380126953,23.451969146728516,120.27452087402344,23.45194371464467,120.27455968132759,4.610109585507631,56.00129812955856,0.9792091846466064,1
638,-1192.4599609375,134.93035888671875,-1193.7137451171875,135.43724060058594,23.451969146728516,120.27452087402344,23.451973753432707,120.27451182248669,1.3523697131655954,55.19950110465288,0.9495426416397095,1
639,-1202.2740478515625,136.19940185546875,-1197.205078125,132.97006225585938,23.451980590820312,120.27442932128906,23.451951590392547,120.27447763555124,6.010248608702667,56.99346959590912,0.9997813105583191,1
640,-1202.2740478515625,136.19940185546875,-1198.987548828125,136.16690063476562,23.451980590820312,120.27442932128906,23.451980308080316,120.27446018169887,3.2866597268964175,56.09129834920168,0.9623467326164246,1
641,-1202.2740478515625,136.19940185546875,-1200.0177001953125,137.29409790039062,23.451980590820312,120.27442932128906,23.451990433865635,120.2744500945149,2.5078804151379437,55.635388009250164,0.7384680509567261,1
642,-1212.2823486328125,137.49070739746094,-1202.978759765625,136.36119079589844,23.45199203491211,120.27433013916016,23.45198205341853,120.27442109998698,9.371903411946823,55.993577465415,0.9862461090087891,1
643,-1212.2823486328125,137.49070739746094,-1213.0213623046875,135.91659545898438,23.45199203491211,120.27433013916016,23.451978059550665,120.27432276339061,1.738956469286282,55.50629459321499,0.9982153177261353,1
644,-1222.351806640625,138.75975036621094,-1213.177490234375,138.716064453125,23.452003479003906,120.27423095703125,23.452003207608513,120.27432123459475,9.17442041662524,55.854203179478645,0.7632541656494141,1
645,-1222.351806640625,138.75975036621094,-1216.8387451171875,135.35720825195312,23.452003479003906,120.27423095703125,23.451973034489885,120.27428538379391,6.478513733913437,54.62851654738188,0.9911289215087891,1
646,-1222.351806640625,138.75975036621094,-1218.47705078125,136.07603454589844,23.452003479003906,120.27423095703125,23.45197949181635,120.27426934159746,4.7133919393528565,54.57883235067129,0.9769729375839233,1
647,-1232.3702392578125,139.99539184570312,-1227.08642578125,136.3298797607422,23.452014923095703,120.27413177490234,23.451981772146713,120.27418503908413,6.430759185360479,55.102032609283924,0.989434540271759,1
648,-1232.3702392578125,139.99539184570312,-1228.1160888671875,135.55323791503906,23.452014923095703,120.27413177490234,23.45197479545431,120.27417495668139,6.150652574302097,53.71248722076416,0.9280730485916138,1
649,-1232.3702392578125,139.99539184570312,-1231.9937744140625,134.71841430664062,23.452014923095703,120.27413177490234,23.45196729610624,120.27413698660372,5.290389184771743,53.926111198961735,0.9864511489868164,1
650,-1242.215087890625,141.0417938232422,-1243.94189453125,136.7029571533203,23.452024459838867,120.27404022216797,23.451985123557954,120.27401999128695,4.669835631193602,55.417174473404884,0.9990469813346863,1
651,-1242.215087890625,141.0417938232422,-1245.0035400390625,140.4806671142578,23.452024459838867,120.27404022216797,23.45201905930392,120.27400959571415,2.844350289198105,55.14640361070633,0.997190535068512,1
652,-1242.215087890625,141.0417938232422,-1246.2265625,142.4405517578125,23.452024459838867,120.27404022216797,23.452036665247224,120.27399761994734,4.2483470080942904,55.43500743806362,0.9929744005203247,1
653,-1251.978271484375,142.12159729003906,-1247.0029296875,142.84999084472656,23.45203399658203,120.27394104003906,23.45204034330112,120.27399001780373,5.028377786746104,55.415372364223,0.8914288878440857,1
654,-1251.978271484375,142.12159729003906,-1252.7984619140625,145.86622619628906,23.45203399658203,120.27394104003906,23.45206743860429,120.27393326827978,3.833400316491096,53.54347173124552,0.9961701035499573,1
655,-1251.978271484375,142.12159729003906,-1252.855712890625,148.48777770996094,23.45203399658203,120.27394104003906,23.45209098840222,120.27393270768145,6.426364178942759,54.80939708650112,0.8396056890487671,1
656,-1261.833251953125,143.35723876953125,-1257.7196044921875,146.2671356201172,23.452045440673828,120.27384185791016,23.45207104003492,120.27388508072984,5.038808898333762,54.04941085726023,0.9986112117767334,1
657,-1261.833251953125,143.35723876953125,-1261.808837890625,146.2787322998047,23.452045440673828,120.27384185791016,23.452071144209665,120.27384503918756,2.9215955390637673,55.24624418467283,0.9819691777229309,1
658,-1261.833251953125,143.35723876953125,-1267.1025390625,146.8816680908203,23.452045440673828,120.27384185791016,23.45207656047403,120.27379320356494,6.339320837580917,54.77026663720608,0.9814779758453369,1
659,-1271.8720703125,144.6151580810547,-1265.5794677734375,144.9005889892578,23.452056884765625,120.27375030517578,23.45205876413767,120.27380811739289,6.299072750649376,54.85479161143303,0.9792861342430115,1
660,-1271.8720703125,144.6151580810547,-1269.5478515625,140.0780029296875,23.452056884765625,120.27375030517578,23.452015442110007,120.27376925920316,5.097820089550961,54.71595749258995,0.8341836333274841,1
661,-1271.8720703125,144.6151580810547,-1270.1427001953125,141.92208862304688,23.452056884765625,120.27375030517578,23.452032007813642,120.27376343447898,3.200522474202548,53.87050472199917,0.5837253332138062,1
662,-1281.9212646484375,145.85079956054688,-1273.103515625,148.0233917236328,23.45206642150879,120.27365112304688,23.452086816751926,120.27373444234166,9.081456631368969,54.97880186885595,0.9388755559921265,1
663,-1281.9212646484375,145.85079956054688,-1274.8525390625,149.4835968017578,23.45206642150879,120.27365112304688,23.45209993399732,120.27371731600303,7.947584362876387,53.65213192999363,0.5453294515609741,1
664,-1291.929443359375,146.9862518310547,-1291.304443359375,148.43101501464844,23.452077865600586,120.27355194091797,23.452090478494252,120.27355621988615,1.5741555376353213,53.45053784549236,0.9989628791809082,1
665,-1291.929443359375,146.9862518310547,-1290.14306640625,147.46807861328125,23.452077865600586,120.27355194091797,23.45208182828938,120.27356759202362,1.850216113519435,53.078893572092056,0.9948017597198486,1
666,-1291.929443359375,146.9862518310547,-1287.7950439453125,148.40028381347656,23.452077865600586,120.27355194091797,23.452090202431172,120.27359058372683,4.369524569368192,53.6976233124733,0.934338390827179,1
667,-1301.38623046875,148.08831787109375,-1289.48583984375,147.31272888183594,23.45208740234375,120.2734603881836,23.452080432759,120.27357402754897,11.925637731704159,54.12989854812622,0.9980311989784241,1
668,-1301.38623046875,148.08831787109375,-1300.9449462890625,144.10792541503906,23.45208740234375,120.2734603881836,23.45205164351963,120.27346182062642,4.004779123929251,54.88193314522505,0.9568055272102356,1
669,-1301.38623046875,148.08831787109375,-1301.19482421875,150.87960815429688,23.45208740234375,120.2734603881836,23.45211247458067,120.27345937383586,2.797845206161921,56.122422218322754,0.9624877572059631,1
670,-1309.515380859375,149.1347198486328,-1301.195068359375,150.67117309570312,23.452096939086914,120.27337646484375,23.45211060217668,120.27345937144526,8.460986271002284,55.49244675785303,0.9762376546859741,1
671,-1309.515380859375,149.1347198486328,-1308.5513916015625,148.2701416015625,23.452096939086914,120.27337646484375,23.452089033343793,120.27338733874392,1.2949018628780595,57.351152412593365,0.9879059791564941,1
672,-1309.515380859375,149.1347198486328,-1311.195068359375,148.7279815673828,23.452096939086914,120.27337646484375,23.452093146190183,120.27336145201053,1.7282320813740422,54.36466820538044,0.990308940410614,1
673,-1315.285400390625,150.02528381347656,-1312.3548583984375,147.55508422851562,23.452104568481445,120.27332305908203,23.45208260987412,120.27335009541204,3.832748668712243,55.09253218770027,0.9865462779998779,1
674,-1315.285400390625,150.02528381347656,-1314.5174560546875,141.1857452392578,23.452104568481445,120.27332305908203,23.452025393128483,120.27332891937803,8.872833860058451,54.57857623696327,0.8567147254943848,1
675,-1315.285400390625,150.02528381347656,-1316.4066162109375,144.96202087402344,23.452104568481445,120.27332305908203,23.45205931598968,120.27331042082858,5.185919061242524,54.02757227420807,0.9043756723403931,1
676,-1318.155029296875,151.5392303466797,-1316.155517578125,143.0425567626953,23.452117919921875,120.2732925415039,23.452042073150196,120.2733128795722,8.728774776920096,54.87626791000366,0.735368013381958,1
677,-1318.155029296875,151.5392303466797,-1319.69580078125,150.60415649414062,23.452117919921875,120.2732925415039,23.452110000156306,120.2732782133192,1.802315143576557,56.92108999937773,0.9698240756988525,1
678,-1318.155029296875,151.5392303466797,-1317.5172119140625,151.58132934570312,23.452117919921875,120.2732925415039,23.452118778249385,120.27329954593823,0.6392052405421614,55.598003789782524,0.870031476020813,1
679,-1318.5125732421875,155.0791778564453,-1313.2802734375,153.18533325195312,23.452150344848633,120.2732925415039,23.452133187261634,120.27334103380029,5.564495361854211,55.668747052550316,0.946894109249115,1
680,-1318.5125732421875,155.0791778564453,-1314.2515869140625,154.67518615722656,23.452150344848633,120.2732925415039,23.452146570837993,120.27333152275364,4.280095066877116,54.407176561653614,0.4266411364078522,1
681,-1318.5125732421875,155.0791778564453,-1315.2225341796875,159.39556884765625,23.452150344848633,120.2732925415039,23.452188974757167,120.27332201529289,5.427300270095881,54.56424970179796,0.5760676264762878,1
682,-1318.0120849609375,160.70082092285156,-1315.2642822265625,156.70913696289062,23.452199935913086,120.2732925415039,23.45216484212895,120.27332160649838,4.846025247896276,53.44416107982397,0.6318397521972656,1
683,-1318.0120849609375,160.70082092285156,-1316.51513671875,162.4492950439453,23.452199935913086,120.2732925415039,23.452216406846325,120.2733093582019,2.3017419038464775,56.42032064497471,0.9406542778015137,1
684,-1317.429931640625,168.32620239257812,-1319.376708984375,163.99755859375,23.452268600463867,120.27330017089844,23.452230315134432,120.27328133784803,4.746272133292768,57.285974733531475,0.8870652318000793,1
685,-1317.429931640625,168.32620239257812,-1316.2103271484375,166.9368896484375,23.452268600463867,120.27330017089844,23.452256719594548,120.27331234287999,1.8486819678883342,54.31077443063259,0.9433296322822571,1
686,-1317.429931640625,168.32620239257812,-1313.731689453125,168.201904296875,23.452268600463867,120.27330017089844,23.45226808341448,120.27333661356018,3.7003304303805367,54.82289846986532,0.5411495566368103,1
687,-1316.53125,177.39874267578125,-1314.9168701171875,168.2070770263672,23.452350616455078,120.27330780029297,23.4522681298819,120.27332500833812,9.332359820358844,53.07633336633444,0.7764556407928467,1
688,-1316.53125,177.39874267578125,-1321.7576904296875,172.00221252441406,23.452350616455078,120.27330780029297,23.452302222164132,120.27325802341231,7.512537336991226,53.41073125600815,0.7132918834686279,1
689,-1316.53125,177.39874267578125,-1319.253662109375,175.2142791748047,23.452350616455078,120.27330780029297,23.452331076649788,120.27328254271607,3.4904739621390126,54.16152719408274,0.9767557382583618,1
690,-1315.2138671875,187.25051879882812,-1314.3592529296875,174.66067504882812,23.452438354492188,120.27332305908203,23.45232610353931,120.2733304684941,12.618816552239378,54.22834027558565,0.41490256786346436,1
691,-1315.2138671875,187.25051879882812,-1317.9571533203125,182.6522216796875,23.452438354492188,120.27332305908203,23.452397892824134,120.27329523805686,5.354433228865435,54.504324682056904,0.8945266604423523,1
692,-1315.2138671875,187.25051879882812,-1317.3607177734375,182.98545837402344,23.452438354492188,120.27332305908203,23.45240088634029,120.27330107832002,4.77490396401596,53.75608243048191,0.7967314124107361,1
693,-1313.8555908203125,197.3917236328125,-1314.4111328125,189.18016052246094,23.452529907226562,120.2733383178711,23.452456534296495,120.27332996048922,8.2303338705286,52.232006564736366,0.9627100825309753,1
694,-1313.8555908203125,197.3917236328125,-1314.010009765625,192.1932830810547,23.452529907226562,120.2733383178711,23.45248360163697,120.27333388826341,5.200733542571807,52.60465480387211,0.9971810579299927,1
695,-1313.8555908203125,197.3917236328125,-1318.0477294921875,195.69345092773438,23.452529907226562,120.2733383178711,23.452515044179705,120.2732943511401,4.523069403076108,53.55358310043812,0.6842340230941772,1
696,-1312.68115234375,207.4661407470703,-1317.5621337890625,198.6945343017578,23.452621459960938,120.27334594726562,23.452542003370343,120.27329910606578,10.038180089086502,52.388617768883705,0.9622631669044495,1
697,-1312.68115234375,207.4661407470703,-1320.5963134765625,206.9624481201172,23.452621459960938,120.27334594726562,23.45261627530385,120.27326939554979,7.931171541508391,55.69696705788374,0.8972787857055664,1
698,-1312.68115234375,207.4661407470703,-1317.4425048828125,206.8605499267578,23.452621459960938,120.27334594726562,23.452615359936807,120.27330027746527,4.799710224886882,52.034768275916576,0.9222567677497864,1
699,-1311.557861328125,217.4737548828125,-1314.3824462890625,215.7910614013672,23.45271110534668,120.27336120605469,23.45269558408633,120.27333024138603,3.2878165329064277,52.67181247472763,0.9006922245025635,1
700,-1311.557861328125,217.4737548828125,-1313.32275390625,217.17413330078125,23.45271110534668,120.27336120605469,23.452708008432595,120.27334061783394,1.790144939589981,52.89627984166145,0.22468626499176025,1
701,-1311.557861328125,217.4737548828125,-1309.9586181640625,217.14112854003906,23.45271110534668,120.27336120605469,23.452707711945784,120.27337355926096,1.6334683901770088,53.116222843527794,0.5208755135536194,1
702,-1310.475341796875,227.23648071289062,-1314.908203125,221.65283203125,23.45279884338379,120.27336883544922,23.45274824126782,120.27332509320482,7.1293332194794505,53.55002358555794,0.7525167465209961,1
703,-1310.475341796875,227.23648071289062,-1311.3885498046875,222.1354217529297,23.45279884338379,120.27336883544922,23.45275257644505,120.27335955745116,5.182157019864473,52.71036550402641,0.9748254418373108,1
704,-1309.515380859375,236.11976623535156,-1308.8089599609375,222.1164093017578,23.452878952026367,120.27337646484375,23.452752405653296,120.2733848166491,14.021163856662449,53.858017548918724,0.28246814012527466,1
705,-1309.515380859375,236.11976623535156,-1314.9080810546875,225.09869384765625,23.452878952026367,120.27337646484375,23.45277919597119,120.27332509440012,12.269688340432431,53.315283730626106,0.7768032550811768,1
706,-1309.515380859375,236.11976623535156,-1315.9423828125,225.51620483398438,23.452878952026367,120.27337646484375,23.45278294653619,120.27331496657577,12.399268869495355,52.62418370693922,0.6847874522209167,1
707,-1308.72900390625,243.23309326171875,-1308.0460205078125,237.5347900390625,23.45294189453125,120.27338409423828,23.452890911324022,120.2733922873091,5.739087552902102,53.49731259047985,0.877292275428772,1
708,-1308.72900390625,243.23309326171875,-1311.0494384765625,241.42759704589844,23.45294189453125,120.27338409423828,23.452925881004347,120.27336287801012,2.940107681776779,54.06143516302109,0.6622175574302673,1
709,-1308.72900390625,243.23309326171875,-1305.2257080078125,242.4943084716797,23.45294189453125,120.27338409423828,23.452935463436123,120.27341990364967,3.580347066696478,53.81853971630335,0.958973228931427,1
710,-1307.52392578125,247.61907958984375,-1304.3861083984375,245.54847717285156,23.45298194885254,120.27339935302734,23.452962899500367,120.27342812496158,3.7594271235301493,54.67699654400349,0.3847196698188782,1
711,-1307.52392578125,247.61907958984375,-1311.668212890625,247.4627227783203,23.45298194885254,120.27339935302734,23.452980095461218,120.27335681900604,4.14723559705035,54.57158200442791,0.9915915727615356,1
712,-1307.52392578125,247.61907958984375,-1306.6761474609375,249.38397216796875,23.45298194885254,120.27339935302734,23.45299735433813,120.27340570102854,1.957951453104135,54.767368361353874,0.8449923396110535,1
713,-1304.9503173828125,248.98831176757812,-1309.184326171875,249.80145263671875,23.452993392944336,120.27342224121094,23.45300110462899,120.27338114108437,4.311383594500177,53.5159707069397,0.9711975455284119,1
714,-1304.9503173828125,248.98831176757812,-1310.0723876953125,250.5338134765625,23.452993392944336,120.27342224121094,23.45300768353835,120.27337244523613,5.350156990095475,52.81855072826147,0.9719797372817993,1
715,-1304.9503173828125,248.98831176757812,-1301.92333984375,248.29638671875,23.452993392944336,120.27342224121094,23.45298758439181,120.27345224025206,3.1050528651191547,52.994037978351116,0.9443629384040833,1
716,-1300.42626953125,248.83245849609375,-1302.006591796875,247.9035186767578,23.452991485595703,120.27346801757812,23.452984055198144,120.27345142505364,1.8331251051627702,53.48048359155655,0.9876776337623596,1
717,-1300.42626953125,248.83245849609375,-1301.551513671875,248.1814727783203,23.452991485595703,120.27346801757812,23.45298655210232,120.2734558811529,1.2999833771075275,53.23927942663431,0.7639229893684387,1
718,-1300.42626953125,248.83245849609375,-1301.984375,248.96189880371094,23.452991485595703,120.27346801757812,23.45299356278859,120.27345164259926,1.563472879516843,54.68307621777058,0.792637288570404,1
719,-1294.033203125,248.50962829589844,-1295.026123046875,252.20071411132812,23.45298957824707,120.27352905273438,23.453022657561522,120.27351977740904,3.822303555203655,55.62898702919483,0.6259604692459106,1
720,-1294.033203125,248.50962829589844,-1294.93359375,252.63926696777344,23.45298957824707,120.27352905273438,23.45302659714886,120.27352068345068,4.22665575104401,54.24971878528595,0.9902544617652893,1
721,-1294.033203125,248.50962829589844,-1291.098876953125,255.03919982910156,23.45298957824707,120.27352905273438,23.453048156112562,120.27355823278079,7.158601433951132,54.973519407212734,0.9737932085990906,1
722,-1285.781494140625,247.6524658203125,-1289.0584716796875,248.7178955078125,23.45298194885254,120.27361297607422,23.452991370869686,120.27357821231388,3.445826781851703,54.17596735060215,0.999142050743103,1
723,-1285.781494140625,247.6524658203125,-1284.3846435546875,246.85006713867188,23.45298194885254,120.27361297607422,23.452974591881965,120.27362397817467,1.6109112960472252,53.86832635849714,0.9972895383834839,1
724,-1276.2022705078125,246.2275848388672,-1284.8614501953125,242.92247009277344,23.45296859741211,120.2737045288086,23.452939309677404,120.273619309311,9.26850453661533,53.97126078605652,0.9903538227081299,1
725,-1276.2022705078125,246.2275848388672,-1277.77685546875,240.36605834960938,23.45296859741211,120.2737045288086,23.45291634503999,120.27368868126209,6.069333619391964,54.37517445534468,0.9973551034927368,1
726,-1276.2022705078125,246.2275848388672,-1279.0440673828125,237.75485229492188,23.45296859741211,120.2737045288086,23.4528928881769,120.27367627279466,8.936610444681461,52.60681360960007,0.9806655049324036,1
727,-1266.1123046875,244.6468505859375,-1268.1513671875,246.0560760498047,23.45295524597168,120.2738037109375,23.452967459338662,120.27378293349922,2.478647269564175,53.44830825924873,0.9860812425613403,1
728,-1266.1123046875,244.6468505859375,-1267.67626953125,243.9827880859375,23.45295524597168,120.2738037109375,23.452948834675997,120.27378758562861,1.6991071291687916,53.930691443383694,0.998954176902771,1
729,-1266.1123046875,244.6468505859375,-1265.3514404296875,247.15359497070312,23.45295524597168,120.2738037109375,23.452977318518872,120.27381035022375,2.6196720843209667,53.62603347748518,0.8645656108856201,1
730,-1255.9713134765625,243.2887420654297,-1258.945068359375,240.24102783203125,23.45294189453125,120.2739028930664,23.45291522187174,120.27387308105692,4.258142805438847,53.88299003243446,0.9943338632583618,1
731,-1255.9713134765625,243.2887420654297,-1258.9527587890625,239.4137725830078,23.45294189453125,120.2739028930664,23.4529077905114,120.27387300575268,4.889213090174028,53.967622108757496,0.9962440729141235,1
732,-1255.9713134765625,243.2887420654297,-1256.1702880859375,240.36773681640625,23.45294189453125,120.2739028930664,23.452916360117914,120.27390025154851,2.92777433556591,53.81280556321144,0.9058671593666077,1
733,-1246.0855712890625,242.0531005859375,-1250.194580078125,237.0122833251953,23.452932357788086,120.27400207519531,23.452886217566352,120.27395876534352,6.50336773408895,54.33347448706627,0.9928240776062012,1
734,-1246.0855712890625,242.0531005859375,-1244.688232421875,237.9927978515625,23.452932357788086,120.27400207519531,23.452895025678206,120.2740126831885,4.2940207503604295,54.16248831897974,0.9332893490791321,1
735,-1246.0855712890625,242.0531005859375,-1246.198486328125,240.54476928710938,23.452932357788086,120.27400207519531,23.452917950427658,120.27399789486763,1.5125518546717742,53.62595058977604,0.43229055404663086,1
736,-1236.332763671875,240.8397216796875,-1245.5072021484375,240.48284912109375,23.45292091369629,120.27409362792969,23.452917394189342,120.27400466388325,9.181376769488752,53.03300078958273,0.9841375946998596,1
737,-1236.332763671875,240.8397216796875,-1241.6192626953125,238.92686462402344,23.45292091369629,120.27409362792969,23.452903416542785,120.27404273436659,5.621929743443032,54.48371451348066,0.9605165719985962,1
738,-1236.332763671875,240.8397216796875,-1239.3546142578125,237.70802307128906,23.45292091369629,120.27409362792969,23.452892467502828,120.27406490967607,4.3519095966685155,53.948093205690384,0.9861191511154175,1
739,-1226.447021484375,239.60406494140625,-1228.8206787109375,235.86062622070312,23.452909469604492,120.2741928100586,23.452875872054562,120.27416805737748,4.432559315437508,54.487056098878384,0.8534737229347229,1
740,-1226.447021484375,239.60406494140625,-1226.634033203125,234.27896118164062,23.452909469604492,120.2741928100586,23.452861663715773,120.27418946888668,5.3283865696118395,53.20296250283718,0.7847088575363159,1
741,-1226.447021484375,239.60406494140625,-1229.1160888671875,235.9580535888672,23.452909469604492,120.2741928100586,23.4528767472595,120.27416516473792,4.518552807795577,52.26830579340458,0.9726881980895996,1
742,-1216.448974609375,238.29049682617188,-1225.9984130859375,234.58425903320312,23.452898025512695,120.2742919921875,23.452864406253035,120.27419569284294,10.243435644142163,52.3713817819953,0.8196151852607727,1
743,-1216.448974609375,238.29049682617188,-1226.3251953125,236.14805603027344,23.452898025512695,120.2742919921875,23.452878454080473,120.27419249300985,10.105928356205817,52.349031902849674,0.9541758298873901,1
744,-1216.448974609375,238.29049682617188,-1223.2989501953125,234.32818603515625,23.452898025512695,120.2742919921875,23.452862105910153,120.27422212583096,7.913410916446755,50.99383369088173,0.96855229139328,1
745,-1206.634765625,236.96580505371094,-1213.949951171875,231.13011169433594,23.4528865814209,120.27438354492188,23.452833377119553,120.27431367070092,9.35773779125395,52.85198614001274,0.9813299775123596,1
746,-1206.634765625,236.96580505371094,-1211.30712890625,235.73765563964844,23.4528865814209,120.27438354492188,23.452874767391037,120.27433954906715,4.831079549669549,52.90611181408167,0.700707733631134,1
747,-1206.634765625,236.96580505371094,-1206.596923828125,237.7954864501953,23.4528865814209,120.27438354492188,23.45289325319973,120.27438567112901,0.8305439309651184,52.54749581217766,0.7774903178215027,1
748,-1196.8819580078125,235.66336059570312,-1206.169921875,236.783935546875,23.45287322998047,120.27448272705078,23.452884166283358,120.274389852308,9.355317259151313,54.91552222520113,0.9981829524040222,1
749,-1196.8819580078125,235.66336059570312,-1198.0904541015625,236.78656005859375,23.45287322998047,120.27448272705078,23.45288418985975,120.27446896599972,1.649860552303375,53.29330265522003,0.7567263841629028,1
750,-1187.02685546875,234.36093139648438,-1194.365234375,235.6669464111328,23.452861785888672,120.27457427978516,23.45287413219923,120.2745054431407,7.4536890322968326,53.758405148983,0.909806489944458,1
751,-1187.02685546875,234.36093139648438,-1185.959716796875,235.2061309814453,23.452861785888672,120.27457427978516,23.452869992623793,120.27458774949368,1.3613035236233246,52.880601957440376,0.9815139174461365,1
752,-1187.02685546875,234.36093139648438,-1185.690673828125,232.38427734375,23.452861785888672,120.27457427978516,23.45284464348127,120.27459038394721,2.385904989921968,52.45201662182808,0.5881819725036621,1
753,-1177.110595703125,232.98056030273438,-1178.93994140625,231.11798095703125,23.452850341796875,120.27467346191406,23.452833268147288,120.27465648673748,2.610691004424266,52.36699711531401,0.9966276288032532,1
754,-1177.110595703125,232.98056030273438,-1173.3206787109375,231.3626708984375,23.452850341796875,120.27467346191406,23.45283546623443,120.27471151024014,4.120805374220875,53.098707459867,0.8916271328926086,1
755,-1177.110595703125,232.98056030273438,-1175.8555908203125,233.00213623046875,23.452850341796875,120.27467346191406,23.452850193802085,120.27468668852406,1.255190334786249,51.56409926712513,0.9883869290351868,1
756,-1167.1431884765625,231.75604248046875,-1166.8524169921875,233.7463836669922,23.452838897705078,120.27477264404297,23.452856879490557,120.27477484709325,2.0114686412910263,52.13471129536629,0.9668455123901367,1
757,-1167.1431884765625,231.75604248046875,-1166.3428955078125,232.95535278320312,23.452838897705078,120.27477264404297,23.452849773539228,120.27477983629882,1.44180929324079,52.79247835278511,0.928625226020813,1
758,-1167.1431884765625,231.75604248046875,-1163.8729248046875,231.85626220703125,23.452838897705078,120.27477264404297,23.452839900240594,120.27480402211232,3.2717989664980363,53.31491492688656,0.9976569414138794,1
759,-1157.226806640625,230.5315399169922,-1160.6102294921875,232.46189880371094,23.45282745361328,120.27487182617188,23.452845340766707,120.27483597024039,3.8953607822651506,52.787818014621735,0.9359375238418579,1
760,-1157.226806640625,230.5315399169922,-1162.691162109375,232.22802734375,23.45282745361328,120.27487182617188,23.45284323986364,120.27481559386584,5.721647514309613,52.43264697492123,0.9390150308609009,1
761,-1157.226806640625,230.5315399169922,-1159.1014404296875,233.07225036621094,23.45282745361328,120.27487182617188,23.45285082364808,120.2748507442176,3.1574453961809335,53.53227257728577,0.9893125891685486,1
762,-1147.371826171875,229.2068328857422,-1151.896484375,232.36326599121094,23.452816009521484,120.27496337890625,23.45284445473308,120.27492129474,5.516847089090421,52.641794085502625,0.9955957531929016,1
763,-1147.371826171875,229.2068328857422,-1152.3536376953125,233.56228637695312,23.452816009521484,120.27496337890625,23.452855225716466,120.27491681832053,6.617282007679301,52.92117036879063,0.993876039981842,1
764,-1147.371826171875,229.2068328857422,-1150.0660400390625,230.29591369628906,23.452816009521484,120.27496337890625,23.452825883391437,120.27493921834747,2.9060084951780274,53.49967163056135,0.9955102205276489,1
765,-1137.506591796875,227.87100219726562,-1148.2994384765625,226.33094787597656,23.452804565429688,120.27506256103516,23.452790265497462,120.27495651681011,10.902169819066414,54.68039773404598,0.9973487854003906,1
766,-1137.506591796875,227.87100219726562,-1145.49951171875,225.69424438476562,23.452804565429688,120.27506256103516,23.452784545892687,120.27498393353464,8.284023385516608,54.01373561471701,0.8780357837677002,1
767,-1137.506591796875,227.87100219726562,-1142.6021728515625,222.6358642578125,23.452804565429688,120.27506256103516,23.45275707199656,120.27501230411305,7.305587966070334,55.11654168367386,0.9884180426597595,1
768,-1127.6107177734375,226.55743408203125,-1134.359619140625,226.04974365234375,23.45279312133789,120.27516174316406,23.452787739396943,120.27509301473305,6.767970097187308,55.446187034249306,0.4536937177181244,1
769,-1127.6107177734375,226.55743408203125,-1133.5364990234375,225.58982849121094,23.45279312133789,120.27516174316406,23.452783607908756,120.2751010746787,6.004260487540351,54.089613258838654,0.9691339135169983,1
770,-1127.6107177734375,226.55743408203125,-1133.3160400390625,226.52935791015625,23.45279312133789,120.27516174316406,23.452792047845126,120.27510323340061,5.70539134731909,53.74809168279171,0.9864400029182434,1
771,-1117.6229248046875,225.26612854003906,-1129.3953857421875,225.45068359375,23.45277976989746,120.27525329589844,23.452782357948877,120.27514162422587,11.773907469180045,53.6988191306591,0.9772322773933411,1
772,-1117.6229248046875,225.26612854003906,-1122.2139892578125,225.70773315429688,23.45277976989746,120.27525329589844,23.452784667064364,120.27521194405428,4.612254052855474,52.750568836927414,0.8709162473678589,1
773,-1117.6229248046875,225.26612854003906,-1123.1563720703125,221.03268432617188,23.45277976989746,120.27525329589844,23.4527426703862,120.27520271629506,6.967143500271712,52.90266964584589,0.9954089522361755,1
774,-1107.6044921875,224.00820922851562,-1110.4788818359375,222.32545471191406,23.452770233154297,120.27535247802734,23.452754283540166,120.27532685356279,3.330732444101089,53.651733323931694,0.8971496224403381,1
775,-1107.6044921875,224.00820922851562,-1107.8919677734375,221.0608673095703,23.452770233154297,120.27535247802734,23.45274292355825,120.27535218447906,2.9613285193781436,54.29122596979141,0.7004371881484985,1
776,-1097.6881103515625,222.75030517578125,-1103.15771484375,225.03790283203125,23.4527587890625,120.27545166015625,23.4527786498762,120.27539854201612,5.928716247033431,53.84454224258661,0.8755892515182495,1
777,-1097.6881103515625,222.75030517578125,-1099.700439453125,220.029541015625,23.4527587890625,120.27545166015625,23.45273365899652,120.27543239546131,3.384084222974671,53.68050001561642,0.999373733997345,1
778,-1097.6881103515625,222.75030517578125,-1098.2005615234375,221.40811157226562,23.4527587890625,120.27545166015625,23.452746042906536,120.27544708218122,1.4366940776916706,54.1900834068656,0.9830159544944763,1
779,-1087.792236328125,221.4144744873047,-1094.02880859375,219.22654724121094,23.45274543762207,120.27555084228516,23.452726445580716,120.27548793175008,6.609225314555581,53.589425049722195,0.999007523059845,1
780,-1087.792236328125,221.4144744873047,-1092.3890380859375,218.63478088378906,23.45274543762207,120.27555084228516,23.45272112965308,120.2755039882902,5.371897516711741,53.05943824350834,0.9532526135444641,1
781,-1087.792236328125,221.4144744873047,-1092.3839111328125,217.96966552734375,23.45274543762207,120.27555084228516,23.452715154820176,120.27550403849303,5.74022528152242,53.895894438028336,0.9287992119789124,1
782,-1077.86572265625,220.12315368652344,-1089.5936279296875,217.50193786621094,23.452733993530273,120.27564239501953,23.452710953151108,120.27553136078842,12.017259857362644,53.84750571101904,0.9320880770683289,1
783,-1077.86572265625,220.12315368652344,-1077.1153564453125,217.12380981445312,23.452733993530273,120.27564239501953,23.452707556369027,120.27565354731742,3.0917815436156606,55.522033013403416,0.9996335506439209,1
784,-1077.86572265625,220.12315368652344,-1075.5274658203125,216.8132781982422,23.452733993530273,120.27564239501953,23.452704766816055,120.27566909585266,4.052495623530455,54.485089145600796,0.9996987581253052,1
785,-1068.00048828125,218.8763885498047,-1072.1854248046875,216.28749084472656,23.452722549438477,120.27574157714844,23.452700043587896,120.27570182092937,4.920984152845844,53.49974054843187,0.9988505840301514,1
786,-1068.00048828125,218.8763885498047,-1065.4486083984375,219.87525939941406,23.452722549438477,120.27574157714844,23.452732273061184,120.2757677874548,2.74040761758219,52.68839839845896,0.9920260310173035,1
787,-1068.00048828125,218.8763885498047,-1060.069580078125,220.22503662109375,23.452722549438477,120.27574157714844,23.452735415163424,120.27582045859604,8.044759570464933,52.716199308633804,0.9236233830451965,1
788,-1058.125,217.59620666503906,-1056.882568359375,220.46714782714844,23.45271110534668,120.27584075927734,23.452737590085395,120.27585166563463,3.128248637483929,53.09638660401106,0.9548351764678955,1
789,-1058.125,217.59620666503906,-1054.202880859375,217.589111328125,23.45271110534668,120.27584075927734,23.45271173624364,120.27587790498315,3.922125558554049,53.73277794569731,0.9915448427200317,1
790,-1058.125,217.59620666503906,-1053.3421630859375,217.91961669921875,23.45271110534668,120.27584075927734,23.452714705223904,120.27588633308294,4.7937587545398035,54.719685576856136,0.9917716383934021,1
791,-1048.2291259765625,216.2381134033203,-1051.0859375,217.62820434570312,23.452699661254883,120.27593994140625,23.452712087422192,120.27590842591633,3.177062307941099,52.705380134284496,0.9943185448646545,1
792,-1048.2291259765625,216.2381134033203,-1046.765869140625,218.974853515625,23.452699661254883,120.27593994140625,23.45272418457751,120.2759507277815,3.1033638217610418,52.910011261701584,0.9561931490898132,1
793,-1048.2291259765625,216.2381134033203,-1044.6436767578125,215.60792541503906,23.452699661254883,120.27593994140625,23.452693938947778,120.27597150816935,3.640409729798138,52.752395160496235,0.9832114577293396,1
794,-1038.312744140625,214.84661865234375,-1045.816162109375,216.11985778808594,23.452686309814453,120.27603149414062,23.45269853771453,120.27596002725906,7.6106779665510675,52.96189058572054,0.9774574041366577,1
795,-1038.312744140625,214.84661865234375,-1036.921875,211.6712646484375,23.452686309814453,120.27603149414062,23.452658575322427,120.27604711961565,3.466610739103307,53.050827234983444,0.9914119243621826,1
796,-1038.312744140625,214.84661865234375,-1034.552978515625,210.72315979003906,23.452686309814453,120.27603149414062,23.452650058351573,120.27607031571613,5.580210618251851,53.59656270593405,0.9797525405883789,1
797,-1028.3453369140625,213.55531311035156,-1028.6514892578125,206.6705322265625,23.452674865722656,120.27613067626953,23.452613652978762,120.27612810276533,6.89158451122606,54.17963955551386,0.975611686706543,1
798,-1028.3453369140625,213.55531311035156,-1023.9017944335938,211.10838317871094,23.452674865722656,120.27613067626953,23.452653518872154,120.27617461150855,5.072724698432704,53.455294109880924,0.7923327088356018,1
799,-1018.3677978515625,212.29739379882812,-1016.9656982421875,207.98255920410156,23.45266342163086,120.27622985839844,23.452625439117632,120.27624252937038,4.536924166707955,53.177110850811005,0.9263045191764832,1
800,-1018.3677978515625,212.29739379882812,-1014.988525390625,207.51132202148438,23.45266342163086,120.27622985839844,23.452621205921997,120.27626188973517,5.8588365246981375,53.15972492098808,0.9106343388557434,1
801,-1018.3677978515625,212.29739379882812,-1017.4398803710938,207.66082763671875,23.45266342163086,120.27622985839844,23.45262254895379,120.27623788620578,4.728506807246569,53.56868728995323,0.7573927640914917,1
802,-1008.5127563476562,211.06175231933594,-1018.8190307617188,207.43614196777344,23.452653884887695,120.27632904052734,23.452620530568083,120.27622438164312,10.925398973003983,53.04397363215685,0.6419801712036133,1
803,-1008.5127563476562,211.06175231933594,-1011.3043823242188,206.19247436523438,23.452653884887695,120.27632904052734,23.45260935851193,120.27629796465583,5.612757200103888,52.84093599766493,0.41846582293510437,1
804,-1008.5127563476562,211.06175231933594,-1010.2818603515625,203.95361328125,23.452653884887695,120.27632904052734,23.45258924648062,120.27630797713317,7.324982563897227,52.40807402879,0.7282310128211975,1
805,-998.6270751953125,209.77044677734375,-997.1631469726562,206.5463409423828,23.4526424407959,120.27642059326172,23.452612537349477,120.276436434833,3.5408959708128465,54.64057996869087,0.4840141534805298,1
806,-998.6270751953125,209.77044677734375,-997.4346313476562,207.91685485839844,23.4526424407959,120.27642059326172,23.452624848885453,120.27643377647334,2.2040248028986897,53.524697199463844,0.9571689963340759,1
807,-998.6270751953125,209.77044677734375,-997.1568603515625,206.84361267089844,23.4526424407959,120.27642059326172,23.45261520778685,120.27643649639124,3.275345718154706,53.54270152747631,0.9790575504302979,1
808,-988.7005615234375,208.4902801513672,-988.92529296875,210.5095672607422,23.45262908935547,120.27651977539062,23.45264813961724,120.27651709943373,2.031754082707917,53.064560517668724,0.8573387861251831,1
809,-988.7005615234375,208.4902801513672,-990.9418334960938,210.54444885253906,23.45262908935547,120.27651977539062,23.45264845296391,120.27649735358288,3.0402153062387844,53.24518587440252,0.9989756345748901,1
810,-988.7005615234375,208.4902801513672,-992.7554931640625,212.18150329589844,23.45262908935547,120.27651977539062,23.45266315887418,120.27647959432994,5.4833930109800555,53.62495221197605,0.9571378827095032,1
811,-978.8761596679688,207.18783569335938,-988.6569213867188,209.11163330078125,23.452617645263672,120.27661895751953,23.452635581762813,120.27651972731309,9.968164175678869,53.30387130379677,0.9845716953277588,1
812,-978.8761596679688,207.18783569335938,-987.6983642578125,209.20849609375,23.452617645263672,120.27661895751953,23.452636451896087,120.27652911345031,9.050655350789075,53.713954985141754,0.9885830879211426,1
813,-978.8761596679688,207.18783569335938,-981.3510131835938,207.13009643554688,23.452617645263672,120.27661895751953,23.45261778131429,120.27659126635322,2.475526963233113,54.04492374509573,0.9041649103164673,1
814,-968.9598388671875,205.82974243164062,-980.0961303710938,206.95733642578125,23.452606201171875,120.2767105102539,23.45261622938472,120.27660355409479,11.193232628494618,52.993145771324635,0.9829277396202087,1
815,-968.9598388671875,205.82974243164062,-979.70751953125,201.49440002441406,23.452606201171875,120.2767105102539,23.452567154992064,120.27660735935017,11.589125654878366,52.28578019887209,0.8999497294425964,1
816,-968.9598388671875,205.82974243164062,-974.5836791992188,200.61508178710938,23.452606201171875,120.2767105102539,23.452559255941942,120.27665753170506,7.669437118707241,53.03538031876087,0.8789604902267456,1
817,-958.9720458984375,204.53843688964844,-966.7702026367188,199.5826416015625,23.452594757080078,120.27680969238281,23.452549981373956,120.27673404082587,9.239651262478256,52.67369095236063,0.9623866677284241,1
818,-958.9720458984375,204.53843688964844,-958.2372436523438,201.18263244628906,23.452594757080078,120.27680969238281,23.45256435433626,120.27681759507789,3.435310437636596,53.72874066233635,0.9185543060302734,1
819,-958.9720458984375,204.53843688964844,-957.9468994140625,200.9058380126953,23.452594757080078,120.27680969238281,23.452561867849557,120.27682043811225,3.7744800854246843,52.86604166030884,0.9845178723335266,1
820,-949.0557250976562,203.16920471191406,-956.1123046875,200.52981567382812,23.45258140563965,120.27690887451172,23.452558489983414,120.27683840236011,7.534035439402154,53.21923643350601,0.9707305431365967,1
821,-949.0557250976562,203.16920471191406,-952.5858764648438,200.2314453125,23.45258140563965,120.27690887451172,23.452555809676856,120.27687293294592,4.592646183204346,53.047691471874714,0.971605658531189,1
822,-939.1292114257812,201.8556365966797,-945.9690551757812,204.0079345703125,23.45256996154785,120.27700805664062,23.452589734457064,120.27693772448595,7.170484578584489,53.867749869823456,0.7886624336242676,1
823,-939.1292114257812,201.8556365966797,-939.439697265625,201.2861328125,23.45256996154785,120.27700805664062,23.45256528409587,120.27700165958952,0.648641670676856,54.89980801939964,0.9761117696762085,1
824,-939.1292114257812,201.8556365966797,-935.748046875,202.71896362304688,23.45256996154785,120.27700805664062,23.452578155434036,120.27703780802145,3.4896428576454332,54.61114924401045,0.6616105437278748,1
825,-929.2332763671875,200.63111877441406,-933.9194946289062,203.8663787841797,23.452558517456055,120.277099609375,23.4525884628398,120.27705571310167,5.694519200710011,54.617264308035374,0.7722658514976501,1
826,-929.2332763671875,200.63111877441406,-928.2891845703125,202.56390380859375,23.452558517456055,120.277099609375,23.452576762508023,120.2771108447795,2.1510386582476015,54.47761062532663,0.9988962411880493,1
827,-929.2332763671875,200.63111877441406,-925.0830078125,201.26235961914062,23.452558517456055,120.277099609375,23.452565070537638,120.27714223948107,4.197998818494233,55.75146526098251,0.9976892471313477,1
828,-919.3170166015625,199.33981323242188,-922.8438110351562,202.15585327148438,23.452547073364258,120.2771987915039,23.45257309692768,120.27716416556933,4.513132003213621,55.120473727583885,0.7464070916175842,1
829,-919.3170166015625,199.33981323242188,-921.7269287109375,201.06893920898438,23.452547073364258,120.2771987915039,23.45256333301253,120.27717510201792,2.966066927386414,54.69598714262247,0.9986849427223206,1
830,-919.3170166015625,199.33981323242188,-919.1198120117188,196.02301025390625,23.452547073364258,120.2771987915039,23.452518004661503,120.27720063075726,3.322660326988837,54.01522107422352,0.9869497418403625,1
831,-909.349609375,198.0262451171875,-910.0716552734375,193.84063720703125,23.45253562927246,120.27729797363281,23.452498400070866,120.27728922979657,4.247430265114778,53.68856433779001,0.9902567863464355,1
832,-909.349609375,198.0262451171875,-909.7408447265625,196.71136474609375,23.45253562927246,120.27729797363281,23.452524188255115,120.27729246907474,1.371851118233998,53.545715287327766,0.9862872958183289,1
833,-909.349609375,198.0262451171875,-909.7015380859375,195.5915985107422,23.45253562927246,120.27729797363281,23.452514129223875,120.27729285396315,2.4599507954139668,54.70770783722401,0.859903872013092,1
834,-899.4639282226562,196.7238006591797,-899.8336791992188,197.97203063964844,23.452524185180664,120.27738952636719,23.45253551300952,120.27738947947955,1.3018424900155696,54.7677967697382,0.7744735479354858,1
835,-899.4639282226562,196.7238006591797,-904.5450439453125,198.91075134277344,23.452524185180664,120.27738952636719,23.452543945681068,120.27734334606228,5.5317709894296705,54.68299612402916,0.9982869029045105,1
836,-899.4639282226562,196.7238006591797,-895.5805053710938,200.79763793945312,23.452524185180664,120.27738952636719,23.452560895871763,120.27743112631724,5.628243352075628,54.60622347891331,0.7463868856430054,1
837,-889.547607421875,195.4547576904297,-896.1499633789062,200.59097290039062,23.452512741088867,120.2774887084961,23.45255903936813,120.27742555021662,8.364915472757636,52.97928862273693,0.995802104473114,1
838,-889.547607421875,195.4547576904297,-886.991455078125,200.55087280273438,23.452512741088867,120.2774887084961,23.45255867914282,120.2775152298122,5.701254602481706,53.626575507223606,0.8074332475662231,1
839,-879.6517333984375,194.1857147216797,-888.0772094726562,200.08489990234375,23.45250129699707,120.277587890625,23.452554493237038,120.27750459816653,10.28537956873732,53.18718031048775,0.9767528176307678,1
840,-879.6517333984375,194.1857147216797,-887.7617797851562,196.27313232421875,23.45250129699707,120.277587890625,23.45252025154629,120.2775076868362,8.37437547773682,53.3122094348073,0.997580885887146,1
841,-879.6517333984375,194.1857147216797,-882.9262084960938,194.0371551513672,23.45250129699707,120.277587890625,23.452500165421597,120.27755503647691,3.2778433628076775,53.26378159224987,0.994044840335846,1
842,-869.7149658203125,192.9278106689453,-878.3751220703125,192.61627197265625,23.452489852905273,120.2776870727539,23.45248740141083,120.27759960045793,8.665758053032611,53.81033755838871,0.9901633858680725,1
843,-869.7149658203125,192.9278106689453,-876.94091796875,194.73988342285156,23.452489852905273,120.2776870727539,23.452506478137064,120.27761364410343,7.449697451370619,53.939579986035824,0.9104403257369995,1
844,-869.7149658203125,192.9278106689453,-871.00927734375,190.4036102294922,23.452489852905273,120.2776870727539,23.452467524732207,120.27767172639311,2.8366935291353648,53.190686739981174,0.9974116683006287,1
845,-859.7680053710938,191.55857849121094,-859.927490234375,193.0623321533203,23.452478408813477,120.27777862548828,23.452491408437613,120.27778023862605,1.5121873223655842,53.436809219419956,0.9963558912277222,1
846,-859.7680053710938,191.55857849121094,-858.3152465820312,192.9997100830078,23.452478408813477,120.27777862548828,23.452490845893983,120.27779602562475,2.046306028939302,53.42051945626736,0.9581634402275085,1
847,-859.7680053710938,191.55857849121094,-854.7279052734375,192.5801239013672,23.452478408813477,120.27777862548828,23.452487076687184,120.27783115266807,5.142583399363188,53.399186581373215,0.9719940423965454,1
848,-849.8823852539062,190.22274780273438,-851.6197509765625,193.26707458496094,23.452465057373047,120.27787780761719,23.45249324767017,120.27786158753923,3.5051911804126763,53.70277911424637,0.9668493270874023,1
849,-849.8823852539062,190.22274780273438,-852.0526733398438,193.68777465820312,23.452465057373047,120.27787780761719,23.452497026883226,120.27785734838793,4.088589180277459,53.78300882875919,0.9917148947715759,1
850,-849.8823852539062,190.22274780273438,-850.9124145507812,195.4183349609375,23.452465057373047,120.27787780761719,23.452512572770928,120.27786851373754,5.296705227866284,52.60472185909748,0.9345719218254089,1
851,-839.9762573242188,188.92030334472656,-848.0769653320312,195.72265625,23.45245361328125,120.2779769897461,23.452515306535577,120.277896278296,10.5779712268336,51.9421249628067,0.9596452116966248,1
852,-839.9762573242188,188.92030334472656,-842.2682495117188,193.14801025390625,23.45245361328125,120.2779769897461,23.452492178097085,120.27795315691296,4.809026294114715,52.79198754578829,0.9935226440429688,1
853,-839.9762573242188,188.92030334472656,-839.12255859375,188.77793884277344,23.45245361328125,120.2779769897461,23.452452921077672,120.2779839593406,0.8654878241895243,52.13491525501013,0.9964381456375122,1
854,-830.0599365234375,187.62899780273438,-832.5,187.728515625,23.452442169189453,120.278076171875,23.45244349394851,120.27804880705999,2.442092047119184,52.24379990249872,0.9976834058761597,1
855,-830.0599365234375,187.62899780273438,-827.7702026367188,186.74725341796875,23.452442169189453,120.278076171875,23.452434679120127,120.2780951209684,2.4536410560743933,52.7262669056654,0.9899195432662964,1
856,-820.0823364257812,186.3488311767578,-825.4912719726562,182.7064971923828,23.452430725097656,120.27816772460938,23.452398380389358,120.27811743612864,6.520980034011837,53.446926176548004,0.9432289004325867,1
857,-820.0823364257812,186.3488311767578,-822.4338989257812,186.93145751953125,23.452430725097656,120.27816772460938,23.452436333853726,120.27814737375269,2.4226637502343986,52.66473442316055,0.9140652418136597,1
858,-820.0823364257812,186.3488311767578,-823.3209228515625,183.68443298339844,23.452430725097656,120.27816772460938,23.452407165336037,120.27813868806454,4.1937405463418065,53.549221716821194,0.9907604455947876,1
859,-810.1558227539062,185.09091186523438,-815.1832885742188,182.13613891601562,23.45241928100586,120.27826690673828,23.45239325677379,120.27821837131938,5.831474578170199,54.1293490678072,0.7608449459075928,1
860,-810.1558227539062,185.09091186523438,-811.1253662109375,185.4657745361328,23.45241928100586,120.27826690673828,23.45242316739947,120.27825810626578,1.0394885940236274,53.33741940557957,0.9010604619979858,1
861,-810.1558227539062,185.09091186523438,-811.8526000976562,185.33726501464844,23.45241928100586,120.27826690673828,23.452422012978797,120.27825098523267,1.714567942220294,53.38823515921831,0.2891381084918976,1
862,-800.2905883789062,183.84413146972656,-802.4658203125,183.97064208984375,23.452407836914062,120.27836608886719,23.452409736396188,120.27834290004971,2.1789077313939753,53.32046654075384,0.9672886729240417,1
863,-800.2905883789062,183.84413146972656,-803.7025146484375,183.43360900878906,23.452407836914062,120.27836608886719,23.452404912145937,120.27833079040867,3.436534527638506,53.080436773598194,0.9838485717773438,1
864,-800.2905883789062,183.84413146972656,-800.932373046875,185.22891235351562,23.452407836914062,120.27836608886719,23.45242103963028,120.27835791547865,1.5262718159447797,52.40913201123476,0.8897652626037598,1
865,-790.435546875,182.55282592773438,-792.3626098632812,183.8136444091797,23.452396392822266,120.27845764160156,23.452408326062024,120.2784418301153,2.302875377426561,53.34496218711138,0.8134287595748901,1
866,-790.435546875,182.55282592773438,-793.3779907226562,179.56411743164062,23.452396392822266,120.27845764160156,23.452370151911683,120.27843188756333,4.194085629935693,54.467963986098766,0.9706271290779114,1
867,-790.435546875,182.55282592773438,-795.763916015625,182.09349060058594,23.452396392822266,120.27845764160156,23.452392873657452,120.27840852471773,5.3481311354090195,53.48619166761637,0.9517667889595032,1
868,-780.4783325195312,181.17247009277344,-793.3463745117188,183.85586547851562,23.45238494873047,120.27855682373047,23.452408705340343,120.27843219714748,13.14485129276567,53.873724304139614,0.5618039965629578,1
869,-780.4783325195312,181.17247009277344,-786.58935546875,184.4365234375,23.45238494873047,120.27855682373047,23.45241392147954,120.27849836149598,6.928105493069436,54.270305670797825,0.8924391865730286,1
870,-780.4783325195312,181.17247009277344,-788.6337890625,184.90626525878906,23.45238494873047,120.27855682373047,23.452418141242116,120.2784783425178,8.969542784669319,56.35343957692385,0.8373219966888428,1
871,-770.5824584960938,179.83663940429688,-776.4532470703125,178.94651794433594,23.452373504638672,120.27865600585938,23.452364603921094,120.27859761369643,5.937884698835135,53.80617547780275,0.9473056793212891,1
872,-770.5824584960938,179.83663940429688,-770.993408203125,180.6407928466797,23.452373504638672,120.27865600585938,23.452379823851498,120.27865107612999,0.9030738732823564,53.81145793944597,0.8433747291564941,1
873,-770.5824584960938,179.83663940429688,-772.3616333007812,180.6610870361328,23.452373504638672,120.27865600585938,23.452380006157302,120.27863767854718,1.960912257923513,54.18062023818493,0.949456512928009,1
874,-760.6253051757812,178.5453338623047,-772.0255737304688,178.70236206054688,23.452360153198242,120.27875518798828,23.452362410631473,120.27864096922349,11.40134996279124,54.504248313605785,0.9699927568435669,1
875,-760.6253051757812,178.5453338623047,-762.2900390625,175.09024047851562,23.452360153198242,120.27875518798828,23.45232996239122,120.27873629902862,3.835232614104739,57.47959576547146,0.9495254158973694,1
876,-750.708984375,177.29855346679688,-760.0008544921875,175.1064453125,23.452350616455078,120.27884674072266,23.45233010796172,120.27875871459453,9.546946550327855,55.28250336647034,0.9061905741691589,1
877,-750.708984375,177.29855346679688,-758.3811645507812,181.6830291748047,23.452350616455078,120.27884674072266,23.45238918641973,120.27877457450688,8.836626951714178,55.337561294436455,0.9321372509002686,1
878,-750.708984375,177.29855346679688,-756.3631591796875,180.6352996826172,23.452350616455078,120.27884674072266,23.452379774505566,120.2787943347014,6.565330763240653,54.28406968712807,0.972149133682251,1
879,-740.7926635742188,176.0406494140625,-754.000244140625,180.58926391601562,23.45233917236328,120.27894592285156,23.452379360959238,120.27881747223189,13.968896817769481,53.52768115699291,0.8668990731239319,1
880,-740.7926635742188,176.0406494140625,-741.5588989257812,178.45469665527344,23.45233917236328,120.27894592285156,23.452360185815284,120.27893929718094,2.5327338385196034,54.50529605150223,0.9976394176483154,1
881,-740.7926635742188,176.0406494140625,-741.1117553710938,179.59596252441406,23.45233917236328,120.27894592285156,23.45237043798102,120.27894367558535,3.5696037437607298,54.73538860678673,0.4034305214881897,1
882,-730.8661499023438,174.70480346679688,-741.8702392578125,176.91224670410156,23.45232582092285,120.27904510498047,23.452346329751624,120.27893624855402,11.223314492121427,54.86424081027508,0.9891043901443481,1
883,-730.8661499023438,174.70480346679688,-739.3836059570312,177.477783203125,23.45232582092285,120.27904510498047,23.45235141005243,120.27896059752673,8.95748146867294,53.69700491428375,0.9944403767585754,1
884,-730.8661499023438,174.70480346679688,-730.35888671875,176.19454956054688,23.45232582092285,120.27904510498047,23.452339882568488,120.27904896706735,1.5737405635215258,53.7113668397069,0.9920986890792847,1
885,-720.9396362304688,173.4134979248047,-726.4909057617188,169.12001037597656,23.452314376831055,120.27914428710938,23.45227633090171,120.27908684211823,7.017879219573868,54.052005521953106,0.9908472299575806,1
886,-720.9396362304688,173.4134979248047,-722.8840942382812,170.99681091308594,23.452314376831055,120.27914428710938,23.45229319048779,120.27912215981279,3.101820925965305,53.65096777677536,0.8726468086242676,1
887,-720.9396362304688,173.4134979248047,-721.451171875,170.59429931640625,23.452314376831055,120.27914428710938,23.452289574664597,120.27913619090756,2.865231144117641,53.376855328679085,0.8993592858314514,1
888,-711.115234375,172.1778564453125,-713.7381591796875,171.7427215576172,23.452302932739258,120.27923583984375,23.452299891117114,120.27921171629187,2.6587735709410403,53.51379793137312,0.8864862322807312,1
889,-711.115234375,172.1778564453125,-713.6304931640625,170.6809844970703,23.452302932739258,120.27923583984375,23.452290353370824,120.27921277055141,2.926969833358471,53.5650672391057,0.970128059387207,1
890,-711.115234375,172.1778564453125,-708.923583984375,172.61581420898438,23.452302932739258,120.27923583984375,23.45230773424185,120.27925886034002,2.234980634700709,53.82490810006857,0.8952599167823792,1
891,-701.1989135742188,170.8865509033203,-703.4246826171875,173.7430419921875,23.45229148864746,120.27933502197266,23.45231786030131,120.27931270527137,3.6212690004217687,54.802071303129196,0.8591760993003845,1
892,-701.1989135742188,170.8865509033203,-703.5960083007812,172.1046600341797,23.45229148864746,120.27933502197266,23.45230314246577,120.27931102765996,2.6888385936676693,53.82437910884619,0.5741393566131592,1
893,-691.2417602539062,169.52845764160156,-698.9047241210938,171.0076446533203,23.452280044555664,120.27943420410156,23.452293287808935,120.27935696444946,7.804422428691225,54.33150194585323,0.378324955701828,1
894,-691.2417602539062,169.52845764160156,-698.4822387695312,175.15774536132812,23.452280044555664,120.27943420410156,23.4523305687979,120.27936110140213,9.171336291222314,53.54755185544491,0.24262702465057373,1
895,-691.2417602539062,169.52845764160156,-695.7459716796875,169.25489807128906,23.452280044555664,120.27943420410156,23.452277542618496,120.2793878947748,4.512510986872821,54.27759140729904,0.9573471546173096,1
896,-681.325439453125,168.22601318359375,-684.7713623046875,168.70401000976562,23.452268600463867,120.27952575683594,23.45227259390684,120.27949535752943,3.478917254657118,54.471904411911964,0.9759393930435181,1
897,-681.325439453125,168.22601318359375,-685.6061401367188,168.85430908203125,23.452268600463867,120.27952575683594,23.45227394406638,120.27948718343208,4.326563772616022,54.55287918448448,0.9619930386543274,1
898,-681.325439453125,168.22601318359375,-688.6023559570312,169.89910888671875,23.452268600463867,120.27952575683594,23.452283329662713,120.27945784465614,7.466777285860246,53.691101260483265,0.9363541007041931,1
899,-671.4601440429688,166.923583984375,-678.4915771484375,170.5372314453125,23.45225715637207,120.27962493896484,23.45228906201519,120.27955684883068,7.905662495238583,54.38508093357086,0.9681098461151123,1
900,-671.4601440429688,166.923583984375,-678.6377563476562,170.6822967529297,23.45225715637207,120.27962493896484,23.45229036515902,120.27955541745223,8.10222439043115,53.70567459613085,0.488547682762146,1
901,-671.4601440429688,166.923583984375,-676.0385131835938,170.89752197265625,23.45225715637207,120.27962493896484,23.452292298560064,120.27958086909436,6.062478628624775,53.0815739184618,0.5121200680732727,1
902,-661.5540771484375,165.55435180664062,-670.9061279296875,168.79273986816406,23.45224380493164,120.27972412109375,23.45227339098072,120.27963112512064,9.896868749867114,53.60123701393604,0.9048933982849121,1
903,-661.5540771484375,165.55435180664062,-667.9962768554688,166.4322967529297,23.45224380493164,120.27972412109375,23.452252186759445,120.27965961821788,6.501747795323042,54.19233348220587,0.900398850440979,1
904,-661.5540771484375,165.55435180664062,-666.971435546875,167.6033477783203,23.45224380493164,120.27972412109375,23.45226270648979,120.27966965340603,5.791904393986567,53.25745977461338,0.7393985986709595,1
905,-651.6173095703125,164.28530883789062,-655.6524047851562,165.26812744140625,23.452232360839844,120.27982330322266,23.452241728848584,120.2797804887154,4.153062219648453,52.938337437808514,0.9063092470169067,1
906,-651.6173095703125,164.28530883789062,-655.4356079101562,164.15086364746094,23.452232360839844,120.27982330322266,23.45223169229716,120.27978261157814,3.820664565397388,53.283887915313244,0.7749268412590027,1
907,-651.6173095703125,164.28530883789062,-652.2997436523438,158.83595275878906,23.452232360839844,120.27982330322266,23.45218394764031,120.27981331778369,5.491921153217605,53.97176742553711,0.941368818283081,1
908,-641.6295166015625,163.0273895263672,-644.4819946289062,161.93057250976562,23.452220916748047,120.27991485595703,23.45221174708252,120.27988986874021,3.0560822083814507,54.32835407555103,0.8180119395256042,1
909,-641.6295166015625,163.0273895263672,-644.746337890625,161.23678588867188,23.452220916748047,120.27991485595703,23.45220551469126,120.27988728030593,3.5945564865892576,53.27007360756397,0.6245136260986328,1
910,-641.6295166015625,163.0273895263672,-643.6824951171875,164.07308959960938,23.452220916748047,120.27991485595703,23.452230993641002,120.27989769739423,2.303955170743681,53.57789434492588,0.7497442960739136,1
911,-631.6621704101562,161.74722290039062,-632.3739624023438,162.67088317871094,23.45220947265625,120.28001403808594,23.45221839740641,120.28000842990733,1.1661029756796812,53.64612676203251,0.8563613295555115,1
912,-631.6621704101562,161.74722290039062,-633.2575073242188,165.13577270507812,23.45220947265625,120.28001403808594,23.45224053988576,120.27999977828539,3.7453130240632966,53.90880350023508,0.8008659482002258,1
913,-621.7866821289062,160.45591735839844,-629.0996704101562,159.2678985595703,23.452198028564453,120.28011322021484,23.452187827875456,120.28004049158942,7.4088586346392695,55.093927308917046,0.9932717680931091,1
914,-621.7866821289062,160.45591735839844,-625.031005859375,158.5769805908203,23.452198028564453,120.28011322021484,23.452181621253743,120.2800803317227,3.7491385470051113,55.1281850785017,0.9401892423629761,1
915,-621.7866821289062,160.45591735839844,-622.8674926757812,161.4892578125,23.452198028564453,120.28011322021484,23.452207782685143,120.2801015167215,1.4953073036399775,54.180978797376156,0.9685880541801453,1
916,-611.9214477539062,159.09780883789062,-619.9857788085938,160.67645263671875,23.452186584472656,120.28021240234375,23.452200481132017,120.28012973430079,8.2173932364939,54.29605580866337,0.9715786576271057,1
917,-611.9214477539062,159.09780883789062,-615.3262329101562,158.63018798828125,23.452186584472656,120.28021240234375,23.452182099223926,120.28017536031082,3.4367471858153507,54.545010440051556,0.9901242852210999,1
918,-611.9214477539062,159.09780883789062,-612.69091796875,156.94065856933594,23.452186584472656,120.28021240234375,23.452166921922927,120.28020116516576,2.2902798284614145,53.472514264285564,0.9802369475364685,1
919,-601.93359375,157.79537963867188,-606.5960083007812,154.98208618164062,23.45217514038086,120.28030395507812,23.452149327767817,120.28026084617669,5.445431986418669,54.18194830417633,0.9649879932403564,1
920,-601.93359375,157.79537963867188,-605.6683349609375,150.9623565673828,23.45217514038086,120.28030395507812,23.452113217922314,120.28026992990159,7.787072377051823,53.12947276979685,0.8910588622093201,1
921,-601.93359375,157.79537963867188,-608.0902709960938,150.71466064453125,23.45217514038086,120.28030395507812,23.45211099283198,120.28024621444085,9.383030224109497,53.94448060542345,0.9296301603317261,1
922,-592.0275268554688,156.51519775390625,-601.8662109375,147.55667114257812,23.452163696289062,120.28040313720703,23.452082624129613,120.2803071600851,13.30619793599544,54.9458134919405,0.9160701036453247,1
923,-592.0275268554688,156.51519775390625,-596.6306762695312,154.603759765625,23.452163696289062,120.28040313720703,23.452145929203798,120.28035842614462,4.984233111646024,54.45285979658365,0.9533898234367371,1
924,-592.0275268554688,156.51519775390625,-594.0481567382812,154.364501953125,23.452163696289062,120.28040313720703,23.4521437799143,120.28038371402988,2.9510061929472395,53.940484300255775,0.994949221611023,1
925,-582.1520385742188,155.31295776367188,-590.7654418945312,154.89878845214844,23.452152252197266,120.28050231933594,23.45214857949158,120.28041585818806,8.623355088188019,53.06003987789154,0.9950849413871765,1
926,-582.1520385742188,155.31295776367188,-588.3142700195312,156.30528259277344,23.452152252197266,120.28050231933594,23.452161214243418,120.2804398599245,6.241618776571478,53.16460970789194,0.9884250164031982,1
927,-582.1520385742188,155.31295776367188,-591.9559936523438,156.74871826171875,23.452152252197266,120.28050231933594,23.45216519769381,120.28040420037256,9.90852882024596,53.72023303061724,0.9986579418182373,1
928,-572.2255249023438,153.9771270751953,-576.6199951171875,155.88427734375,23.45214080810547,120.28059387207031,23.452157432288917,120.2805543696033,4.790468726126608,52.650284953415394,0.8825509548187256,1
929,-572.2255249023438,153.9771270751953,-578.106689453125,158.2794189453125,23.45214080810547,120.28059387207031,23.452178948212,120.2805398119764,7.2868245353543735,53.6265978589654,0.7241668701171875,1
930,-562.2377319335938,152.6524200439453,-573.6132202148438,149.89236450195312,23.45212745666504,120.28069305419922,23.45210360602005,120.28058381177317,11.705538869771773,52.643309347331524,0.9991642236709595,1
931,-562.2377319335938,152.6524200439453,-572.7411499023438,150.30032348632812,23.45212745666504,120.28069305419922,23.452107270777958,120.28059235103636,10.763556440257792,52.464649081230164,0.940197765827179,1
932,-562.2377319335938,152.6524200439453,-563.0949096679688,153.07945251464844,23.45212745666504,120.28069305419922,23.452132236118786,120.28068680647546,0.9576588115519397,52.64429748058319,0.9294306635856628,1
933,-552.3928833007812,151.33885192871094,-562.288818359375,150.791259765625,23.452116012573242,120.28079223632812,23.45211168093359,120.28069469967598,9.911074001387439,53.68738528341055,0.8569283485412598,1
934,-552.3928833007812,151.33885192871094,-556.5772705078125,147.73016357421875,23.452116012573242,120.28079223632812,23.452084182638643,120.28075062682967,5.525552274498389,53.081889636814594,0.9985018968582153,1
935,-552.3928833007812,151.33885192871094,-549.6080322265625,151.0143585205078,23.452116012573242,120.28079223632812,23.452113685063804,120.28081886921697,2.8036924719991325,53.257579915225506,0.9469872117042542,1
936,-543.55908203125,150.18112182617188,-545.3280639648438,150.3299560546875,23.452106475830078,120.28087615966797,23.45210753697185,120.28086077842424,1.7752320155289345,52.60693375021219,0.9955047965049744,1
937,-543.55908203125,150.18112182617188,-539.99853515625,148.49441528320312,23.452106475830078,120.28087615966797,23.452091048028553,120.28091296486907,3.939856978516588,53.29775903373957,0.9948937892913818,1
938,-543.55908203125,150.18112182617188,-538.4141235351562,147.30137634277344,23.452106475830078,120.28087615966797,23.452080330777406,120.2809284793381,5.896060716756652,53.62508539110422,0.9829502105712891,1
939,-536.4103393554688,149.2905731201172,-533.0287475585938,148.99623107910156,23.452098846435547,120.28094482421875,23.452095555916546,120.28098121263523,3.3943777511941025,53.51495835930109,0.885185182094574,1
940,-536.4103393554688,149.2905731201172,-534.83935546875,147.2767333984375,23.452098846435547,120.28094482421875,23.452080109406072,120.28096348326493,2.5541223144056495,53.02626919001341,0.9282060265541077,1
941,-536.4103393554688,149.2905731201172,-542.3031005859375,149.1917266845703,23.452098846435547,120.28094482421875,23.45209731208345,120.28089039869465,5.893590207771142,52.83300392329693,0.8656536340713501,1
942,-531.4573364257812,149.22377014160156,-536.8526000976562,147.5730438232422,23.452096939086914,120.28099822998047,23.452082771207905,120.28094376968733,5.642142099165742,53.34741622209549,0.9950302839279175,1
943,-531.4573364257812,149.22377014160156,-533.41259765625,143.7700958251953,23.452096939086914,120.28099822998047,23.452048608744793,120.28097745399677,5.793583522208284,54.48670592159033,0.9929595589637756,1
944,-531.4573364257812,149.22377014160156,-532.198486328125,143.54147338867188,23.452096939086914,120.28099822998047,23.452046554994503,120.28098934250627,5.730427520360014,53.22774779051542,0.9517024755477905,1
945,-528.934814453125,150.92697143554688,-526.5265502929688,143.08343505859375,23.452112197875977,120.28102111816406,23.452042440366174,120.2810448817833,8.204925298970128,52.767968736588955,0.9754974842071533,1
946,-528.934814453125,150.92697143554688,-526.2883911132812,149.19528198242188,23.452112197875977,120.28102111816406,23.452097344021233,120.28104721382452,3.162642068861747,52.627830766141415,0.9810501933097839,1
947,-528.934814453125,150.92697143554688,-524.8325805664062,149.97640991210938,23.452112197875977,120.28102111816406,23.452104361012815,120.2810614690391,4.2109250849645194,52.98336502164602,0.5094010233879089,1
948,-527.9646606445312,154.68955993652344,-529.9263305664062,151.1592254638672,23.452146530151367,120.2810287475586,23.4521149864257,120.28101159132704,4.038738710440941,53.32229845225811,0.9806647300720215,1
949,-527.9646606445312,154.68955993652344,-531.0775756835938,156.1190643310547,23.452146530151367,120.2810287475586,23.45215954141631,120.28100031839993,3.4254522116657298,52.89412196725607,0.9932436347007751,1
950,-526.95361328125,161.01251220703125,-528.2785034179688,156.5424346923828,23.45220375061035,120.28104400634766,23.452163344616974,120.28102772675733,4.662287728287495,53.193205036222935,0.9404798150062561,1
951,-526.95361328125,161.01251220703125,-528.1299438476562,158.3780975341797,23.45220375061035,120.28104400634766,23.45217983465685,120.28102918144425,2.8851159890023923,52.667892538011074,0.9824246764183044,1
952,-526.95361328125,161.01251220703125,-526.84033203125,157.5595703125,23.45220375061035,120.28104400634766,23.452172481701712,120.28104180925025,3.454799613380003,52.36258544027805,0.9897425174713135,1
953,-525.6157836914062,169.5618438720703,-524.4600830078125,160.5743408203125,23.452280044555664,120.28105163574219,23.452199563845962,120.28106511651414,9.061504023914301,53.26191149652004,0.9615479707717896,1
954,-525.6157836914062,169.5618438720703,-525.1455078125,168.3892364501953,23.452280044555664,120.28105163574219,23.452269766247845,120.28105840487319,1.2633952541138422,52.54175513982773,0.9820482730865479,1
955,-525.6157836914062,169.5618438720703,-528.385498046875,168.49310302734375,23.452280044555664,120.28105163574219,23.452270699297184,120.28102667907197,2.9687580912018614,53.42652089893818,0.8437265753746033,1
956,-524.5945434570312,179.1575927734375,-527.3978881835938,169.70323181152344,23.45236587524414,120.28106689453125,23.452281570069008,120.28103634969193,9.861221164445627,53.18474117666483,0.8951061367988586,1
957,-524.5945434570312,179.1575927734375,-526.8876953125,171.3857421875,23.45236587524414,120.28106689453125,23.452296684316874,120.28104134547168,8.103098602533283,52.676381543278694,0.8287598490715027,1
958,-524.5945434570312,179.1575927734375,-524.7044677734375,176.08486938476562,23.45236587524414,120.28106689453125,23.452338897294705,120.28106272351233,3.0746889889269373,53.12912818044424,0.7386506795883179,1
959,-523.818359375,189.09841918945312,-524.324462890625,176.9364013671875,23.452455520629883,120.28107452392578,23.452346546736653,120.28106644449866,12.172543623977475,52.549008280038834,0.9202166795730591,1
960,-523.818359375,189.09841918945312,-526.7484741210938,179.2840118408203,23.452455520629883,120.28107452392578,23.45236763568035,120.28104270871772,10.242468649216056,52.55036149173975,0.5651788115501404,1
961,-523.818359375,189.09841918945312,-526.7548217773438,181.61798095703125,23.452455520629883,120.28107452392578,23.452388602081648,120.28104264656183,8.036153780849228,52.446684800088406,0.6933436989784241,1
962,-522.7767333984375,198.78321838378906,-519.0347290039062,191.3014373779297,23.452543258666992,120.28108215332031,23.452475590050707,120.28111824127386,8.365383667730327,52.621535025537014,0.8726065158843994,1
963,-522.7767333984375,198.78321838378906,-526.4656982421875,193.5587921142578,23.452543258666992,120.28108215332031,23.45249586821332,120.28104547764313,6.395552475290283,52.75013018399477,0.9877861738204956,1
964,-522.7767333984375,198.78321838378906,-524.4497680664062,194.14041137695312,23.452543258666992,120.28108215332031,23.45250109298805,120.28106521751747,4.935048318198129,52.48199310153723,0.9486842751502991,1
965,-521.541015625,208.6238555908203,-528.7237548828125,197.1855010986328,23.4526309967041,120.28109741210938,23.452528447494437,120.28102336688016,13.50657975709124,52.351619116961956,0.9614880084991455,1
966,-521.541015625,208.6238555908203,-529.0328369140625,198.8257598876953,23.4526309967041,120.28109741210938,23.45254318218984,120.28102034036638,12.334101736034395,52.34966333955526,0.8876298666000366,1
967,-521.541015625,208.6238555908203,-528.0934448242188,203.55099487304688,23.4526309967041,120.28109741210938,23.45258562969792,120.28102953884063,8.286630453489723,52.30868328362703,0.968661904335022,1
968,-520.2542114257812,218.59808349609375,-526.198974609375,207.5585174560547,23.452720642089844,120.2811050415039,23.4526216298858,120.28104808938588,12.538430031762168,51.65193881839514,0.6088436841964722,1
969,-520.2542114257812,218.59808349609375,-516.8365478515625,212.17532348632812,23.452720642089844,120.2811050415039,23.45266310336001,120.28113976573944,7.275456717594175,53.250446915626526,0.9900447726249695,1
970,-519.069580078125,228.2828826904297,-519.2577514648438,222.88580322265625,23.452808380126953,120.28112030029297,23.45275931723648,120.28111605745053,5.4003588077313225,52.92761046439409,0.997477114200592,1
971,-519.069580078125,228.2828826904297,-523.2208251953125,225.1033477783203,23.452808380126953,120.28112030029297,23.45277923777816,120.28107725125659,5.228984440624721,52.55573242902756,0.9994365572929382,1
972,-519.069580078125,228.2828826904297,-526.1649169921875,226.0029754638672,23.452808380126953,120.28112030029297,23.452787319271156,120.28104842287614,7.452635968956881,52.86030378192663,0.9989995360374451,1
973,-518.232177734375,236.58731079101562,-517.0406494140625,229.7760772705078,23.452882766723633,120.2811279296875,23.452821213621373,120.28113776718848,6.914668597192202,51.99090763926506,0.9750087857246399,1
974,-518.232177734375,236.58731079101562,-517.4556274414062,234.5132598876953,23.452882766723633,120.2811279296875,23.452863768456858,120.28113370374709,2.214659681999394,52.36140079796314,0.9858113527297974,1
975,-518.232177734375,236.58731079101562,-520.4451293945312,234.61785888671875,23.452882766723633,120.2811279296875,23.452864708085652,120.28110443071296,2.962413855882883,53.026026114821434,0.9382393956184387,1
976,-517.69091796875,242.7098846435547,-523.3163452148438,235.09022521972656,23.452938079833984,120.2811279296875,23.45286895142462,120.28107631592995,9.471253424770486,52.34263092279434,0.9947296380996704,1
977,-517.69091796875,242.7098846435547,-518.951904296875,240.81394958496094,23.452938079833984,120.2811279296875,23.452920368515414,120.2811190522887,2.2769840285173406,51.809389144182205,0.9262667298316956,1
978,-517.69091796875,242.7098846435547,-514.8232421875,238.51268005371094,23.452938079833984,120.2811279296875,23.452899695859486,120.28115947991469,5.0833149376537,52.81360819935799,0.9081506133079529,1
979,-518.16064453125,246.50587463378906,-522.4740600585938,239.3552703857422,23.452972412109375,120.2811279296875,23.45290726497722,120.28108456353858,8.350849934211258,52.12677922099829,0.9992215633392334,1
980,-518.16064453125,246.50587463378906,-522.5257568359375,238.66708374023438,23.452972412109375,120.2811279296875,23.4529010828914,120.28108405732667,8.972226485405399,52.825755439698696,0.9538931846618652,1
981,-518.16064453125,246.50587463378906,-521.788818359375,245.9387664794922,23.452972412109375,120.2811279296875,23.452966405528862,120.28109127338658,3.672227796006292,52.30326112359762,0.9997238516807556,1
982,-520.7648315429688,248.18679809570312,-521.06591796875,245.1179962158203,23.452985763549805,120.2811050415039,23.452959032424136,120.28109835198633,3.083536608143645,51.84404272586107,0.8630792498588562,1
983,-520.7648315429688,248.18679809570312,-524.6490478515625,247.5507354736328,23.452985763549805,120.2811050415039,23.45298088609271,120.28106326618108,3.935951218084469,51.65037699043751,0.9988634586334229,1
984,-520.7648315429688,248.18679809570312,-526.4090576171875,248.03436279296875,23.452985763549805,120.2811050415039,23.452985230590837,120.28104603226494,5.646284131923448,51.77094042301178,0.9977478384971619,1
985,-525.6464233398438,249.16641235351562,-527.511474609375,244.62423706054688,23.45299530029297,120.28105163574219,23.452954596910175,120.28103523746007,4.910170325969954,52.995127625763416,0.9917625188827515,1
986,-525.6464233398438,249.16641235351562,-532.8117065429688,245.65281677246094,23.45299530029297,120.28105163574219,23.452963836798936,120.28098333788859,7.980390797961732,52.4822948500514,0.9759109020233154,1
987,-525.6464233398438,249.16641235351562,-530.5741577148438,247.24221801757812,23.45299530029297,120.28105163574219,23.45297811463325,120.28100524784023,5.290093563729341,52.45995055884123,0.9952495098114014,1
988,-533.0095825195312,250.5133819580078,-534.2158203125,248.39833068847656,23.453006744384766,120.2809829711914,23.452988500170072,120.28096958888592,2.4348411623619053,51.809465512633324,0.9942769408226013,1
989,-533.0095825195312,250.5133819580078,-537.0950317382812,247.14788818359375,23.453006744384766,120.2809829711914,23.45297726725393,120.2809413958104,5.29315063687071,52.89703328162432,0.9438701272010803,1
990,-533.0095825195312,250.5133819580078,-535.5657958984375,249.12762451171875,23.453006744384766,120.2809829711914,23.452995051527953,120.2809563700013,2.907670981807414,54.49482053518295,0.6367575526237488,1
991,-542.1599731445312,251.90487670898438,-544.5704956054688,248.77322387695312,23.453020095825195,120.28089141845703,23.452991867892884,120.2808681964908,3.951944837045873,52.18772776424885,0.9872153997421265,1
992,-542.1599731445312,251.90487670898438,-543.0612182617188,249.59979248046875,23.453020095825195,120.28089141845703,23.452999293084982,120.28088297524923,2.4750062751043247,54.128099232912064,0.5283311605453491,1
993,-551.99462890625,252.96241760253906,-551.7066040039062,251.44979858398438,23.45302963256836,120.28079223632812,23.453015911972567,120.28079832012075,1.5397969475432378,53.53125650435686,0.9978263974189758,1
994,-551.99462890625,252.96241760253906,-551.6942749023438,250.9619140625,23.45302963256836,120.28079223632812,23.453011529231343,120.28079844084662,2.022925342510528,54.401686415076256,0.9915764927864075,1
995,-551.99462890625,252.96241760253906,-547.936767578125,253.63050842285156,23.45302963256836,120.28079223632812,23.453035501622352,120.28083523414593,4.112491203939313,54.196310229599476,0.9580767750740051,1
996,-562.0130615234375,253.9420166015625,-561.480224609375,253.662841796875,23.453039169311523,120.28070068359375,23.453035792077994,120.28070261738027,0.6015428069222936,53.15311625599861,0.9805733561515808,1
997,-562.0130615234375,253.9420166015625,-561.1748046875,249.9244842529297,23.453039169311523,120.28070068359375,23.4530022098408,120.28070560803488,4.104051741304809,53.91018372029066,0.9994183778762817,1
998,-562.0130615234375,253.9420166015625,-562.2332153320312,249.4154052734375,23.453039169311523,120.28070068359375,23.45299763670652,120.28069524413768,4.531961806474974,53.1075494363904,0.9938098788261414,1
999,-572.031494140625,255.14427185058594,-566.9293212890625,249.80210876464844,23.453048706054688,120.28060150146484,23.453001110523086,120.28064926013361,7.387210180032425,53.22425905615091,0.9944795370101929,1
1000,-572.031494140625,255.14427185058594,-574.521728515625,248.1981964111328,23.453048706054688,120.28060150146484,23.45298670233327,120.28057491571124,7.378972235549174,53.88199724256992,0.9761282205581665,1
1001,-572.031494140625,255.14427185058594,-573.1976928710938,253.9957275390625,23.453048706054688,120.28060150146484,23.453038782441496,120.28058788059343,1.6368181067179612,53.77928167581558,0.9974271655082703,1
1002,-581.845703125,256.4578552246094,-581.4835815429688,253.85894775390625,23.453060150146484,120.28050231933594,23.45303755372778,120.28050674563994,2.62401449718734,53.70957497507334,0.9962645173072815,1
1003,-581.845703125,256.4578552246094,-584.7714233398438,254.96348571777344,23.453060150146484,120.28050231933594,23.453047475961128,120.28047455127891,3.285266960005905,54.6796303242445,0.9916914701461792,1
1004,-581.845703125,256.4578552246094,-581.5392456054688,261.6649169921875,23.453060150146484,120.28050231933594,23.45310767594252,120.28050620058059,5.216072129740066,56.2454042956233,0.976914644241333,1
1005,-591.6088256835938,257.77142333984375,-583.9224853515625,263.4947814941406,23.453073501586914,120.28041076660156,23.45312411389502,120.28048286403171,9.583144382830032,53.84943075478077,0.9043180346488953,1
1006,-591.6088256835938,257.77142333984375,-594.4959716796875,259.33599853515625,23.453073501586914,120.28041076660156,23.453086754912064,120.28037932905129,3.2838251391551467,53.62176522612572,0.9977197051048279,1
1007,-591.6088256835938,257.77142333984375,-595.5057373046875,261.4154357910156,23.453073501586914,120.28041076660156,23.45310543481476,120.28036944148337,5.3352363515509955,54.831260815262794,0.9937826991081238,1
1008,-601.4945068359375,259.1851806640625,-604.154296875,259.1115417480469,23.45308494567871,120.28031158447266,23.45308473858244,120.28028475527695,2.6608092268796817,55.73594942688942,0.9974313378334045,1
1009,-601.4945068359375,259.1851806640625,-602.5869140625,259.7947692871094,23.45308494567871,120.28031158447266,23.453090876119848,120.28030010300084,1.250980350762616,54.58962172269821,0.9984286427497864,1
1010,-601.4945068359375,259.1851806640625,-599.8552856445312,259.1092529296875,23.45308494567871,120.28031158447266,23.453084718021636,120.2803268509519,1.6409787125988704,53.579569794237614,0.9750275015830994,1
1011,-611.4108276367188,260.4764709472656,-612.942626953125,260.70721435546875,23.453096389770508,120.28021240234375,23.453099072753357,120.28019870044561,1.5490809101437695,53.37939038872719,0.9987022876739502,1
1012,-611.4108276367188,260.4764709472656,-613.0125122070312,258.6399841308594,23.453096389770508,120.28021240234375,23.453080502508293,120.28019801613316,2.4368170406518215,52.84658074378967,0.9971116781234741,1
1013,-611.4108276367188,260.4764709472656,-610.4736328125,263.5892333984375,23.453096389770508,120.28021240234375,23.45312496237091,120.28022287669667,3.250788245328809,53.040506318211555,0.9925301671028137,1
1014,-621.3577270507812,261.7789001464844,-618.155029296875,262.3623046875,23.453107833862305,120.28011322021484,23.453113940682776,120.28014766089652,3.255400706726254,54.025404155254364,0.9997552037239075,1
1015,-621.3577270507812,261.7789001464844,-621.8284912109375,263.6370544433594,23.453107833862305,120.28011322021484,23.453125391954668,120.2801116905651,1.9168610501240417,53.86889819055796,0.9952036142349243,1
1016,-621.3577270507812,261.7789001464844,-619.8931884765625,264.2159423828125,23.453107833862305,120.28011322021484,23.453130592193506,120.28013064094009,2.843246049328457,55.26756402105093,0.9640319347381592,1
1017,-631.2944946289062,262.97003173828125,-626.4967041015625,264.4539489746094,23.4531192779541,120.28002166748047,23.453132730243098,120.28006597968837,5.0220318904345,54.81776408851147,0.9984765648841858,1
1018,-631.2944946289062,262.97003173828125,-632.2670288085938,262.36602783203125,23.4531192779541,120.28002166748047,23.453113974128353,120.28000947699502,1.1448333719042685,54.91483211517334,0.9885590672492981,1
1019,-641.1087036132812,264.1722717285156,-636.1951904296875,263.9665832519531,23.4531307220459,120.27992248535156,23.45312835216232,120.27997101265848,4.917816543420484,54.6992477029562,0.8972042202949524,1
1020,-641.1087036132812,264.1722717285156,-636.1739501953125,265.63128662109375,23.4531307220459,120.27992248535156,23.45314330644712,120.27997122064166,5.145922245129537,55.02474308013916,0.3498826324939728,1
1021,-641.1087036132812,264.1722717285156,-636.43994140625,265.6671447753906,23.4531307220459,120.27992248535156,23.4531436285664,120.27996861607076,4.902242953187516,54.296791553497314,0.982448935508728,1
1022,-650.8513793945312,265.4302062988281,-641.4852905273438,265.6253662109375,23.453142166137695,120.27983093261719,23.45314325326317,120.27991921229737,9.36812190672966,52.9467947781086,0.9808377623558044,1
1023,-650.8513793945312,265.4302062988281,-646.8072509765625,263.5206604003906,23.453142166137695,120.27983093261719,23.45312434636919,120.27986709996149,4.4722857913221405,53.24553977698088,0.9988808035850525,1
1024,-650.8513793945312,265.4302062988281,-647.9817504882812,262.9041748046875,23.453142166137695,120.27983093261719,23.453118808384858,120.27985559932867,3.8230361192350624,53.11710387468338,0.9983856678009033,1
1025,-660.6553955078125,266.6769714355469,-658.5663452148438,261.8609313964844,23.453153610229492,120.27973175048828,23.45310943676987,120.27975195557543,5.249606917132553,53.053644485771656,0.6217553615570068,1
1026,-660.6553955078125,266.6769714355469,-659.4221801757812,261.2309265136719,23.453153610229492,120.27973175048828,23.45310377733972,120.27974357528788,5.583925621481487,53.67659777402878,0.8724532127380371,1
1027,-660.6553955078125,266.6769714355469,-658.1767578125,260.1523742675781,23.453153610229492,120.27973175048828,23.453094088540045,120.27975577039325,6.979542465583964,53.17667033523321,0.9949144124984741,1
1028,-670.6227416992188,268.0907287597656,-666.7332153320312,267.0005798339844,23.45316505432129,120.27963256835938,23.453155607017337,120.27967198604492,4.039410853259273,53.15322056412697,0.9987305998802185,1
1029,-670.6227416992188,268.0907287597656,-665.3851928710938,267.501220703125,23.45316505432129,120.27963256835938,23.453160104350783,120.27968518580465,5.270620217378384,54.14875969290733,0.974018394947052,1
1030,-670.6227416992188,268.0907287597656,-665.0877075195312,267.26910400390625,23.45316505432129,120.27963256835938,23.453158019210996,120.2796880987644,5.595683212061763,53.615217097103596,0.9522817730903625,1
1031,-680.7330932617188,269.5267639160156,-672.9051513671875,268.421875,23.45317840576172,120.27953338623047,23.453168374729046,120.27961155079615,7.905533114274563,52.79778316617012,0.99960857629776,1
1032,-680.7330932617188,269.5267639160156,-678.1580200195312,273.0273132324219,23.45317840576172,120.27953338623047,23.45320974608459,120.27956011500324,4.3456699965853725,53.95384877920151,0.9968584775924683,1
1033,-690.8638916015625,270.8848571777344,-685.640869140625,272.80743408203125,23.453189849853516,120.27943420410156,23.453207770876574,120.27948684336764,5.565632540906144,52.68186703324318,0.9898619651794434,1
1034,-690.8638916015625,270.8848571777344,-685.9866943359375,271.8404235839844,23.453189849853516,120.27943420410156,23.45319908407347,120.27948345706687,4.969925585416096,53.472173400223255,0.9842839241027832,1
1035,-690.8638916015625,270.8848571777344,-683.3802490234375,271.8291320800781,23.453189849853516,120.27943420410156,23.453198982640167,120.27950897923203,7.542980931191706,53.293284960091114,0.9886847138404846,1
1036,-700.698486328125,272.0537109375,-702.91748046875,270.4786071777344,23.453201293945312,120.27934265136719,23.45318685066855,120.27931767176614,2.7211921744257404,53.320190869271755,0.9787343740463257,1
1037,-700.698486328125,272.0537109375,-702.2529907226562,270.0479431152344,23.453201293945312,120.27934265136719,23.453182981947457,120.27932417841217,2.5376344239179045,53.00497729331255,0.902049720287323,1
1038,-700.698486328125,272.0537109375,-700.7061767578125,271.75323486328125,23.453201293945312,120.27934265136719,23.453198300843866,120.27933932472708,0.3005744731122224,52.56040766835213,0.6744984984397888,1
1039,-710.4207763671875,273.30047607421875,-705.2884521484375,273.6278076171875,23.45321273803711,120.27924346923828,23.453215140417427,120.27929445534548,5.14275197004387,52.74998862296343,0.9775691628456116,1
1040,-710.4207763671875,273.30047607421875,-706.4813842773438,271.2507629394531,23.45321273803711,120.27924346923828,23.453193787061778,120.2792827742215,4.440735746737722,53.500548005104065,0.9817866683006287,1
1041,-710.4207763671875,273.30047607421875,-703.355712890625,271.9376525878906,23.45321273803711,120.27924346923828,23.453199957496473,120.27931338061903,7.195304703954165,53.032489493489265,0.5772486925125122,1
1042,-720.2451782226562,274.6029052734375,-711.0802612304688,271.9835205078125,23.453224182128906,120.27914428710938,23.453200369535008,120.27923774227834,9.531887537317859,53.06108854711056,0.9821358323097229,1
1043,-720.2451782226562,274.6029052734375,-718.4447631835938,273.3440246582031,23.453224182128906,120.27914428710938,23.453212591151733,120.27916562949153,2.196878402710378,53.07355336844921,0.9997203946113586,1
1044,-720.2451782226562,274.6029052734375,-721.3988647460938,274.3219299316406,23.453224182128906,120.27914428710938,23.453221375824267,120.27913670309601,1.1874088331569612,54.588573053479195,0.9990166425704956,1
1045,-730.2329711914062,275.9721374511719,-725.9243774414062,274.5621032714844,23.453235626220703,120.279052734375,23.45322353333809,120.27909238953153,4.533450836881995,54.313850589096546,0.9974058270454407,1
1046,-730.2329711914062,275.9721374511719,-727.6299438476562,271.6966247558594,23.453235626220703,120.279052734375,23.453197792306618,120.27907568872169,5.00557291027596,53.86573635041714,0.9796945452690125,1
1047,-730.2329711914062,275.9721374511719,-729.3280029296875,273.76873779296875,23.453235626220703,120.279052734375,23.453216406414736,120.27905906142314,2.3820028565238758,54.028594866395,0.9975838661193848,1
1048,-740.2003784179688,277.3636474609375,-733.9445190429688,272.856689453125,23.453248977661133,120.2789535522461,23.4532082133451,120.27901385675833,7.71028190171803,53.62291540950537,0.9855895638465881,1
1049,-740.2003784179688,277.3636474609375,-739.2818603515625,272.8799743652344,23.453248977661133,120.2789535522461,23.453208422517026,120.27896159381395,4.5767892531169405,52.39165388047695,0.9974141120910645,1
1050,-750.2391967773438,278.7328796386719,-744.3946533203125,273.29473876953125,23.45326042175293,120.27885437011719,23.45321214840906,120.27891152963421,7.983236457336358,54.06464822590351,0.9786884784698486,1
1051,-750.2391967773438,278.7328796386719,-746.8787231445312,279.2637634277344,23.45326042175293,120.27885437011719,23.45326576906988,120.27888720576291,3.402149413873147,52.67270840704441,0.9972948431968689,1
1052,-750.2391967773438,278.7328796386719,-748.8563842773438,280.0220947265625,23.45326042175293,120.27885437011719,23.45327258127584,120.2788678406169,1.8905676271958858,53.13406977802515,0.49566009640693665,1
1053,-760.165771484375,280.0130615234375,-757.8425903320312,278.8213195800781,23.453271865844727,120.27875518798828,23.453261794529173,120.27877984819519,2.611018867447574,53.12606878578663,0.9937799572944641,1
1054,-760.165771484375,280.0130615234375,-759.9390869140625,279.4674377441406,23.453271865844727,120.27875518798828,23.453267598707395,120.27875931941917,0.5908394053818413,52.93830391019583,0.9938386082649231,1
1055,-760.165771484375,280.0130615234375,-756.7742919921875,279.82342529296875,23.453271865844727,120.27875518798828,23.453270796597955,120.27879030891215,3.3967771557514306,53.460036404430866,0.6434878706932068,1
1056,-770.0208129882812,281.20416259765625,-771.0970458984375,277.11749267578125,23.453283309936523,120.2786636352539,23.453246488791677,120.27865006131553,4.226008557405108,52.388119511306286,0.9985070824623108,1
1057,-770.0208129882812,281.20416259765625,-771.8112182617188,276.982666015625,23.453283309936523,120.2786636352539,23.453245277623182,120.27864306818013,4.58547537723782,51.71913933008909,0.9913871884346008,1
1058,-770.0208129882812,281.20416259765625,-774.1192016601562,277.5710144042969,23.453283309936523,120.2786636352539,23.45325056284668,120.27862046853716,5.476911127694498,51.54527444392443,0.9840177893638611,1
1059,-779.8145751953125,282.3952941894531,-777.6160888671875,283.8742980957031,23.45329475402832,120.278564453125,23.453307186207482,120.2785862272153,2.6496782237953544,53.265091963112354,0.9982091188430786,1
1060,-779.8145751953125,282.3952941894531,-782.0619506835938,280.07940673828125,23.45329475402832,120.278564453125,23.4532730961184,120.27854269358771,3.2270778223995076,52.98235919326544,0.9964749217033386,1
1061,-779.8145751953125,282.3952941894531,-785.1166381835938,280.1351623535156,23.45329475402832,120.278564453125,23.453273596979614,120.27851278226039,5.763685266174769,53.45936119556427,0.9681017994880676,1
1062,-789.7410888671875,283.7200012207031,-794.2468872070312,281.135986328125,23.453306198120117,120.2784652709961,23.453282587534346,120.27842337937807,5.194165153747447,52.88974288851023,0.9944865107536316,1
1063,-789.7410888671875,283.7200012207031,-793.2053833007812,280.4151916503906,23.453306198120117,120.2784652709961,23.45327611252559,120.27843357772545,4.787807663081061,52.67425999045372,0.967231035232544,1
1064,-799.7288818359375,284.989013671875,-794.6488037109375,282.5180969238281,23.453317642211914,120.27836608886719,23.45329500324507,120.27841944383438,5.6491258909571185,52.70883534103632,0.9900819659233093,1
1065,-799.7288818359375,284.989013671875,-797.3742065429688,284.1004638671875,23.453317642211914,120.27836608886719,23.453309217889174,120.27839275684391,2.5167472043746595,53.41633688658476,0.5116329789161682,1
1066,-799.7288818359375,284.989013671875,-797.9852905273438,283.9996032714844,23.453317642211914,120.27836608886719,23.453308311843028,120.27838677314408,2.0047552448627743,53.183126263320446,0.561235785484314,1
1067,-809.747314453125,286.2914733886719,-801.9525756835938,286.4911804199219,23.45332908630371,120.27827453613281,23.453330694061368,120.2783479257121,7.797296671511495,53.38280741125345,0.9947441816329956,1
1068,-809.747314453125,286.2914733886719,-801.6870727539062,290.49237060546875,23.45332908630371,120.27827453613281,23.45336663736435,120.27835052550178,9.08928125188766,53.8686066865921,0.9069743752479553,1
1069,-809.747314453125,286.2914733886719,-803.7400512695312,289.7909240722656,23.45332908630371,120.27827453613281,23.453360336162934,120.2783304228522,6.952220224062647,53.436375223100185,0.9528111219406128,1
1070,-819.673828125,287.66070556640625,-814.7642822265625,292.1816711425781,23.453340530395508,120.2781753540039,23.45338181260927,120.27822247420586,6.674037059366361,53.96181624382734,0.9981009364128113,1
1071,-819.673828125,287.66070556640625,-819.3920288085938,292.4487609863281,23.453340530395508,120.2781753540039,23.45338421191816,120.27817715957292,4.796340850999883,53.42130735516548,0.9133641719818115,1
1072,-819.673828125,287.66070556640625,-820.8121337890625,288.7378845214844,23.453340530395508,120.2781753540039,23.4533508765477,120.27816325398523,1.5671803617005833,53.77405136823654,0.9991315007209778,1
1073,-829.5901489257812,288.9519958496094,-823.095703125,288.1408386230469,23.453351974487305,120.278076171875,23.453345513193142,120.27814089340337,6.544906592571798,53.15027292817831,0.9985997080802917,1
1074,-829.5901489257812,288.9519958496094,-824.936279296875,288.0147705078125,23.453351974487305,120.278076171875,23.453344380703992,120.27812287058555,4.747303852099869,53.30062843859196,0.9886282086372375,1
1075,-829.5901489257812,288.9519958496094,-825.58740234375,289.4994812011719,23.453351974487305,120.278076171875,23.453357718087076,120.27811649482548,4.040014902217363,54.098302498459816,0.42205682396888733,1
1076,-839.475830078125,290.176513671875,-830.9463500976562,290.9281311035156,23.4533634185791,120.2779769897461,23.453370551867508,120.27806402031202,8.562532189765085,53.700254298746586,0.9980029463768005,1
1077,-839.475830078125,290.176513671875,-830.7918090820312,292.32525634765625,23.4533634185791,120.2779769897461,23.453383102457114,120.2780655335689,8.945910559988885,53.388229571282864,0.7147825360298157,1
1078,-839.475830078125,290.176513671875,-836.4000854492188,291.2441101074219,23.4533634185791,120.2779769897461,23.453373390355193,120.27801061764374,3.255759077609712,52.99867410212755,0.9972781538963318,1
1079,-849.2593994140625,291.4010314941406,-843.8502197265625,291.4182434082031,23.4533748626709,120.27788543701172,23.45337495462125,120.27793766635004,5.409207071433694,54.3533731251955,0.9867762923240662,1
1080,-849.2593994140625,291.4010314941406,-844.8847045898438,291.5154724121094,23.4533748626709,120.27788543701172,23.45337582804425,120.27792753673273,4.376191441053722,55.80380465835333,0.9796446561813354,1
1081,-859.1144409179688,292.770263671875,-858.9284057617188,290.4556884765625,23.453386306762695,120.27778625488281,23.45336630784318,120.27779002160473,2.322039494521327,54.51711919158697,0.9984158277511597,1
1082,-859.1144409179688,292.770263671875,-859.5852661132812,290.5977478027344,23.453386306762695,120.27778625488281,23.45336758398382,120.2777835896653,2.2229488447125587,54.43835351616144,0.9951710104942322,1
1083,-859.1144409179688,292.770263671875,-857.2418823242188,290.8003845214844,23.453386306762695,120.27778625488281,23.453369404300435,120.2778065359469,2.717885125271241,53.56679577380419,0.9688935875892639,1
1084,-869.0409545898438,294.1172180175781,-859.95849609375,295.2769775390625,23.453399658203125,120.27769470214844,23.45340961821972,120.27777993501843,9.156205244583544,54.58399001508951,0.9958711266517639,1
1085,-869.0409545898438,294.1172180175781,-859.8517456054688,293.8437805175781,23.453399658203125,120.27769470214844,23.453396743591824,120.27778098031318,9.193276337896325,52.63697076588869,0.9950254559516907,1
1086,-869.0409545898438,294.1172180175781,-858.70654296875,294.9590148925781,23.453399658203125,120.27769470214844,23.453406761912667,120.27779219407266,10.368639521796354,52.79519222676754,0.9713630676269531,1
1087,-878.9981079101562,295.3751220703125,-867.0054931640625,294.9933776855469,23.453411102294922,120.27759552001953,23.45340707059889,120.27771093122148,11.998688979364594,54.36611734330654,0.9948839545249939,1
1088,-878.9981079101562,295.3751220703125,-869.8261108398438,294.71295166015625,23.453411102294922,120.27759552001953,23.453404551489044,120.27768331189264,9.19586863270173,53.11713833361864,0.9432268738746643,1
1089,-878.9981079101562,295.3751220703125,-873.7859497070312,296.9965515136719,23.453411102294922,120.27759552001953,23.453425065415555,120.2776445373743,5.458537036074403,53.21014951914549,0.9904569983482361,1
1090,-888.9042358398438,296.577392578125,-878.1370849609375,299.9757995605469,23.453420639038086,120.27749633789062,23.453451828456114,120.27760193130385,11.290735497181101,53.19517385214567,0.970177173614502,1
1091,-888.9042358398438,296.577392578125,-883.1362915039062,301.82318115234375,23.453420639038086,120.27749633789062,23.45346842376731,120.27755297935597,7.796632582588297,53.26654203236103,0.9925566911697388,1
1092,-888.9042358398438,296.577392578125,-893.271484375,302.02911376953125,23.453420639038086,120.27749633789062,23.453470273691483,120.27745373612031,6.9852790722098135,53.988320752978325,0.9910571575164795,1
1093,-898.8613891601562,297.846435546875,-895.4266357421875,302.7851257324219,23.453432083129883,120.27739715576172,23.453477065062497,120.27743263299996,6.015662207194237,53.78140136599541,0.7108621597290039,1
1094,-898.8613891601562,297.846435546875,-896.047607421875,298.8079833984375,23.453432083129883,120.27739715576172,23.453441337785037,120.27742655248036,2.9735403043391746,55.72719033807516,0.9913233518600464,1
1095,-898.8613891601562,297.846435546875,-891.7340698242188,298.2828369140625,23.453432083129883,120.27739715576172,23.453436620313905,120.27746879039668,7.140667130577625,53.945306688547134,0.8752837181091309,1
1096,-908.8185424804688,299.2156677246094,-897.3341674804688,295.1955261230469,23.453445434570312,120.27729797363281,23.4534088865292,120.277413954557,12.167678810571822,53.65655291825533,0.9583278894424438,1
1097,-908.8185424804688,299.2156677246094,-901.8142700195312,294.0265808105469,23.453445434570312,120.27729797363281,23.453398385714795,120.2773700856462,8.717021034088546,53.54810506105423,0.9976243376731873,1
1098,-918.7246704101562,300.5403747558594,-908.94091796875,291.8046569824219,23.45345687866211,120.27720642089844,23.453378425833446,120.27730030191233,13.116195212479669,54.9259427934885,0.9985866546630859,1
1099,-918.7246704101562,300.5403747558594,-913.6280517578125,294.9865417480469,23.45345687866211,120.27720642089844,23.45340700919062,120.27725440576323,7.537942873628444,54.65599708259106,0.987855851650238,1
1100,-918.7246704101562,300.5403747558594,-923.839111328125,294.7241516113281,23.45345687866211,120.27720642089844,23.453404652099916,120.27715441964513,7.745060204438311,53.7966713309288,0.922205924987793,1
1101,-928.5899047851562,301.92071533203125,-924.3682861328125,302.96234130859375,23.45347023010254,120.27710723876953,23.4534786570171,120.27714923799536,4.348223628203412,54.34194393455982,0.9908967614173889,1
1102,-928.5899047851562,301.92071533203125,-929.7782592773438,304.3883361816406,23.45347023010254,120.27710723876953,23.453491466946996,120.27709626384414,2.738857253770102,54.335751570761204,0.8361501097679138,1
1103,-928.5899047851562,301.92071533203125,-926.5065307617188,306.0332336425781,23.45347023010254,120.27710723876953,23.453506243312297,120.27712830042482,4.610125180091912,53.42021305114031,0.9784799218177795,1
1104,-938.4960327148438,303.2565612792969,-929.9794311523438,307.8181457519531,23.453481674194336,120.27700805664062,23.453522277450585,120.27709429398051,9.661291584232206,54.25409507006407,0.9961943626403809,1
1105,-938.4960327148438,303.2565612792969,-932.3652954101562,307.8797607421875,23.453481674194336,120.27700805664062,23.45352283094746,120.27707093173257,7.6785358742900405,53.77116892486811,0.9897123575210571,1
1106,-938.4960327148438,303.2565612792969,-931.407470703125,307.14947509765625,23.453481674194336,120.27700805664062,23.453516270679895,120.27708031069795,8.087180558832326,53.550695069134235,0.9861487150192261,1
1107,-948.4531860351562,304.51446533203125,-935.317626953125,307.0465393066406,23.453493118286133,120.27691650390625,23.453515345991953,120.277042022669,13.377380573581204,54.7439269721508,0.9878678321838379,1
1108,-948.4531860351562,304.51446533203125,-943.3643188476562,308.4084167480469,23.453493118286133,120.27691650390625,23.45352757994516,120.27696322991683,6.40776301702117,55.07953651249409,0.8742862939834595,1
1109,-948.4531860351562,304.51446533203125,-947.663330078125,305.22418212890625,23.453493118286133,120.27691650390625,23.453498975478894,120.27692113424187,1.0618711619703503,54.00563403964043,0.9990321397781372,1
1110,-958.3796997070312,305.66107177734375,-950.6939086914062,303.86859130859375,23.453502655029297,120.27681732177734,23.453486797999364,120.27689145898741,7.892044713932645,54.222892969846725,0.9961967468261719,1
1111,-958.3796997070312,305.66107177734375,-960.8310546875,303.372802734375,23.453502655029297,120.27681732177734,23.453482344254827,120.27679219662686,3.3534037116455373,54.103718139231205,0.9987940788269043,1
1112,-958.3796997070312,305.66107177734375,-962.689697265625,304.0863037109375,23.453502655029297,120.27681732177734,23.45348875374315,120.2767739969038,4.588678831434704,54.908858612179756,0.9906520843505859,1
1113,-968.275634765625,306.8966979980469,-971.644775390625,302.9238586425781,23.453514099121094,120.27671813964844,23.453478311321433,120.27668630928501,5.209084477658886,53.96078620105982,0.9993746876716614,1
1114,-968.275634765625,306.8966979980469,-968.8080444335938,304.4562072753906,23.453514099121094,120.27671813964844,23.453492076643407,120.2767140863942,2.4978901140598277,54.20629680156708,0.9822721481323242,1
1115,-968.275634765625,306.8966979980469,-968.4547729492188,307.711181640625,23.453514099121094,120.27671813964844,23.453521316575625,120.27671754560859,0.8339508935474551,54.29717153310776,0.9961137771606445,1
1116,-978.1102294921875,308.3327331542969,-969.7208862304688,307.85662841796875,23.453527450561523,120.27662658691406,23.453522623146256,120.27670514789892,8.40284214316203,54.049971513450146,0.9400539398193359,1
1117,-978.1102294921875,308.3327331542969,-976.0875854492188,309.65264892578125,23.453527450561523,120.27662658691406,23.45353875707298,120.27664280554006,2.415215635998195,53.97940147668123,0.9955631494522095,1
1118,-978.1102294921875,308.3327331542969,-978.8067016601562,307.8255310058594,23.453527450561523,120.27662658691406,23.45352234379345,120.27661618010784,0.8615842965924497,60.675567016005516,0.9997145533561707,1
1119,-988.0980224609375,309.7242126464844,-986.0769653320312,307.4333801269531,23.45353889465332,120.27652740478516,23.453518821042167,120.27654499009694,3.054928076214671,52.84735560417175,0.9993500113487244,1
1120,-988.0980224609375,309.7242126464844,-984.452880859375,306.2602844238281,23.45353889465332,120.27652740478516,23.453508282944167,120.27656089304028,5.028504352902174,52.99117974936962,0.8892848491668701,1
1121,-998.004150390625,310.94873046875,-987.1021118164062,310.7685546875,23.453550338745117,120.27642822265625,23.453548781424995,120.27653495192051,10.903527336871432,54.283445701003075,0.9994860887527466,1
1122,-998.004150390625,310.94873046875,-992.044921875,308.90960693359375,23.453550338745117,120.27642822265625,23.453532082213197,120.27648655220383,6.298446577773464,53.516278974711895,0.9995211362838745,1
1123,-998.004150390625,310.94873046875,-999.0360717773438,310.90118408203125,23.453550338745117,120.27642822265625,23.453549972855118,120.27641809525919,1.0330161698916223,53.89247089624405,0.9964753985404968,1
1124,-1007.991943359375,312.1955261230469,-1005.5194702148438,310.15057373046875,23.453561782836914,120.27632904052734,23.453543230007607,120.27635461018818,3.2085750323686124,54.32900879532099,0.998503565788269,1
1125,-1007.991943359375,312.1955261230469,-1006.8130493164062,310.8494567871094,23.453561782836914,120.27632904052734,23.45354950818092,120.27634194353475,1.7893277569239314,54.10589370876551,0.9637438654899597,1
1126,-1007.991943359375,312.1955261230469,-1006.8248901367188,309.94586181640625,23.453561782836914,120.27632904052734,23.453541391049193,120.2763418275901,2.5343643615481146,53.35036851465702,0.9696272611618042,1
1127,-1017.91845703125,313.52020263671875,-1008.8319702148438,311.1601257324219,23.45357322692871,120.27622985839844,23.45355229896754,120.27632217437544,9.387981980112665,53.77224925905466,0.9771703481674194,1
1128,-1017.91845703125,313.52020263671875,-1020.3138427734375,309.5815734863281,23.45357322692871,120.27622985839844,23.453538118591446,120.27620974452839,4.609845164230783,53.831325843930244,0.9886754751205444,1
1129,-1017.91845703125,313.52020263671875,-1019.9876098632812,314.7048034667969,23.45357322692871,120.27622985839844,23.453584141349403,120.27621293898261,2.3842551392258184,54.004477337002754,0.9975225329399109,1
1130,-1027.7122802734375,314.8003845214844,-1021.1639404296875,314.0361022949219,23.453584671020508,120.27613830566406,23.453578134304568,120.2762014204202,6.592790155244068,53.46197076141834,0.9552711844444275,1
1131,-1027.7122802734375,314.8003845214844,-1022.416015625,312.26995849609375,23.453584671020508,120.27613830566406,23.453562268764884,120.27618916017066,5.869708263300911,53.37856523692608,0.9978567957878113,1
1132,-1027.7122802734375,314.8003845214844,-1021.4993896484375,312.7038269042969,23.453584671020508,120.27613830566406,23.45356616627111,120.2761981357204,6.557100255478774,53.427113220095634,0.9875302314758301,1
1133,-1037.608154296875,316.04718017578125,-1024.8861083984375,312.6019287109375,23.453596115112305,120.27603912353516,23.453565250904063,120.27616497316185,13.180296259870582,52.76515148580074,0.9891738891601562,1
1134,-1037.608154296875,316.04718017578125,-1035.29296875,308.9654235839844,23.453596115112305,120.27603912353516,23.4535325836227,120.27606306977358,7.450594643511173,54.853578098118305,0.9529505968093872,1
1135,-1037.608154296875,316.04718017578125,-1034.8974609375,307.5399169921875,23.453596115112305,120.27603912353516,23.45351977807911,120.27606694256372,8.928683293940344,54.28970418870449,0.9840545058250427,1
1136,-1047.5550537109375,317.3384704589844,-1039.328369140625,307.7357482910156,23.4536075592041,120.27593994140625,23.453521537261597,120.27602355536106,12.644785963179299,56.80507980287075,0.9850709438323975,1
1137,-1047.5550537109375,317.3384704589844,-1038.8155517578125,308.1766662597656,23.4536075592041,120.27593994140625,23.453525498095104,120.27602857683989,12.661656707299326,54.44076657295227,0.6687878966331482,1
1138,-1057.4918212890625,318.70770263671875,-1049.746337890625,308.9278564453125,23.45362091064453,120.27584838867188,23.45353224615135,120.27592154319998,12.475492158750061,53.86074539273977,0.9912046790122986,1
1139,-1057.4918212890625,318.70770263671875,-1050.220458984375,308.64874267578125,23.45362091064453,120.27584838867188,23.4535297388297,120.27591690063304,12.411904981177308,56.89224321395159,0.9949640035629272,1
1140,-1057.4918212890625,318.70770263671875,-1061.027099609375,313.19244384765625,23.45362091064453,120.27584838867188,23.453570555591792,120.27581108261892,6.551051237198708,53.74636687338352,0.9013273119926453,1
1141,-1067.3673095703125,319.9544677734375,-1063.751953125,314.90399169921875,23.453630447387695,120.27574920654297,23.453585930687737,120.27578440100733,6.211127981527886,54.44544646888971,0.999886155128479,1
1142,-1067.3673095703125,319.9544677734375,-1066.359375,314.14202880859375,23.453630447387695,120.27574920654297,23.45357908585863,120.27575886927971,5.899184589251715,53.524368442595005,0.9498933553695679,1
1143,-1067.3673095703125,319.9544677734375,-1062.7479248046875,314.7909851074219,23.453630447387695,120.27574920654297,23.45358491553225,120.27579423239588,6.928222633196206,53.837123326957226,0.9815869927406311,1
1144,-1077.303955078125,321.2235107421875,-1076.5931396484375,316.1104431152344,23.453641891479492,120.27565002441406,23.453596768425204,120.27565866083478,5.162239739965385,54.95860055088997,0.9942164421081543,1
1145,-1077.303955078125,321.2235107421875,-1076.791748046875,315.736572265625,23.453641891479492,120.27565002441406,23.453593409886217,120.27565671607258,5.510793943566021,53.94909344613552,0.9745770692825317,1
1146,-1077.303955078125,321.2235107421875,-1073.7901611328125,318.1950988769531,23.453641891479492,120.27565002441406,23.45361549520653,120.27568610744196,4.638752668078686,54.30043954402208,0.9941747784614563,1
1147,-1087.2816162109375,322.5370788574219,-1078.867919921875,318.5636901855469,23.453655242919922,120.27555084228516,23.45361880631859,120.27563638631493,9.304735503084903,54.62847463786602,0.9868485927581787,1
1148,-1087.2816162109375,322.5370788574219,-1088.2191162109375,320.46405029296875,23.453655242919922,120.27555084228516,23.453635877543892,120.27554481992948,2.2751601436027715,55.45120034366846,0.9964137673377991,1
1149,-1087.2816162109375,322.5370788574219,-1086.951171875,319.6584167480469,23.453655242919922,120.27555084228516,23.45362864041462,120.27555723556874,2.8975660474102227,56.061603128910065,0.8666766285896301,1
1150,-1097.167236328125,323.9174499511719,-1100.9241943359375,320.4408264160156,23.45366668701172,120.27545928955078,23.453635668920256,120.27542041252268,5.118754211492168,54.06487733125687,0.7810148596763611,1
1151,-1097.167236328125,323.9174499511719,-1100.1136474609375,318.58331298828125,23.45366668701172,120.27545928955078,23.45361898259323,120.27542834935186,6.093796493355965,54.416089318692684,0.9142410755157471,1
1152,-1097.167236328125,323.9174499511719,-1097.7872314453125,325.4998779296875,23.45366668701172,120.27545928955078,23.453681115153234,120.27545112948597,1.6995506031081833,54.40344847738743,0.9972490668296814,1
1153,-1107.063232421875,325.2532958984375,-1098.336669921875,324.0880432128906,23.453678131103516,120.27536010742188,23.453668432426184,120.27544574941547,8.804016520178756,53.581930696964264,0.99236661195755,1
1154,-1107.063232421875,325.2532958984375,-1103.9287109375,323.46661376953125,23.453678131103516,120.27536010742188,23.453662850030515,120.27539099246596,3.607971447470369,53.85202169418335,0.728115439414978,1
1155,-1107.063232421875,325.2532958984375,-1104.4002685546875,326.350341796875,23.453678131103516,120.27536010742188,23.453688755000137,120.27538637500042,2.880084419114264,54.044950753450394,0.9925877451896667,1
1156,-1117.0816650390625,326.6225280761719,-1115.916748046875,326.5249328613281,23.453691482543945,120.27526092529297,23.453690323378353,120.27527360628424,1.1689980430469376,53.40375751256943,0.99904865026474,1
1157,-1117.0816650390625,326.6225280761719,-1115.552734375,326.7344970703125,23.453691482543945,120.27526092529297,23.453692205925673,120.27527717068554,1.5330251241122763,53.290897980332375,0.9899809956550598,1
1158,-1127.08984375,327.9026794433594,-1120.42138671875,331.1366271972656,23.453702926635742,120.27516174316406,23.453731750933432,120.27522949711701,7.411257467705656,53.14571876078844,0.9991766810417175,1
1159,-1127.08984375,327.9026794433594,-1122.8365478515625,331.0126647949219,23.453702926635742,120.27516174316406,23.453730637360223,120.27520584799572,5.269016500885017,53.474375046789646,0.9130609631538391,1
1160,-1127.08984375,327.9026794433594,-1131.2890625,329.4259948730469,23.453702926635742,120.27516174316406,23.453716384061806,120.27512308145009,4.466981979891521,53.585359826684,0.9337100386619568,1
1161,-1136.94482421875,328.9936218261719,-1133.341552734375,324.9068298339844,23.453712463378906,120.27507019042969,23.453675787711546,120.27510298358175,5.44843410325553,53.38755249977112,0.9981042146682739,1
1162,-1136.94482421875,328.9936218261719,-1131.9620361328125,326.030517578125,23.453712463378906,120.27507019042969,23.453685881970298,120.27511649173033,5.797254858478635,53.19193843752146,0.9996768236160278,1
1163,-1136.94482421875,328.9936218261719,-1137.2523193359375,325.55902099609375,23.453712463378906,120.27507019042969,23.453681646444437,120.27506468957625,3.448338166286407,53.48525010049343,0.9256183505058289,1
1164,-1146.71826171875,330.2292785644531,-1147.431884765625,326.5438232421875,23.453723907470703,120.27497100830078,23.453690493073534,120.274965011847,3.75390979985497,53.93149796873331,0.9993100166320801,1
1165,-1146.71826171875,330.2292785644531,-1148.5858154296875,327.87652587890625,23.453723907470703,120.27497100830078,23.45370246494501,120.27495371262317,3.003864521343208,54.22826297581196,0.9993461966514587,1
1166,-1146.71826171875,330.2292785644531,-1149.162109375,330.4653625488281,23.453723907470703,120.27497100830078,23.453725720860497,120.27494806958543,2.4552244326409336,53.9715476334095,0.9860880970954895,1
1167,-1156.532470703125,331.5650939941406,-1155.89892578125,327.43768310546875,23.4537353515625,120.2748794555664,23.453698522753303,120.27488210306001,4.175751406868081,53.859333507716656,0.9993084669113159,1
1168,-1156.532470703125,331.5650939941406,-1152.3380126953125,331.03485107421875,23.4537353515625,120.2748794555664,23.453730836662963,120.27491697131966,4.2278405283820355,53.47136966884136,0.9997486472129822,1
1169,-1156.532470703125,331.5650939941406,-1150.6314697265625,329.03729248046875,23.4537353515625,120.2748794555664,23.453712892288806,120.27493368169193,6.419625613531789,53.262174129486084,0.95032799243927,1
1170,-1166.4691162109375,332.9454650878906,-1159.7310791015625,330.8963928222656,23.45374870300293,120.2747802734375,23.453729592871323,120.27484457883132,7.042715473243837,53.917186334729195,0.9995397329330444,1
1171,-1166.4691162109375,332.9454650878906,-1162.6756591796875,330.39678955078125,23.45374870300293,120.2747802734375,23.453725104858776,120.27481574566964,4.570127267527659,53.71634941548109,0.9991462230682373,1
1172,-1166.4691162109375,332.9454650878906,-1169.6041259765625,331.3121032714844,23.45374870300293,120.2747802734375,23.453733327261826,120.27474790251442,3.5349903895000963,54.27615903317928,0.9996834993362427,1
1173,-1176.497802734375,334.28131103515625,-1176.7833251953125,330.3477478027344,23.453760147094727,120.2746810913086,23.453724664309256,120.2746776042015,3.943912116054443,53.283557295799255,0.999168872833252,1
1174,-1176.497802734375,334.28131103515625,-1178.437744140625,332.1923828125,23.453760147094727,120.2746810913086,23.453741234947486,120.27466140422472,2.850788273283905,53.36881801486015,0.9916139841079712,1
1175,-1176.497802734375,334.28131103515625,-1177.6260986328125,330.65777587890625,23.453760147094727,120.2746810913086,23.45372744933885,120.27466935181165,3.7951361850414003,53.00888791680336,0.9886153936386108,1
1176,-1186.5059814453125,335.5726013183594,-1184.580078125,330.63299560546875,23.453771591186523,120.27458190917969,23.453727226733868,120.27460125883756,5.301774061388548,53.21251600980759,0.9970325231552124,1
1177,-1186.5059814453125,335.5726013183594,-1187.640380859375,329.315185546875,23.453771591186523,120.27458190917969,23.453715388644696,120.27457129252618,6.359411463952205,54.640768095850945,0.9919173121452332,1
1178,-1186.5059814453125,335.5726013183594,-1185.4075927734375,335.0978088378906,23.453771591186523,120.27458190917969,23.45376733483354,120.2745931558609,1.1966142126905372,53.03520616143942,0.9994775652885437,1
1179,-1196.4427490234375,336.88616943359375,-1187.3892822265625,336.54681396484375,23.45378303527832,120.27448272705078,23.453780351468065,120.2745737512698,9.059824676906757,52.73817013949156,0.9990403056144714,1
1180,-1196.4427490234375,336.88616943359375,-1195.52734375,337.84478759765625,23.45378303527832,120.27448272705078,23.453792011363593,120.27449406383138,1.3254869290595597,55.581891909241676,0.9957721829414368,1
1181,-1206.2672119140625,338.1440734863281,-1199.5751953125,338.5175476074219,23.453794479370117,120.2743911743164,23.453798054869583,120.27445442749772,6.702430090251958,53.60415205359459,0.9941808581352234,1
1182,-1206.2672119140625,338.1440734863281,-1204.5501708984375,341.0324401855469,23.453794479370117,120.2743911743164,23.453820646533995,120.274405712818,3.3601922621323843,53.08326706290245,0.9978103041648865,1
1183,-1206.2672119140625,338.1440734863281,-1211.822265625,340.3279113769531,23.453794479370117,120.2743911743164,23.453814317644024,120.27433450487752,5.968900205559643,52.21296474337578,0.9868528246879578,1
1184,-1216.17333984375,339.4576416015625,-1214.6429443359375,341.1279296875,23.453805923461914,120.2742919921875,23.453821504330783,120.27430688495103,2.265385772966149,52.87049151957035,0.9490094780921936,1
1185,-1216.17333984375,339.4576416015625,-1215.812744140625,343.01763916015625,23.453805923461914,120.2742919921875,23.453838479879803,120.27429543033747,3.5782135037341853,52.65633016824722,0.9367042183876038,1
1186,-1216.17333984375,339.4576416015625,-1221.24853515625,342.1341552734375,23.453805923461914,120.2742919921875,23.453830543409016,120.27424220337912,5.737711468499943,52.468182519078255,0.9118167161941528,1
1187,-1226.1712646484375,340.715576171875,-1221.1651611328125,340.496337890625,23.45381736755371,120.2741928100586,23.45381583064514,120.27424301977284,5.010901898173465,52.9024638235569,0.8544358015060425,1
1188,-1226.1712646484375,340.715576171875,-1218.3140869140625,341.0001220703125,23.45381736755371,120.2741928100586,23.453820356215424,120.27427093733043,7.862328428517589,53.030562587082386,0.8996013402938843,1
1189,-1226.1712646484375,340.715576171875,-1222.6973876953125,344.4259338378906,23.45381736755371,120.2741928100586,23.45385113080614,120.27422801629696,5.082772382786184,53.26542071998119,0.9304338097572327,1
1190,-1236.1795654296875,342.0513916015625,-1233.3775634765625,341.5111999511719,23.45383071899414,120.27409362792969,23.453824947306142,120.27412343661945,2.853598073392268,52.40990687161684,0.7816580533981323,1
1191,-1236.1795654296875,342.0513916015625,-1232.587158203125,343.6214599609375,23.45383071899414,120.27409362792969,23.453843904094345,120.27413117622321,3.9205234771097826,51.75476148724556,0.5722144842147827,1
1192,-1236.1795654296875,342.0513916015625,-1228.75146484375,340.9303283691406,23.45383071899414,120.27409362792969,23.45381972924794,120.27416873511575,7.512220782557792,53.54334693402052,0.5396524667739868,1
1193,-1245.952880859375,343.3204345703125,-1239.7982177734375,344.1225891113281,23.453840255737305,120.27400207519531,23.453848405814096,120.27406056593551,6.206716491759044,54.33586798608303,0.6388707160949707,1
1194,-1245.952880859375,343.3204345703125,-1247.0223388671875,339.8364562988281,23.453840255737305,120.27400207519531,23.453809902827942,120.27398982775014,3.644426570346772,54.69249747693539,0.8924303650856018,1
1195,-1245.952880859375,343.3204345703125,-1244.718994140625,342.2207946777344,23.453840255737305,120.27400207519531,23.453831321704026,120.2740123819715,1.652780786449574,55.08130695670843,0.9529008269309998,1
1196,-1255.8385009765625,344.66741943359375,-1256.1829833984375,341.6423645019531,23.453853607177734,120.2739028930664,23.45382612557735,120.27390012723673,3.044605964394101,53.198784589767456,0.9718891978263855,1
1197,-1255.8385009765625,344.66741943359375,-1256.46923828125,345.1805725097656,23.453853607177734,120.2739028930664,23.453857909840668,120.2738973242451,0.8131147687190968,53.049904294312,0.973836362361908,1
1198,-1255.8385009765625,344.66741943359375,-1257.846923828125,341.7663269042969,23.453853607177734,120.2739028930664,23.453827239150556,120.2738838340261,3.5284699537080635,52.721413783729076,0.9814276099205017,1
1199,-1265.8262939453125,346.0143737792969,-1263.7069091796875,342.78118896484375,23.45386505126953,120.2738037109375,23.453836355811557,120.27382645338079,3.8659120307081,53.216942586004734,0.9926281571388245,1
1200,-1265.8262939453125,346.0143737792969,-1265.1590576171875,344.0623779296875,23.45386505126953,120.2738037109375,23.453847864927848,120.27381223402539,2.0628844161663444,52.34080087393522,0.8965190649032593,1
1201,-1265.8262939453125,346.0143737792969,-1264.4930419921875,341.56591796875,23.45386505126953,120.2738037109375,23.453825438846458,120.27381875561274,4.643955196693857,52.618034183979034,0.978368878364563,1
1202,-1275.558837890625,347.2834167480469,-1265.122802734375,343.4556579589844,23.453876495361328,120.27371215820312,23.45384241466962,120.27381258903114,11.11587005725288,53.99287585169077,0.9163324236869812,1
1203,-1275.558837890625,347.2834167480469,-1276.48681640625,343.2436828613281,23.453876495361328,120.27371215820312,23.453840510464918,120.27370131325166,4.144948009440572,53.55371907353401,0.9483473896980286,1
1204,-1284.0147705078125,348.41888427734375,-1278.33447265625,344.9076232910156,23.453887939453125,120.27362823486328,23.45385545789612,120.27368322110611,6.677929124854164,54.074376821517944,0.9427216649055481,1
1205,-1284.0147705078125,348.41888427734375,-1279.628662109375,343.9591369628906,23.453887939453125,120.27362823486328,23.453846937498465,120.27367054847613,6.255181291666599,54.27922587841749,0.9476432204246521,1
1206,-1284.0147705078125,348.41888427734375,-1285.3902587890625,345.10162353515625,23.453887939453125,120.27362823486328,23.45385720062996,120.27361413124714,3.5911261247016153,53.85646037757397,0.8836851119995117,1
1207,-1290.234130859375,349.23150634765625,-1287.700439453125,346.4430236816406,23.453893661499023,120.27356719970703,23.453869250632497,120.27359151008868,3.7676554673662386,52.975631318986416,0.8076982498168945,1
1208,-1290.234130859375,349.23150634765625,-1288.36279296875,344.301025390625,23.453893661499023,120.27356719970703,23.453850008734467,120.27358502436049,5.2736655154206185,53.032759577035904,0.7816183567047119,1
1209,-1290.234130859375,349.23150634765625,-1288.649658203125,343.9266662597656,23.453893661499023,120.27356719970703,23.453846645809175,120.27358221539234,5.536414178554143,54.6537796035409,0.7551514506340027,1
1210,-1293.859619140625,350.4337463378906,-1286.3419189453125,344.4932556152344,23.45390510559082,120.27352905273438,23.45385173556795,120.27360481264469,9.581505427257587,55.74207101017237,0.8268784880638123,1
1211,-1293.859619140625,350.4337463378906,-1290.3648681640625,344.096435546875,23.45390510559082,120.27352905273438,23.45384817087263,120.27356542015335,7.237043073666732,53.8202878087759,0.8468111753463745,1
1212,-1293.859619140625,350.4337463378906,-1289.82958984375,350.16351318359375,23.45390510559082,120.27352905273438,23.45390267235834,120.27357066156841,4.039079361853644,52.99270432442427,0.9955449104309082,1
1213,-1294.921630859375,353.5173034667969,-1288.93359375,350.2820739746094,23.453933715820312,120.27352142333984,23.453903737408044,120.2735794351115,6.806122118385175,53.29932551831007,0.18276046216487885,1
1214,-1294.921630859375,353.5173034667969,-1288.7874755859375,354.9557800292969,23.453933715820312,120.27352142333984,23.45394572202387,120.27358086589231,6.300561541601105,53.91288734972477,0.995417594909668,1
1215,-1294.921630859375,353.5173034667969,-1296.9228515625,354.37860107421875,23.453933715820312,120.27352142333984,23.4539405371371,120.27350120475063,2.178696369659335,52.90991812944412,0.9793800115585327,1
1216,-1294.451904296875,358.7381896972656,-1298.4315185546875,357.7171936035156,23.4539794921875,120.27352905273438,23.453970528224065,120.27348643196872,4.108498833447236,53.04489750415087,0.9858880639076233,1
1217,-1294.451904296875,358.7381896972656,-1295.933349609375,357.0364685058594,23.4539794921875,120.27352905273438,23.45396441316647,120.27351089389782,2.256221449062421,53.58884297311306,0.7367147207260132,1
1218,-1294.451904296875,358.7381896972656,-1290.957763671875,358.00701904296875,23.4539794921875,120.27352905273438,23.453973131770283,120.27355961455406,3.5698220169891264,55.2145391702652,0.9676434993743896,1
1219,-1293.7880859375,365.9405517578125,-1292.3978271484375,360.8268737792969,23.454044342041016,120.27352905273438,23.45399846295637,120.2735455135339,5.299294478373624,53.885976783931255,0.9929531216621399,1
1220,-1293.7880859375,365.9405517578125,-1298.012939453125,364.9082336425781,23.454044342041016,120.27352905273438,23.454035126435823,120.27349053067162,4.3491456539796385,54.556689225137234,0.9641560912132263,1
1221,-1293.7880859375,365.9405517578125,-1295.54638671875,369.80694580078125,23.454044342041016,120.27352905273438,23.454079132315865,120.27351468301657,4.247425635940975,53.30624617636204,0.9637869596481323,1
1222,-1293.022216796875,374.8238525390625,-1296.6412353515625,374.1480407714844,23.454124450683594,120.2735366821289,23.454118129035486,120.27350396232065,3.6815780372510747,53.301647305488586,0.9727674722671509,1
1223,-1293.022216796875,374.8238525390625,-1293.978515625,375.4707946777344,23.454124450683594,120.2735366821289,23.454130011535995,120.27353003552169,1.1545741983357274,53.3688310533762,0.903731644153595,1
1224,-1291.74560546875,384.7535705566406,-1295.6610107421875,377.85430908203125,23.454214096069336,120.27355194091797,23.454151423010188,120.27351356062461,7.932856191201963,55.12659624218941,0.9015030860900879,1
1225,-1291.74560546875,384.7535705566406,-1289.6390380859375,383.15509033203125,23.454214096069336,120.27355194091797,23.454199040738335,120.27357252744045,2.6443837026416466,55.116456001996994,0.985625684261322,1
1226,-1291.74560546875,384.7535705566406,-1287.30908203125,382.37567138671875,23.454214096069336,120.27355194091797,23.45419203909882,120.27359534223842,5.033601560890767,55.21709471940994,0.9486238956451416,1
1227,-1290.31591796875,394.9726867675781,-1285.439697265625,385.7377014160156,23.45430564880371,120.27356719970703,23.45422224072843,120.27361364714838,10.443298463089084,57.214261032640934,0.9169286489486694,1
1228,-1290.31591796875,394.9726867675781,-1285.662109375,387.32177734375,23.45430564880371,120.27356719970703,23.454236470724602,120.27361146930157,8.955129783475131,55.969142355024815,0.6260767579078674,1
1229,-1290.31591796875,394.9726867675781,-1285.10107421875,387.881591796875,23.45430564880371,120.27356719970703,23.454241499623397,120.27361696292611,8.802171505966308,54.70957234501839,0.5166831612586975,1
1230,-1289.1005859375,404.9914245605469,-1288.7567138671875,404.8460388183594,23.454395294189453,120.27357482910156,23.454393893843857,120.27358116710933,0.3733430256110527,55.50686456263065,0.9273886680603027,1
1231,-1289.1005859375,404.9914245605469,-1289.9649658203125,402.1249084472656,23.454395294189453,120.27357482910156,23.454369449513834,120.2735693359745,2.9940052120048146,55.382197722792625,0.8715400695800781,1
1232,-1289.1005859375,404.9914245605469,-1288.181884765625,400.2918701171875,23.454395294189453,120.27357482910156,23.454352983050352,120.27358679580338,4.788509560322852,55.289290845394135,0.9907121062278748,1
1233,-1288.0078125,414.9100036621094,-1283.5438232421875,409.18829345703125,23.454484939575195,120.27359008789062,23.454432900980954,120.27363221143965,7.2570770813572425,56.0185182839632,0.7253664135932922,1
1234,-1288.0078125,414.9100036621094,-1283.6693115234375,406.4183044433594,23.454484939575195,120.27359008789062,23.454408017746275,120.2736309826655,9.535803392758952,56.185235269367695,0.7953393459320068,1
1235,-1288.0078125,414.9100036621094,-1289.47119140625,407.2873229980469,23.454484939575195,120.27359008789062,23.454415824272772,120.27357417098564,7.761877242621772,55.53901381790638,0.8971499800682068,1
1236,-1286.874267578125,424.70611572265625,-1284.793212890625,409.0783996582031,23.454572677612305,120.27359771728516,23.454431913788163,120.27361997748683,15.765668333550977,56.62872921675444,0.6174153685569763,1
1237,-1286.874267578125,424.70611572265625,-1286.39404296875,420.7518310546875,23.454572677612305,120.27359771728516,23.454536778006577,120.2736043022492,3.983338161740991,55.43037410825491,0.6521846055984497,1
1238,-1286.874267578125,424.70611572265625,-1285.65087890625,418.8946838378906,23.454572677612305,120.27359771728516,23.45452009496928,120.27361157926968,5.938806310509093,55.48421014100313,0.9251171350479126,1
1239,-1285.85302734375,433.845458984375,-1283.189453125,422.60748291015625,23.454654693603516,120.27361297607422,23.454553447610817,120.2736356814118,11.549317463101564,55.35867065191269,0.869952380657196,1
1240,-1285.85302734375,433.845458984375,-1281.4052734375,426.9251403808594,23.454654693603516,120.27361297607422,23.45459223378779,120.27365315199845,8.226379786073979,56.57660309225321,0.9946643114089966,1
1241,-1285.85302734375,433.845458984375,-1285.587646484375,431.1568298339844,23.454654693603516,120.27361297607422,23.454630247700923,120.27361219843799,2.7016945994787838,55.63168600201607,0.9957413673400879,1
1242,-1285.1279296875,441.404052734375,-1291.4005126953125,434.3701171875,23.454721450805664,120.27361297607422,23.454659113152342,120.27355527918064,9.42451838915336,56.09027296304703,0.9998663663864136,1
1243,-1285.1279296875,441.404052734375,-1287.125732421875,442.0245361328125,23.454721450805664,120.27361297607422,23.45472787396764,120.27359713758743,2.0919405854882154,55.41759077459574,0.9853453040122986,1
1244,-1285.1279296875,441.404052734375,-1281.77587890625,443.0409240722656,23.454721450805664,120.27361297607422,23.454737004335847,120.27364952305064,3.7303608695254376,54.239507764577866,0.7824656367301941,1
1245,-1284.1883544921875,446.3800354003906,-1280.7471923828125,444.1310729980469,23.45476722717285,120.27362823486328,23.454746797310268,120.27365959589093,4.110891454435883,53.789177909493446,0.660126805305481,1
1246,-1284.1883544921875,446.3800354003906,-1287.1519775390625,443.7779541015625,23.45476722717285,120.27362823486328,23.45474362518925,120.27359688059673,3.943841864182655,54.468112997710705,0.9897426962852478,1
1247,-1284.1883544921875,446.3800354003906,-1286.6015625,446.1806335449219,23.45476722717285,120.27362823486328,23.454765208825915,120.27360227022969,2.4214322185299255,54.374486207962036,0.9619152545928955,1
1248,-1281.9620361328125,448.47283935546875,-1285.2374267578125,447.19482421875,23.45478630065918,120.27365112304688,23.454774319455748,120.27361562776976,3.515893405099213,55.41523825377226,0.7696593999862671,1
1249,-1281.9620361328125,448.47283935546875,-1282.949462890625,447.9831848144531,23.45478630065918,120.27365112304688,23.454781401419474,120.2736380313826,1.1021674879896104,54.695410653948784,0.9262387156486511,1
1250,-1281.9620361328125,448.47283935546875,-1279.6392822265625,451.795654296875,23.45478630065918,120.27365112304688,23.454815649415536,120.27367044448455,4.0541688228084745,55.343134328722954,0.945232093334198,1
1251,-1277.8157958984375,448.5730285644531,-1278.84716796875,450.2436828613281,23.45478630065918,120.27368927001953,23.454801707818927,120.27367820082259,1.9633680569591614,55.35923317074776,0.2328488826751709,1
1252,-1277.8157958984375,448.5730285644531,-1279.0074462890625,451.5239562988281,23.45478630065918,120.27368927001953,23.454813208710895,120.27367663138634,3.1824526935966047,55.536750704050064,0.7688442468643188,1
1253,-1271.7802734375,448.1166076660156,-1271.911376953125,452.2994079589844,23.454782485961914,120.27375030517578,23.454820174711678,120.27374611569614,4.184854408778003,55.490605533123016,0.9770937561988831,1
1254,-1271.7802734375,448.1166076660156,-1271.24560546875,452.4006652832031,23.454782485961914,120.27375030517578,23.454821084321697,120.27375263489289,4.317293076012966,56.620693765580654,0.9424729943275452,1
1255,-1271.7802734375,448.1166076660156,-1276.1456298828125,452.9769592285156,23.454782485961914,120.27375030517578,23.45482626125829,120.27370465413081,6.532943762633166,63.87760583311319,0.7576054334640503,1
1256,-1263.8656005859375,447.2371826171875,-1271.0780029296875,453.4279479980469,23.454774856567383,120.2738265991211,23.454830312559338,120.27375427604747,9.50496310192614,63.21056745946407,0.961595356464386,1
1257,-1263.8656005859375,447.2371826171875,-1268.4317626953125,453.7406921386719,23.454774856567383,120.2738265991211,23.45483312198775,120.27378018788225,7.946412555683846,63.66870366036892,0.9265240430831909,1
1258,-1263.8656005859375,447.2371826171875,-1264.927734375,444.2017822265625,23.454774856567383,120.2738265991211,23.454747432502074,120.27381449912949,3.2158643810451126,67.29951221495867,0.902378499507904,1
1259,-1254.3475341796875,445.845703125,-1258.3056640625,446.0769348144531,23.454761505126953,120.27391815185547,23.454764277284372,120.27387934206766,3.964878341566187,67.65700876712799,0.997153639793396,1
1260,-1254.3475341796875,445.845703125,-1250.836669921875,445.13848876953125,23.454761505126953,120.27391815185547,23.454755847080115,120.27395247803607,3.5813852042703247,66.58150162547827,0.9959767460823059,1
1261,-1254.3475341796875,445.845703125,-1249.234375,443.1434020996094,23.454761505126953,120.27391815185547,23.45473792491163,120.27396816761737,5.7833232339762715,56.36291857808828,0.831061601638794,1
1262,-1244.2371826171875,444.37628173828125,-1246.1689453125,444.11834716796875,23.454748153686523,120.27401733398438,23.45474668299219,120.27399818413159,1.948906707249813,57.49338772147894,0.9848834872245789,1
1263,-1244.2371826171875,444.37628173828125,-1241.57958984375,444.44000244140625,23.454748153686523,120.27401733398438,23.45474957247067,120.27404312284091,2.658356574546381,56.0422008857131,0.9844790101051331,1
1264,-1244.2371826171875,444.37628173828125,-1247.81396484375,444.81365966796875,23.454748153686523,120.27401733398438,23.45475292909065,120.27398207619332,3.6034248361289736,56.978387758135796,0.9621753096580505,1
1265,-1234.147216796875,443.0070495605469,-1244.2584228515625,445.9596252441406,23.454736709594727,120.27411651611328,23.454763223474572,120.27401689185952,10.533479531840287,57.215421460568905,0.9929541945457458,1
1266,-1234.147216796875,443.0070495605469,-1241.79443359375,445.78607177734375,23.454736709594727,120.27411651611328,23.45476166441725,120.27404101910305,8.136515791163793,56.88441637903452,0.940735936164856,1
1267,-1234.147216796875,443.0070495605469,-1237.57421875,444.5553894042969,23.454736709594727,120.27411651611328,23.454750609009395,120.27408234320824,3.7605449948732614,56.2130194157362,0.9806135892868042,1
1268,-1224.271728515625,441.8270568847656,-1231.1746826171875,446.1448974609375,23.45472526550293,120.27421569824219,23.45476488780321,120.2741450071043,8.142144838401908,57.9787390306592,0.9951871633529663,1
1269,-1224.271728515625,441.8270568847656,-1226.0999755859375,445.071533203125,23.45472526550293,120.27421569824219,23.45475524560803,120.27419469834868,3.724125928389243,56.052046827971935,0.9592729806900024,1
1270,-1224.271728515625,441.8270568847656,-1226.850341796875,445.015625,23.45472526550293,120.27421569824219,23.454754743376096,120.27418735080516,4.100757622650744,54.180254228413105,0.19805212318897247,1
1271,-1214.47802734375,440.5914001464844,-1217.260498046875,440.5819396972656,23.454715728759766,120.27430725097656,23.45471491490337,120.27428125401306,2.7824867859252005,54.806857369840145,0.3209547698497772,1
1272,-1214.47802734375,440.5914001464844,-1216.981201171875,442.4056091308594,23.454715728759766,120.27430725097656,23.454731297204624,120.27428398887227,3.0914775517213346,54.665518924593925,0.6929416656494141,1
1273,-1204.59228515625,439.2667236328125,-1216.7252197265625,440.0604553222656,23.454702377319336,120.27440643310547,23.454710230329525,120.27428649542811,12.1588696547963,55.826437659561634,0.40274468064308167,1
1274,-1204.59228515625,439.2667236328125,-1205.615234375,440.59344482421875,23.454702377319336,120.27440643310547,23.454715018255687,120.27439528377664,1.675295264682514,54.76305354386568,0.9993554949760437,1
1275,-1204.59228515625,439.2667236328125,-1205.118408203125,441.16552734375,23.454702377319336,120.27440643310547,23.454720157360395,120.27440014867044,1.9703453994472784,54.07161172479391,0.9538359045982361,1
1276,-1194.676025390625,438.0087890625,-1203.133544921875,440.7745666503906,23.45469093322754,120.27450561523438,23.45471664530073,120.27441958433948,8.898267375571118,53.96652780473232,0.9088005423545837,1
1277,-1194.676025390625,438.0087890625,-1201.86572265625,435.5673828125,23.45469093322754,120.27450561523438,23.454669868372445,120.27443199878344,7.592905323318253,54.25071623176336,0.9767715930938721,1
1278,-1194.676025390625,438.0087890625,-1203.1346435546875,435.3173522949219,23.45469093322754,120.27450561523438,23.45466762231009,120.27441957358174,8.876488783256555,54.04690280556679,0.9805163741111755,1
1279,-1184.7801513671875,436.7174987792969,-1199.0970458984375,436.4914855957031,23.454679489135742,120.27459716796875,23.454678169728986,120.27445910950975,14.318678394953018,54.43207826465368,0.9877453446388245,1
1280,-1184.7801513671875,436.7174987792969,-1197.4697265625,438.7313232421875,23.454679489135742,120.27459716796875,23.454698290532907,120.27447504412869,12.848377625397964,55.28837721794844,0.989382266998291,1
1281,-1184.7801513671875,436.7174987792969,-1189.8687744140625,431.90155029296875,23.454679489135742,120.27459716796875,23.454636937638632,120.27454947222246,7.006243239864968,55.07865734398365,0.9013270139694214,1
1282,-1174.925048828125,435.43731689453125,-1178.0048828125,434.48883056640625,23.454668045043945,120.27469635009766,23.45466017957277,120.27466564277837,3.2225771807594046,55.095561780035496,0.9866892695426941,1
1283,-1174.925048828125,435.43731689453125,-1174.62109375,434.5156555175781,23.454668045043945,120.27469635009766,23.45466042054541,120.27469877664959,0.9704887342391488,54.94536738842726,0.9618033170700073,1
1284,-1174.925048828125,435.43731689453125,-1171.3033447265625,432.88861083984375,23.454668045043945,120.27469635009766,23.45464580455439,120.27473126386047,4.428616392562733,55.68512436002493,0.9313615560531616,1
1285,-1165.0087890625,434.1237487792969,-1172.1802978515625,432.6615905761719,23.45465660095215,120.27479553222656,23.45464376519666,120.27472267678506,7.319046722256007,56.80622160434723,0.9946190118789673,1
1286,-1165.0087890625,434.1237487792969,-1173.6358642578125,431.6623229980469,23.45465660095215,120.27479553222656,23.454634788623277,120.27470842396109,8.971345679561031,55.67140784114599,0.9889208078384399,1
1287,-1165.0087890625,434.1237487792969,-1169.495849609375,435.9132995605469,23.45465660095215,120.27479553222656,23.454672975795464,120.2747489627505,4.830756084713309,57.62029159814119,0.9763064980506897,1
1288,-1155.1536865234375,432.8769836425781,-1167.6988525390625,436.7282409667969,23.45464515686035,120.27488708496094,23.454680296538672,120.27476655884422,13.123009309489229,55.721123702824116,0.7997042536735535,1
1289,-1155.1536865234375,432.8769836425781,-1164.40673828125,434.3833923339844,23.45464515686035,120.27488708496094,23.454659232405014,120.27479879504094,9.374872477975435,55.791810154914856,0.9936234354972839,1
1290,-1145.3497314453125,431.5856628417969,-1154.8558349609375,436.2532958984375,23.454633712768555,120.27498626708984,23.45467603003453,120.27489231694635,10.590222018504726,56.93833064287901,0.8640978336334229,1
1291,-1145.3497314453125,431.5856628417969,-1147.6519775390625,433.25634765625,23.454633712768555,120.27498626708984,23.454649107990413,120.274962856711,2.8445605680722297,55.034334771335125,0.9987358450889587,1
1292,-1145.3497314453125,431.5856628417969,-1145.617919921875,431.877685546875,23.454633712768555,120.27498626708984,23.45463672325797,120.27498277408822,0.39648747677834695,56.71526677906513,0.9977078437805176,1
1293,-1135.443603515625,430.23870849609375,-1141.116943359375,428.0006408691406,23.454622268676758,120.27508544921875,23.454601895173056,120.27502684739628,6.098830353887282,56.29901122301817,0.9987084865570068,1
1294,-1135.443603515625,430.23870849609375,-1134.39501953125,428.1551818847656,23.454622268676758,120.27508544921875,23.454603283438622,120.27509266809442,2.3325118461435967,54.798767901957035,0.9345561861991882,1
1295,-1135.443603515625,430.23870849609375,-1135.8170166015625,433.9732666015625,23.454622268676758,120.27508544921875,23.454655548182874,120.27507874397949,3.7531801949642256,55.68320211023092,0.988035261631012,1
1296,-1125.52734375,428.9808044433594,-1128.2650146484375,425.0212707519531,23.45461082458496,120.27517700195312,23.454575131035924,120.27515269275571,4.813808160025988,54.16442733258009,0.9995009899139404,1
1297,-1125.52734375,428.9808044433594,-1126.8931884765625,425.1878967285156,23.45461082458496,120.27517700195312,23.45457662786254,120.27516612560004,4.031337340188715,54.23291772603989,0.979130208492279,1
1298,-1125.52734375,428.9808044433594,-1132.142333984375,425.4263000488281,23.45461082458496,120.27517700195312,23.454578769476004,120.27511472626395,7.50950046884735,53.49185410887003,0.9797101020812988,1
1299,-1115.600830078125,427.6672058105469,-1129.4793701171875,425.48443603515625,23.454599380493164,120.27527618408203,23.454579291720453,120.27514080185561,14.049140810320742,54.040899500250816,0.9974074959754944,1
1300,-1115.600830078125,427.6672058105469,-1119.5902099609375,426.2272033691406,23.454599380493164,120.27527618408203,23.45458596411294,120.27523763595283,4.241315701600747,54.72098849713802,0.8075755834579468,1
1301,-1115.600830078125,427.6672058105469,-1122.09033203125,426.0002136230469,23.454599380493164,120.27527618408203,23.454583925029358,120.27521315489885,6.700186456569639,53.734163753688335,0.9853037595748901,1
1302,-1105.6436767578125,426.3647766113281,-1109.54248046875,423.81829833984375,23.454587936401367,120.27537536621094,23.454564324550883,120.27533602275204,4.656739413319374,54.04381733387709,0.9981734752655029,1
1303,-1105.6436767578125,426.3647766113281,-1109.96337890625,423.4966125488281,23.454587936401367,120.27537536621094,23.454561434798254,120.27533190133833,5.185189653294473,54.05780766159296,0.9963666200637817,1
1304,-1105.6436767578125,426.3647766113281,-1110.425537109375,423.39532470703125,23.454587936401367,120.27537536621094,23.45456052491409,120.27532737591133,5.628839403800553,54.46730647236109,0.9913183450698853,1
1305,-1095.798828125,425.073486328125,-1105.46875,423.69976806640625,23.45457649230957,120.27546691894531,23.45456325977532,120.27537591249052,9.767010337415595,53.59277408570051,0.9823039770126343,1
1306,-1095.798828125,425.073486328125,-1102.9566650390625,427.3831787109375,23.45457649230957,120.27546691894531,23.454596348416118,120.27540051068445,7.521257088515049,54.786305874586105,0.9840120077133179,1
1307,-1095.798828125,425.073486328125,-1097.1439208984375,427.0480651855469,23.45457649230957,120.27546691894531,23.454593338040098,120.27545742874648,2.389191543876561,54.5284952968359,0.9386522173881531,1
1308,-1085.862060546875,423.7153625488281,-1094.987548828125,426.4575500488281,23.45456314086914,120.27556610107422,23.454588033352373,120.2754785438199,9.528595313916282,55.23969326168299,0.5443598628044128,1
1309,-1085.862060546875,423.7153625488281,-1085.9228515625,418.6839599609375,23.45456314086914,120.27556610107422,23.454518202004486,120.27556730482311,5.031769822737642,53.84627543389797,0.9577965140342712,1
1310,-1075.864013671875,422.368408203125,-1077.2313232421875,419.2767028808594,23.454551696777344,120.27566528320312,23.454523526704733,120.2756524117771,3.380558720210869,53.05176693946123,0.7972760200500488,1
1311,-1075.864013671875,422.368408203125,-1074.5185546875,418.2992858886719,23.454551696777344,120.27566528320312,23.4545147464185,120.27567897505344,4.285792375817541,53.7140928208828,0.9681030511856079,1
1312,-1075.864013671875,422.368408203125,-1071.7181396484375,417.7698059082031,23.454551696777344,120.27566528320312,23.45450999001891,120.2757063965592,6.191559939552761,53.44797298312187,0.9434607028961182,1
1313,-1065.9681396484375,421.18841552734375,-1072.6920166015625,417.6017761230469,23.454540252685547,120.27576446533203,23.45450848058167,120.27569686041113,7.620662930298162,54.243103601038456,0.9951230883598328,1
1314,-1065.9681396484375,421.18841552734375,-1064.4552001953125,417.4635009765625,23.454540252685547,120.27576446533203,23.454507238434893,120.27577751485177,4.02044452759195,54.36406098306179,0.7809225916862488,1
1315,-1065.9681396484375,421.18841552734375,-1064.1129150390625,416.03131103515625,23.454540252685547,120.27576446533203,23.454494372853752,120.27578086648866,5.480655535113579,56.51560425758362,0.9558878540992737,1
1316,-1056.133544921875,419.97503662109375,-1058.476806640625,420.4001159667969,23.454530715942383,120.2758560180664,23.454533618496185,120.2758360549435,2.381505392121252,54.50726393610239,0.9465559720993042,1
1317,-1056.133544921875,419.97503662109375,-1057.203857421875,423.21954345703125,23.454530715942383,120.2758560180664,23.454558945844255,120.2758485195903,3.4164884686036068,54.01775520294905,0.9529982805252075,1
1318,-1056.133544921875,419.97503662109375,-1052.353759765625,418.5423889160156,23.454530715942383,120.2758560180664,23.45451693025015,120.27589601147237,4.042184468115409,54.07846998423338,0.943771481513977,1
1319,-1046.156005859375,418.561279296875,-1052.1561279296875,420.3561706542969,23.454517364501953,120.27595520019531,23.454533223728728,120.27589794667215,6.262834808902348,53.27042192220688,0.8377873301506042,1
1320,-1046.156005859375,418.561279296875,-1052.416748046875,419.4279479980469,23.454517364501953,120.27595520019531,23.454524885362737,120.27589539469469,6.320443605945174,53.540391847491264,0.9596375226974487,1
1321,-1046.156005859375,418.561279296875,-1052.0517578125,417.0861511230469,23.454517364501953,120.27595520019531,23.454503848643483,120.27589896865842,6.077490783374233,53.53290494531393,0.9456247687339783,1
1322,-1036.147705078125,417.20318603515625,-1037.04296875,418.7415466308594,23.454504013061523,120.27605438232422,23.454518719314343,120.27604593387251,1.779901785096914,54.0763596072793,0.8202568888664246,1
1323,-1036.147705078125,417.20318603515625,-1037.955078125,416.54742431640625,23.454504013061523,120.27605438232422,23.454499009178242,120.27603700254906,1.9226598145143032,54.09786105155945,0.892326295375824,1
1324,-1036.147705078125,417.20318603515625,-1039.5234375,415.654052734375,23.454504013061523,120.27605438232422,23.454490983884774,120.27602164526272,3.7142136944025532,55.03973364830017,0.877742350101471,1
1325,-1026.2518310546875,415.9007568359375,-1037.2586669921875,415.7834167480469,23.454492568969727,120.27615356445312,23.454492145981483,120.27604382176752,11.007461380866511,55.13011012226343,0.9774113893508911,1
1326,-1026.2518310546875,415.9007568359375,-1033.877197265625,419.3561706542969,23.454492568969727,120.27615356445312,23.454524240575886,120.27607693292792,8.371743815180695,55.26857264339924,0.49736112356185913,1
1327,-1016.4274291992188,414.72076416015625,-1029.798828125,414.656005859375,23.454483032226562,120.2762451171875,23.454482018277155,120.276116868088,13.371555738578216,55.127362720668316,0.9988504648208618,1
1328,-1016.4274291992188,414.72076416015625,-1016.2864990234375,413.85955810546875,23.454483032226562,120.2762451171875,23.45447486366525,120.27624918005074,0.8726609783164039,54.92772813886404,0.9987598657608032,1
1329,-1016.4274291992188,414.72076416015625,-1016.718994140625,414.6341857910156,23.454483032226562,120.2762451171875,23.454481822264146,120.276244945083,0.3041478736737779,54.79764565825462,0.9228690266609192,1
1330,-1006.6132202148438,413.485107421875,-1008.4667358398438,415.85003662109375,23.454471588134766,120.2763442993164,23.454492744437985,120.27632575072978,3.0047313173454593,54.227336309850216,0.9559644460678101,1
1331,-1006.6132202148438,413.485107421875,-1007.5631103515625,412.21466064453125,23.454471588134766,120.2763442993164,23.454460087299953,120.27633459897949,1.586293253436667,55.26320170611143,0.9987288117408752,1
1332,-1006.6132202148438,413.485107421875,-1005.9719848632812,414.4488525390625,23.454471588134766,120.2763442993164,23.454480157387216,120.27635017919033,1.1575782595557982,56.76523223519325,0.8825761079788208,1
1333,-996.7071533203125,412.1381530761719,-1002.941650390625,416.2974853515625,23.45446014404297,120.27644348144531,23.45449676393832,120.27637985205418,7.494597967659193,54.76877000182867,0.9589371085166931,1
1334,-996.7071533203125,412.1381530761719,-999.1033325195312,417.28790283203125,23.45446014404297,120.27644348144531,23.45450566100992,120.2764174366458,5.679929339590617,57.84946773201227,0.9513469338417053,1
1335,-996.7071533203125,412.1381530761719,-997.4539184570312,417.7256164550781,23.45446014404297,120.27644348144531,23.454509593058297,120.27643358761506,5.637145126749623,55.75219169259071,0.7426154613494873,1
1336,-986.6682739257812,410.79119873046875,-992.974853515625,416.1267395019531,23.45444679260254,120.27654266357422,23.454495230102253,120.27647744636577,8.260807554180513,54.7277694568038,0.9972406625747681,1
1337,-986.6682739257812,410.79119873046875,-989.621826171875,416.50390625,23.45444679260254,120.27654266357422,23.4544986182488,120.27651027901999,6.431057306082284,55.502284318208694,0.9595536589622498,1
1338,-986.6682739257812,410.79119873046875,-982.2686767578125,415.86279296875,23.45444679260254,120.27654266357422,23.454492859030204,120.27658228064338,6.713979695990019,54.89819124341011,0.9003511667251587,1
1339,-976.6498413085938,409.4553527832031,-981.6481323242188,415.2642517089844,23.454435348510742,120.2766342163086,23.454487482242588,120.2765883569794,7.663303452612336,54.6119250357151,0.8381179571151733,1
1340,-976.6498413085938,409.4553527832031,-978.022705078125,414.22540283203125,23.454435348510742,120.2766342163086,23.454478150104347,120.27662385695805,4.963681335260831,54.64626848697662,0.6213903427124023,1
1341,-976.6498413085938,409.4553527832031,-976.796630859375,418.8963928222656,23.454435348510742,120.2766342163086,23.454520110321347,120.27663586260749,9.442181114096456,54.85054291784763,0.47302114963531494,1
1342,-966.7437133789062,408.1306457519531,-971.0497436523438,419.4876708984375,23.454423904418945,120.2767333984375,23.454525421862677,120.27669213580216,12.145942404508538,54.2750908061862,0.34265080094337463,1
1343,-966.7437133789062,408.1306457519531,-966.7183227539062,412.4866638183594,23.454423904418945,120.2767333984375,23.454462530746035,120.27673454883075,4.356092064993064,54.064652882516384,0.8710812926292419,1
1344,-966.7437133789062,408.1306457519531,-969.5306396484375,409.160400390625,23.454423904418945,120.2767333984375,23.454432650413274,120.2767070107827,2.9710861057313056,55.134840309619904,0.9997891783714294,1
1345,-956.837646484375,406.9061279296875,-957.612548828125,407.9927978515625,23.45441246032715,120.2768325805664,23.454422161661206,120.2768237120543,1.334662939268586,54.805535823106766,0.97432941198349,1
1346,-956.837646484375,406.9061279296875,-956.1398315429688,406.7542724609375,23.45441246032715,120.2768325805664,23.454411035798326,120.2768381328187,0.7141468867390589,54.97736297547817,0.9502509236335754,1
1347,-956.837646484375,406.9061279296875,-957.2505493164062,400.5279235839844,23.45441246032715,120.2768325805664,23.45435510355472,120.27682725673306,6.391555321222343,55.196369998157024,0.9800938963890076,1
1348,-946.9213256835938,405.6370849609375,-955.8883666992188,401.9547424316406,23.45440101623535,120.27693176269531,23.454367920886508,120.27684059514823,9.693682018663988,54.99719362705946,0.9580217599868774,1
1349,-946.9213256835938,405.6370849609375,-945.1292724609375,398.7232971191406,23.45440101623535,120.27693176269531,23.454338892319367,120.27694594759082,7.142262741891463,55.17110414803028,0.7746777534484863,1
1350,-946.9213256835938,405.6370849609375,-947.7167358398438,399.0917053222656,23.45440101623535,120.27693176269531,23.454342201786563,120.27692061129568,6.593532583600843,55.22841028869152,0.9908689260482788,1
1351,-937.0254516601562,404.35693359375,-940.7344970703125,404.412841796875,23.454389572143555,120.27702331542969,23.454390002368804,120.27698898098302,3.7094667516743978,54.6673322096467,0.8946493268013,1
1352,-937.0254516601562,404.35693359375,-940.6715087890625,407.5230712890625,23.454389572143555,120.27702331542969,23.454417942035704,120.2769895977607,4.828888121806804,54.778244346380234,0.7660809755325317,1
1353,-927.1499633789062,403.00994873046875,-935.2388916015625,407.3763427734375,23.454378128051758,120.2771224975586,23.454416623951023,120.2770427936411,9.192179106705753,54.98179700225592,0.9190335869789124,1
1354,-927.1499633789062,403.00994873046875,-934.6428833007812,408.3036193847656,23.454378128051758,120.2771224975586,23.454424953818545,120.2770486297207,9.174246451441947,55.082534439861774,0.8950319290161133,1
1355,-927.1499633789062,403.00994873046875,-925.6423950195312,409.0172119140625,23.454378128051758,120.2771224975586,23.454431364129306,120.27713676199316,6.193542872633526,55.88942486792803,0.9820953607559204,1
1356,-917.2030029296875,401.6629943847656,-924.0220947265625,402.4720458984375,23.454364776611328,120.2772216796875,23.454372567902613,120.27715262788203,6.866919053402528,54.91363164037466,0.6470232605934143,1
1357,-917.2030029296875,401.6629943847656,-923.7664794921875,404.4822082519531,23.454364776611328,120.2772216796875,23.454390625498274,120.27715513085197,7.143331954727368,54.62123919278383,0.4218032956123352,1
1358,-917.2030029296875,401.6629943847656,-917.1778564453125,404.07373046875,23.454364776611328,120.2772216796875,23.45438695607991,120.2772196462764,2.410867232408442,53.7449661642313,0.9313862919807434,1
1359,-907.245849609375,400.4607238769531,-910.7565307617188,401.2995910644531,23.454355239868164,120.27731323242188,23.45436203556164,120.2772825235345,3.6095124756240695,54.62608113884926,0.8793705701828003,1
1360,-907.245849609375,400.4607238769531,-910.8444213867188,402.3460388183594,23.454355239868164,120.27731323242188,23.454371435961754,120.27728166291446,4.0625276940575565,54.581972770392895,0.7124940156936646,1
1361,-907.245849609375,400.4607238769531,-909.5107421875,403.5533447265625,23.454355239868164,120.27731323242188,23.454382281375256,120.27729472222579,3.833280854553227,54.252839647233486,0.5646808743476868,1
1362,-897.4418334960938,399.14715576171875,-905.4190673828125,406.4637756347656,23.454341888427734,120.27741241455078,23.454408426220937,120.27733478767419,10.824471666094304,53.743571043014526,0.7536975145339966,1
1363,-897.4418334960938,399.14715576171875,-894.6892700195312,403.6242980957031,23.454341888427734,120.27741241455078,23.454382918760214,120.27743985324342,5.255607402694849,54.326197132468224,0.9529539942741394,1
1364,-897.4418334960938,399.14715576171875,-904.1166381835938,404.1090393066406,23.454341888427734,120.27741241455078,23.4543872732646,120.27734754098728,8.317049111892898,54.17042691260576,0.8921752572059631,1
1365,-887.6787109375,397.7890625,-892.3710327148438,402.338134765625,23.454330444335938,120.27751159667969,23.45437136495844,120.27746255329207,6.535437409998888,55.04547245800495,0.9805764555931091,1
1366,-887.6787109375,397.7890625,-893.5980224609375,401.1347351074219,23.454330444335938,120.27751159667969,23.454360554635382,120.27745053867784,6.799395128064927,54.86369878053665,0.9231509566307068,1
1367,-887.6787109375,397.7890625,-887.8082275390625,401.99169921875,23.454330444335938,120.27751159667969,23.454368252874975,120.27750723202242,4.204631962474965,54.45382930338383,0.9175845980644226,1
1368,-877.639892578125,396.4421081542969,-884.8360595703125,397.487548828125,23.45431900024414,120.27760314941406,23.454327791403596,120.27753633532316,7.2717099489695745,55.398931726813316,0.7889021635055542,1
1369,-877.639892578125,396.4421081542969,-881.3878173828125,396.43463134765625,23.45431900024414,120.27760314941406,23.454318332884938,120.27757010031574,3.7479322624921303,55.24343438446522,0.8344870805740356,1
1370,-867.58056640625,395.16192626953125,-873.5569458007812,398.9307861328125,23.454307556152344,120.27770233154297,23.45434075622489,120.2776467797676,7.065508851910814,56.730933487415314,0.9886849522590637,1
1371,-867.58056640625,395.16192626953125,-871.6411743164062,399.6156921386719,23.454307556152344,120.27770233154297,23.454346908840222,120.27766553889367,6.026986561885256,55.502891540527344,0.40699222683906555,1
1372,-867.58056640625,395.16192626953125,-871.848388671875,395.86187744140625,23.454307556152344,120.27770233154297,23.454313187749058,120.27766350986242,4.32483971194005,55.11357355862856,0.417678564786911,1
1373,-857.6642456054688,393.9374084472656,-860.6083984375,394.72601318359375,23.454296112060547,120.27780151367188,23.454302984106825,120.27777357121141,3.047939193703966,54.62725181132555,0.6935733556747437,1
1374,-857.6642456054688,393.9374084472656,-862.5459594726562,396.26776123046875,23.454296112060547,120.27780151367188,23.45431683386517,120.27775459872329,5.409406101900031,54.75904420018196,0.9016246199607849,1
1375,-857.6642456054688,393.9374084472656,-857.0582885742188,391.7968444824219,23.454296112060547,120.27780151367188,23.454276670936686,120.27780833368652,2.224679305272764,55.33031467348337,0.8023660778999329,1
1376,-847.7990112304688,392.6906433105469,-850.1011962890625,391.7890930175781,23.45428466796875,120.27790069580078,23.45427660130409,120.2778764571409,2.4724176376098654,54.81051001697779,0.6256434321403503,1
1377,-847.7990112304688,392.6906433105469,-851.5513916015625,393.94744873046875,23.45428466796875,120.27790069580078,23.454295990143347,120.27786225691038,3.9572614663318206,55.1996435970068,0.9593765139579773,1
1378,-847.7990112304688,392.6906433105469,-851.9027709960938,391.918701171875,23.45428466796875,120.27790069580078,23.45427776559395,120.27785881622322,4.175732136933577,55.20950350910425,0.6430742144584656,1
1379,-837.913330078125,391.3436584472656,-842.7898559570312,392.4222717285156,23.454273223876953,120.27799224853516,23.454282289245228,120.27794804937213,4.994387976332162,54.49798051267862,0.9927873015403748,1
1380,-837.913330078125,391.3436584472656,-838.1945190429688,392.92987060546875,23.454273223876953,120.27799224853516,23.45428684908352,120.27799304665143,1.6109426571983607,53.884842433035374,0.9933732748031616,1
1381,-837.913330078125,391.3436584472656,-838.6463012695312,392.7542724609375,23.454273223876953,120.27799224853516,23.45428527165855,120.2779886228254,1.589678792397689,54.88045234233141,0.9771451950073242,1
1382,-827.9561767578125,389.9855651855469,-839.5216674804688,391.5941162109375,23.454259872436523,120.27809143066406,23.454274849797635,120.27798005128895,11.676815150422355,54.82345633208752,0.9718637466430664,1
1383,-827.9561767578125,389.9855651855469,-832.4783935546875,390.2389221191406,23.454259872436523,120.27809143066406,23.45426267588198,120.27804901862909,4.529308390222332,56.7123182117939,0.9373188614845276,1
1384,-827.9561767578125,389.9855651855469,-830.07861328125,390.1995849609375,23.454259872436523,120.27809143066406,23.454262322510274,120.27807251714187,2.133199770363694,54.59504667669535,0.8657540678977966,1
1385,-818.0704956054688,388.74993896484375,-827.3091430664062,390.881591796875,23.454248428344727,120.27819061279297,23.454268449081923,120.27809963563766,9.48137915620896,54.6317296102643,0.6811466217041016,1
1386,-818.0704956054688,388.74993896484375,-816.3457641601562,390.65716552734375,23.454248428344727,120.27819061279297,23.45426643302644,120.27820698842416,2.5714221199863925,57.92363826185465,0.976782500743866,1
1387,-808.1439819335938,387.5588073730469,-807.365966796875,389.9985656738281,23.454238891601562,120.27828979492188,23.454260516723295,120.27829491809233,2.5608061463520637,56.40938971191645,0.9802552461624146,1
1388,-808.1439819335938,387.5588073730469,-808.17138671875,389.853515625,23.454238891601562,120.27828979492188,23.454259213716536,120.27828703146598,2.2948718883264982,55.86186517030001,0.9884854555130005,1
1389,-808.1439819335938,387.5588073730469,-812.6212158203125,390.2926940917969,23.454238891601562,120.27828979492188,23.45426315892383,120.27824345899096,5.245927931962116,55.44990301132202,0.7237492799758911,1
1390,-798.1765747070312,386.2007141113281,-804.3660278320312,387.5946350097656,23.454225540161133,120.27838134765625,23.45423892184672,120.27832429332508,6.344473615491917,54.89896237850189,0.7965220212936401,1
1391,-798.1765747070312,386.2007141113281,-805.5264282226562,389.32354736328125,23.454225540161133,120.27838134765625,23.45425445293064,120.27831293075006,7.98576447315154,54.73272502422333,0.4562639594078064,1
1392,-798.1765747070312,386.2007141113281,-801.2908935546875,381.40753173828125,23.454225540161133,120.27838134765625,23.454183342152387,120.2783544048661,5.71608075049279,54.696290753781796,0.9309181571006775,1
1393,-788.2296142578125,384.798095703125,-791.5901489257812,384.58538818359375,23.454214096069336,120.27848052978516,23.454211889322544,120.27844939400914,3.367259678653396,55.56489992886782,0.9795764684677124,1
1394,-788.2296142578125,384.798095703125,-786.4356689453125,383.08514404296875,23.454214096069336,120.27848052978516,23.454198412400128,120.27849986638573,2.48041189609161,57.05453082919121,0.9628152847290039,1
1395,-788.2296142578125,384.798095703125,-795.5762939453125,382.8358154296875,23.454214096069336,120.27848052978516,23.45419617264309,120.27841036190243,7.60422555571881,55.28564937412739,0.9029337763786316,1
1396,-778.4052124023438,383.473388671875,-783.5269775390625,379.1842346191406,23.45420265197754,120.27857971191406,23.454163369934555,120.27852834812755,6.680517989182826,55.03868404775858,0.9184538125991821,1
1397,-778.4052124023438,383.473388671875,-783.193115234375,380.27276611328125,23.45420265197754,120.27857971191406,23.45417314837934,120.27853161728837,5.759166458052074,56.727916933596134,0.8561792373657227,1
1398,-778.4052124023438,383.473388671875,-778.443115234375,381.2347717285156,23.45420265197754,120.27857971191406,23.454181790222815,120.27857812901986,2.2389377936360044,55.21367769688368,0.800080418586731,1
1399,-768.5706176757812,382.204345703125,-778.1159057617188,382.4350280761719,23.454191207885742,120.27867126464844,23.454192572309037,120.27858133303653,9.548075146372431,55.085593834519386,0.9349875450134277,1
1400,-768.5706176757812,382.204345703125,-770.405029296875,384.42578125,23.454191207885742,120.27867126464844,23.454210455549067,120.27865683750298,2.8809446167053663,54.117302410304546,0.6634339690208435,1
1401,-768.5706176757812,382.204345703125,-767.3219604492188,379.0662841796875,23.454191207885742,120.27867126464844,23.45416231036773,120.27868702673885,3.377362135502445,54.25444431602955,0.9736461639404297,1
1402,-758.6338500976562,380.9798278808594,-766.0181884765625,378.7218933105469,23.454179763793945,120.27877044677734,23.454159216651917,120.27869979320032,7.721834096767431,55.509552359580994,0.7988681197166443,1
1403,-758.6338500976562,380.9798278808594,-759.9971313476562,381.99542236328125,23.454179763793945,120.27877044677734,23.454188623263725,120.27875875105136,1.6999905644818498,55.37697114050388,0.7501246333122253,1
1404,-748.6358642578125,379.7107849121094,-749.5723876953125,380.7789306640625,23.45416831970215,120.27886962890625,23.454177695332863,120.2788608295519,1.4205673149845182,55.40252197533846,0.9761238098144531,1
1405,-748.6358642578125,379.7107849121094,-752.2155151367188,381.24737548828125,23.45416831970215,120.27886962890625,23.454181903444315,120.27883494819741,3.895511649788061,54.486445151269436,0.9841306805610657,1
1406,-748.6358642578125,379.7107849121094,-746.6636352539062,383.4353332519531,23.45416831970215,120.27886962890625,23.454201558203316,120.27888931189139,4.2144925649100236,55.05150370299816,0.6920081377029419,1
1407,-738.729736328125,378.3304138183594,-741.4887084960938,377.696044921875,23.45415496826172,120.27896881103516,23.45415000129905,120.27893998448167,2.830962966987203,54.01823204010725,0.9975704550743103,1
1408,-738.729736328125,378.3304138183594,-738.5536499023438,379.9855041503906,23.45415496826172,120.27896881103516,23.454170567861222,120.2789687244095,1.664430964782778,54.274276830255985,0.8617773652076721,1
1409,-738.729736328125,378.3304138183594,-734.86328125,374.6788330078125,23.45415496826172,120.27896881103516,23.45412289722327,120.27900486029074,5.31822501283208,54.60035428404808,0.9994310736656189,1
1410,-728.8440551757812,377.03912353515625,-731.5158081054688,378.241943359375,23.454143524169922,120.27906036376953,23.454154905188147,120.27903763855853,2.9300237621608742,55.34670688211918,0.9792126417160034,1
1411,-728.8440551757812,377.03912353515625,-726.2554321289062,377.3560791015625,23.454143524169922,120.27906036376953,23.454146947334124,120.27908914786273,2.6079551587188603,54.22778520733118,0.9573096036911011,1
1412,-728.8440551757812,377.03912353515625,-728.2649536132812,377.68798828125,23.454143524169922,120.27906036376953,23.454149928925016,120.27906947074196,0.8697034427971687,52.55832336843014,0.9326571822166443,1
1413,-718.9788208007812,375.7255554199219,-726.750244140625,379.2655029296875,23.454132080078125,120.27915954589844,23.45416409998021,120.27908430269149,8.539686709649484,54.161555133759975,0.5331975221633911,1
1414,-718.9788208007812,375.7255554199219,-718.6696166992188,377.9888610839844,23.454132080078125,120.27915954589844,23.454152631711388,120.27916342773861,2.284329158724825,53.49972937256098,0.9947693943977356,1
1415,-718.9788208007812,375.7255554199219,-719.545166015625,377.0037536621094,23.454132080078125,120.27915954589844,23.45414378234085,120.2791548544092,1.3980477991498101,53.27543988823891,0.7612501382827759,1
1416,-709.0420532226562,374.3563232421875,-713.9552612304688,375.45404052734375,23.454120635986328,120.27925872802734,23.454129861030903,120.27920959044087,5.034341681507493,53.355407901108265,0.9918619394302368,1
1417,-709.0420532226562,374.3563232421875,-710.7899780273438,375.7001037597656,23.454120635986328,120.27925872802734,23.454132071454527,120.27924058471505,2.2047646591562486,53.85805480182171,0.9766280651092529,1
1418,-709.0420532226562,374.3563232421875,-709.4476928710938,377.3713073730469,23.454120635986328,120.27925872802734,23.454147084132014,120.27925372829543,3.042149377285468,53.50220948457718,0.7719069719314575,1
1419,-699.0440673828125,373.0538635253906,-705.6256103515625,375.9190368652344,23.45410919189453,120.27935791015625,23.454134038164074,120.2792911539114,7.17815617807623,53.24480962008238,0.9729883074760437,1
1420,-699.0440673828125,373.0538635253906,-702.139404296875,374.37432861328125,23.45410919189453,120.27935791015625,23.454120161813755,120.27932529064402,3.365224904801454,52.421169355511665,0.8042562007904053,1
1421,-699.0440673828125,373.0538635253906,-698.5703735351562,374.604248046875,23.45410919189453,120.27935791015625,23.454122227215166,120.27936023839149,1.6211347956803952,52.82052606344223,0.8295592665672302,1
1422,-689.0971069335938,371.885009765625,-691.7372436523438,374.0635070800781,23.454097747802734,120.27944946289062,23.454117369656416,120.27942714801304,3.422889487373423,53.45460958778858,0.8763337135314941,1
1423,-689.0971069335938,371.885009765625,-692.8568725585938,372.2269287109375,23.454097747802734,120.27944946289062,23.45410087139222,120.27941618467008,3.77528093260558,53.20695601403713,0.8540067672729492,1
1424,-689.0971069335938,371.885009765625,-697.9873046875,372.5323791503906,23.454097747802734,120.27944946289062,23.454103615300202,120.2793659477687,8.9137367710681,52.53804475069046,0.8390138149261475,1
1425,-679.2318725585938,370.6827697753906,-682.8416137695312,368.3982849121094,23.454086303710938,120.27954864501953,23.4540664780998,120.27951425351799,4.271896850405178,53.15646901726723,0.9660789966583252,1
1426,-679.2318725585938,370.6827697753906,-683.2393798828125,368.01129150390625,23.454086303710938,120.27954864501953,23.454063001678865,120.2795103586147,4.816317172765937,53.087446838617325,0.9947848916053772,1
1427,-679.2318725585938,370.6827697753906,-676.466552734375,367.4483337402344,23.454086303710938,120.27954864501953,23.45405794454323,120.27957667775527,4.255416571351682,53.24582662433386,0.7563153505325317,1
1428,-669.34619140625,369.3580627441406,-675.357666015625,370.0389404296875,23.45407485961914,120.27964782714844,23.454081216359075,120.27958753591135,6.049910858999161,52.321976982057095,0.5815470218658447,1
1429,-669.34619140625,369.3580627441406,-677.3801879882812,370.7398681640625,23.45407485961914,120.27964782714844,23.454087512900042,120.27956773149052,8.151962174753713,53.24045289307833,0.5028089880943298,1
1430,-659.419677734375,367.98883056640625,-671.462158203125,370.4104919433594,23.454063415527344,120.27974700927734,23.45408455406311,120.27962568050364,12.283557288703127,53.24438959360123,0.8817522525787354,1
1431,-659.419677734375,367.98883056640625,-659.6095581054688,369.8713684082031,23.454063415527344,120.27974700927734,23.454079711033994,120.27974174049378,1.8920896599061938,53.200067952275276,0.8351077437400818,1
1432,-659.419677734375,367.98883056640625,-661.0476684570312,371.0624084472656,23.454063415527344,120.27974700927734,23.454090410328703,120.27972765859852,3.4781079314424423,53.08551620692015,0.9910994172096252,1
1433,-649.4931030273438,366.5862121582031,-651.1913452148438,369.5675048828125,23.454050064086914,120.27983856201172,23.4540769813815,120.27982417115854,3.4310541874493294,53.28464601188898,0.997683048248291,1
1434,-649.4931030273438,366.5862121582031,-650.7279663085938,369.2919006347656,23.454050064086914,120.27983856201172,23.45407450558642,120.27982870853859,2.9741616391148984,53.524564020335674,0.9935504198074341,1
1435,-649.4931030273438,366.5862121582031,-654.3124389648438,369.0845031738281,23.454050064086914,120.27983856201172,23.454072642503327,120.27979360958497,5.4283935816438,53.57246845960617,0.9799029231071472,1
1436,-639.4849243164062,365.2615051269531,-652.7353515625,367.2706604003906,23.454038619995117,120.27993774414062,23.454056348476463,120.27980905233566,13.40188520756708,53.633750416338444,0.9258873462677002,1
1437,-639.4849243164062,365.2615051269531,-643.5249633789062,365.9888610839844,23.454038619995117,120.27993774414062,23.454044833877294,120.27989923993611,4.104992364762049,53.446405567228794,0.9935438632965088,1
1438,-639.4849243164062,365.2615051269531,-642.1640625,365.9559631347656,23.454038619995117,120.27993774414062,23.454044538349986,120.27991256580059,2.767680135312772,53.48996166139841,0.9081074595451355,1
1439,-629.558349609375,364.1371765136719,-634.5571899414062,365.562744140625,23.454029083251953,120.28003692626953,23.454041006003663,120.27998705186667,5.198138871188328,52.94966418296099,0.9496318697929382,1
1440,-629.558349609375,364.1371765136719,-627.3012084960938,361.16802978515625,23.454029083251953,120.28003692626953,23.454001527612913,120.28005810202681,3.7296807236973466,52.52654664218426,0.4993645250797272,1
1441,-629.558349609375,364.1371765136719,-625.7791748046875,364.75238037109375,23.454029083251953,120.28003692626953,23.454033726382065,120.28007300569469,3.828921256773447,53.08234132826328,0.4157746732234955,1
1442,-619.7033081054688,362.8792724609375,-625.073974609375,362.99951171875,23.454017639160156,120.28013610839844,23.45401798009505,120.28007991097513,5.372012302229015,53.584435023367405,0.7285688519477844,1
1443,-619.7033081054688,362.8792724609375,-623.1915893554688,366.0884094238281,23.454017639160156,120.28013610839844,23.454045728135245,120.28009834318513,4.739901489028272,53.22691798210144,0.7608807682991028,1
1444,-619.7033081054688,362.8792724609375,-617.97607421875,362.7639465332031,23.454017639160156,120.28013610839844,23.454015863976984,120.28014941321452,1.731079711924715,52.94670443981886,0.8308330178260803,1
1445,-609.7972412109375,361.46551513671875,-609.2603149414062,361.687255859375,23.454004287719727,120.28022766113281,23.4540061919001,120.28023475743667,0.5809120131283743,53.47890127450228,0.6507408618927002,1
1446,-609.7972412109375,361.46551513671875,-610.8801879882812,362.0791015625,23.454004287719727,120.28022766113281,23.45400971190994,120.28021889573137,1.2446935464049869,53.279321640729904,0.9071016907691956,1
1447,-599.8502807617188,360.1185607910156,-611.8961791992188,361.3021240234375,23.45399284362793,120.28032684326172,23.454002732201953,120.28020894720287,12.1039039607767,53.2436091452837,0.972369372844696,1
1448,-599.8502807617188,360.1185607910156,-610.398193359375,360.3810119628906,23.45399284362793,120.28032684326172,23.453994457711527,120.28022361539553,10.551177222727992,53.443715907633305,0.6089347004890442,1
1449,-599.8502807617188,360.1185607910156,-603.0870361328125,356.881591796875,23.45399284362793,120.28032684326172,23.453963021885322,120.28029520583381,4.577614400682085,54.24472037702799,0.5508707761764526,1
1450,-589.9339599609375,358.80499267578125,-597.977294921875,359.10650634765625,23.4539794921875,120.28042602539062,23.45398300863279,120.2803452401309,8.048984270587624,54.63389493525028,0.484447181224823,1
1451,-589.9339599609375,358.80499267578125,-589.3553466796875,356.3119812011719,23.4539794921875,120.28042602539062,23.45395790498628,120.28042966576069,2.5592771521999924,54.81162387877703,0.5009229183197021,1
1452,-589.9339599609375,358.80499267578125,-590.1507568359375,356.6545104980469,23.4539794921875,120.28042602539062,23.453960981979307,120.28042187714941,2.1613825394323296,55.236794985830784,0.9924618601799011,1
1453,-580.0584716796875,357.59161376953125,-579.4242553710938,356.0558166503906,23.453969955444336,120.280517578125,23.45395560382097,120.2805269104454,1.6615965567028979,54.9119682982564,0.9971365928649902,1
1454,-580.0584716796875,357.59161376953125,-579.1780395507812,356.7314147949219,23.453969955444336,120.280517578125,23.45396167282236,120.28052932137679,1.2308952065587921,55.241890251636505,0.9736292958259583,1
1455,-580.0584716796875,357.59161376953125,-574.3987426757812,355.8233642578125,23.453969955444336,120.280517578125,23.453953515665596,120.28057611998163,5.929522639585013,55.15553429722786,0.9813674092292786,1
1456,-570.1524047851562,356.33367919921875,-570.8131713867188,354.4881896972656,23.45395851135254,120.2806167602539,23.45394152158845,120.28061122969301,1.9602152952060263,56.06403574347496,0.927660346031189,1
1457,-570.1524047851562,356.33367919921875,-574.2257080078125,355.202392578125,23.45395851135254,120.2806167602539,23.45394793738209,120.28057781432732,4.227482532520685,55.792827159166336,0.9955951571464539,1
1458,-570.1524047851562,356.33367919921875,-570.22998046875,358.2831115722656,23.45395851135254,120.2806167602539,23.453975611951673,120.2806169402655,1.950975285278675,55.5741460993886,0.8992116451263428,1
1459,-560.3177490234375,354.9867248535156,-565.4812622070312,354.6864929199219,23.45394515991211,120.28071594238281,23.453943302976608,120.28066343944629,5.172234295843133,56.221259757876396,0.9614178538322449,1
1460,-560.3177490234375,354.9867248535156,-565.3290405273438,354.5804748535156,23.45394515991211,120.28071594238281,23.453942350600112,120.28066492999237,5.027731257696951,54.715340957045555,0.8138583302497864,1
1461,-560.3177490234375,354.9867248535156,-564.2584228515625,354.6058044433594,23.45394515991211,120.28071594238281,23.45394257813969,120.28067541342013,3.959041623744685,55.695717222988605,0.8187893033027649,1
1462,-550.4116821289062,353.6954040527344,-562.6661987304688,355.8102111816406,23.453933715820312,120.28080749511719,23.453953397509505,120.28069100438871,12.435657856761887,55.113750509917736,0.8930580615997314,1
1463,-550.4116821289062,353.6954040527344,-560.8317260742188,352.9060974121094,23.453933715820312,120.28080749511719,23.453927309411643,120.28070896744127,10.44989573130653,54.61996607482433,0.9525742530822754,1
1464,-550.4116821289062,353.6954040527344,-559.9780883789062,352.6805725097656,23.453933715820312,120.28080749511719,23.453925283486978,120.28071732621332,9.620083762662537,60.91806944459677,0.9581021666526794,1
1465,-540.4238891601562,352.3707275390625,-555.6124877929688,352.15802001953125,23.453922271728516,120.2809066772461,23.453920589318088,120.28076007392748,15.190087982547661,63.83964046835899,0.9480041265487671,1
1466,-540.4238891601562,352.3707275390625,-547.234130859375,349.4935302734375,23.453922271728516,120.2809066772461,23.453896653799454,120.28084211432495,7.39308163806527,63.8270927593112,0.978104293346405,1
1467,-530.4360961914062,351.0682678222656,-533.6641845703125,353.2618103027344,23.45391082763672,120.281005859375,23.453930504834908,120.28097499047193,3.9028429632321333,64.14423417299986,0.9851717948913574,1
1468,-530.4360961914062,351.0682678222656,-531.173583984375,351.6081237792969,23.45391082763672,120.281005859375,23.453915649516116,120.28099937829208,0.913965370853866,63.675141893327236,0.996253252029419,1
1469,-530.4360961914062,351.0682678222656,-526.707763671875,349.3748474121094,23.45391082763672,120.281005859375,23.45389558765317,120.28104310735213,4.094891459089973,63.72647825628519,0.803120493888855,1
1470,-521.2141723632812,349.98846435546875,-524.8583374023438,350.4190368652344,23.453901290893555,120.28109741210938,23.453904967766626,120.28106121682963,3.6695137985966566,63.75943124294281,0.6803674101829529,1
1471,-521.2141723632812,349.98846435546875,-524.1328735351562,351.1007995605469,23.453901290893555,120.28109741210938,23.45391109214512,120.28106832053079,3.1234766109514402,63.29068820923567,0.6248307824134827,1
1472,-521.2141723632812,349.98846435546875,-523.5982055664062,348.8194580078125,23.453901290893555,120.28109741210938,23.453890598505268,120.28107355596933,2.6552194173858874,63.60350921750069,0.7802116870880127,1
1473,-513.6058959960938,349.0979309082031,-515.720458984375,350.89532470703125,23.453893661499023,120.28117370605469,23.453909246333104,120.28115069441854,2.775247934775329,63.86216077953577,0.9653212428092957,1
1474,-513.6058959960938,349.0979309082031,-516.1469116210938,350.02532958984375,23.453893661499023,120.28117370605469,23.453901431033994,120.28114651861843,2.7049637190178557,63.433265313506126,0.8528308272361755,1
1475,-513.6058959960938,349.0979309082031,-509.34686279296875,347.77496337890625,23.453893661499023,120.28117370605469,23.453881215650373,120.28121310431216,4.459776553695833,54.489695467054844,0.9056628346443176,1
1476,-508.3056335449219,348.6637878417969,-506.65576171875,345.40399169921875,23.453889846801758,120.2812271118164,23.453859916849392,120.28123945542175,3.6535390970896895,53.60256880521774,0.8868933320045471,1
1477,-508.3056335449219,348.6637878417969,-507.8555603027344,345.6773986816406,23.453889846801758,120.2812271118164,23.453862372906105,120.28122770706184,3.02011359707411,54.49633672833443,0.35778558254241943,1
1478,-508.3056335449219,348.6637878417969,-512.579345703125,345.2872314453125,23.453889846801758,120.2812271118164,23.453858867974187,120.28118145202222,5.446627278400163,54.185619577765465,0.865074634552002,1
1479,-505.0989074707031,349.8326416015625,-510.6646728515625,349.7755126953125,23.453899383544922,120.28125762939453,23.45389918689065,120.28120020039056,5.566058568385894,54.352015256881714,0.6634075045585632,1
1480,-505.0989074707031,349.8326416015625,-507.5690612792969,349.1062316894531,23.453899383544922,120.28125762939453,23.45389317463708,120.28123051244408,2.5747487641556326,56.900711730122566,0.8804023265838623,1
1481,-503.8938293457031,353.183349609375,-506.6006164550781,349.52423095703125,23.453929901123047,120.28126525878906,23.45389692958839,120.28123999540105,4.5514663315692685,54.282236844301224,0.868385374546051,1
1482,-503.8938293457031,353.183349609375,-507.71258544921875,348.5162658691406,23.453929901123047,120.28126525878906,23.453887874883947,120.28122910706352,6.030304205966555,54.007763043046,0.7517885565757751,1
1483,-503.8938293457031,353.183349609375,-500.28173828125,347.0015563964844,23.453929901123047,120.28126525878906,23.45387426801724,120.28130186949893,7.159732479977357,54.56379055976868,0.961401104927063,1
1484,-503.0564270019531,358.98309326171875,-496.0108947753906,350.41827392578125,23.453981399536133,120.2812728881836,23.453904960913025,120.28134368935712,11.09034059949376,54.741598665714264,0.6295297145843506,1
1485,-503.0564270019531,358.98309326171875,-494.85699462890625,354.8638610839844,23.453981399536133,120.2812728881836,23.453944896301934,120.28135498828213,9.175988501205273,56.04368541389704,0.44383957982063293,1
1486,-503.0564270019531,358.98309326171875,-496.6454162597656,354.8345031738281,23.453981399536133,120.2812728881836,23.45394463257534,120.28133747615861,7.636220167974982,55.283560417592525,0.9518199563026428,1
1487,-501.8207092285156,367.198486328125,-495.3940734863281,355.03228759765625,23.454055786132812,120.28128814697266,23.45394640930305,120.28134972923631,13.759289171756704,54.394787177443504,0.8672935366630554,1
1488,-501.8207092285156,367.198486328125,-505.79144287109375,358.205322265625,23.454055786132812,120.28128814697266,23.453974913158444,120.28124791878305,9.830754066466277,53.84990945458412,0.9800351858139038,1
1489,-501.8207092285156,367.198486328125,-507.8868103027344,359.0418395996094,23.454055786132812,120.28128814697266,23.453982427721506,120.2812274010636,10.16506114573063,53.710414096713066,0.9792855381965637,1
1490,-500.656494140625,376.7162780761719,-507.73223876953125,364.71484375,23.45414161682129,120.28129577636719,23.45403338918486,120.28122891461932,13.931998705817922,53.69489919394255,0.999502420425415,1
1491,-500.656494140625,376.7162780761719,-507.3974609375,371.82037353515625,23.45414161682129,120.28129577636719,23.454097219244936,120.28123219274492,8.331297295818258,55.1922433078289,0.9994511008262634,1
1492,-500.656494140625,376.7162780761719,-502.6274108886719,371.6096496582031,23.45414161682129,120.28129577636719,23.454095326280143,120.28127890080536,5.473770786846822,54.08048722893,0.9905789494514465,1
1493,-499.76800537109375,386.4901428222656,-503.337890625,373.71282958984375,23.4542293548584,120.28130340576172,23.454114219466923,120.28127194382795,13.266642912413088,53.82945109158754,0.9986708164215088,1
1494,-499.76800537109375,386.4901428222656,-501.26263427734375,384.59820556640625,23.4542293548584,120.28130340576172,23.454212004463052,120.28129226462079,2.411087337179384,53.88721916824579,0.9947888851165771,1
1495,-499.76800537109375,386.4901428222656,-502.58624267578125,383.7829895019531,23.4542293548584,120.28130340576172,23.45420468125255,120.28127930392218,3.907830677653685,53.58137097209692,0.9822873473167419,1
1496,-498.8386535644531,396.3530578613281,-500.422607421875,385.74932861328125,23.454317092895508,120.28131866455078,23.45422234517732,120.28130049011628,10.721379752080717,53.60999796539545,0.9439554214477539,1
1497,-498.8386535644531,396.3530578613281,-501.5150146484375,396.4898681640625,23.454317092895508,120.28131866455078,23.454318829085704,120.28128979332647,2.6798555391662977,53.879013285040855,0.9571666121482849,1
1498,-498.8386535644531,396.3530578613281,-499.4039611816406,397.24169921875,23.454317092895508,120.28131866455078,23.454325582898978,120.28131046464267,1.0532123072632609,53.88885177671909,0.7900892496109009,1
1499,-497.6233825683594,406.18255615234375,-493.71527099609375,399.02410888671875,23.45440673828125,120.28132629394531,23.45434159455745,120.2813661679754,8.155777296862055,53.99485118687153,0.9977385997772217,1
1500,-497.6233825683594,406.18255615234375,-496.5422058105469,402.05401611328125,23.45440673828125,120.28132629394531,23.454368812677163,120.2813384867895,4.26776124399856,54.2430030182004,0.9842779040336609,1
1501,-497.6233825683594,406.18255615234375,-498.6620178222656,406.6746826171875,23.45440673828125,120.28132629394531,23.454410320830597,120.28131772971011,1.1493266063467367,53.61741688102484,0.9792585968971252,1
1502,-496.39788818359375,416.0343322753906,-498.3457336425781,413.12139892578125,23.45449447631836,120.28134155273438,23.454468232668518,120.28132082674692,3.504180736114013,53.979835473001,0.9905737042427063,1
1503,-496.39788818359375,416.0343322753906,-498.7610168457031,412.8065490722656,23.45449447631836,120.28134155273438,23.454465404324164,120.28131676031727,4.000370167879309,53.830468095839024,0.994295060634613,1
1504,-495.22344970703125,425.7080078125,-498.3581848144531,419.6152038574219,23.45458221435547,120.2813491821289,23.45452656751074,120.28132070482575,6.851921207130077,54.6566816046834,0.9846639037132263,1
1505,-495.22344970703125,425.7080078125,-493.94805908203125,422.2660217285156,23.45458221435547,120.2813491821289,23.454550380212833,120.28136388852762,3.670679698459127,54.564510472118855,0.9997245669364929,1
1506,-495.22344970703125,425.7080078125,-496.1560363769531,422.21697998046875,23.45458221435547,120.2813491821289,23.454549939663313,120.28134226813876,3.613446169646475,54.442862048745155,0.9891619682312012,1
1507,-494.1919860839844,434.36865234375,-495.79742431640625,429.21673583984375,23.45465850830078,120.28136444091797,23.45461281954005,120.2813457796478,5.396264965820662,54.508444853127,0.9978125095367432,1
1508,-494.1919860839844,434.36865234375,-499.4734802246094,433.602294921875,23.45465850830078,120.28136444091797,23.454652215687577,120.28130978391614,5.336804667169214,53.8233257830143,0.9926943778991699,1
1509,-494.1919860839844,434.36865234375,-499.20098876953125,433.7980041503906,23.45465850830078,120.28136444091797,23.45465397377349,120.28131245213706,5.041403303089342,53.830116987228394,0.9624876379966736,1
1510,-493.4975280761719,441.2481994628906,-495.999755859375,435.0771179199219,23.454721450805664,120.2813720703125,23.45466546424798,120.28134379842875,6.6590833670260645,54.86495699733496,0.997505247592926,1
1511,-493.4975280761719,441.2481994628906,-494.60125732421875,442.6921081542969,23.454721450805664,120.2813720703125,23.45473387086914,120.28135749244736,1.8174406626111976,58.188133873045444,0.9978621602058411,1
1512,-493.4975280761719,441.2481994628906,-491.8330078125,442.1388244628906,23.454721450805664,120.2813720703125,23.45472890063718,120.28138459899009,1.8878137087115583,54.68878522515297,0.9548926949501038,1
1513,-493.6507263183594,445.53399658203125,-490.7669982910156,443.49578857421875,23.45475959777832,120.28136444091797,23.45474109045319,120.28139503729507,3.5313140923456348,54.15079742670059,0.9679498672485352,1
1514,-493.6507263183594,445.53399658203125,-487.80487060546875,441.7373046875,23.45475959777832,120.28136444091797,23.454725293723666,120.28142404228191,6.970573746682208,53.97250782698393,0.810964047908783,1
1515,-493.6507263183594,445.53399658203125,-488.82232666015625,442.7064208984375,23.45475959777832,120.28136444091797,23.45473399944271,120.28141407940974,5.595411290136473,53.69181651622057,0.879062831401825,1
1516,-495.82598876953125,447.3373718261719,-488.43499755859375,446.19219970703125,23.454774856567383,120.2813491821289,23.45476531272652,120.28141787211442,7.479182459508019,54.23898249864578,0.9689034223556519,1
1517,-495.82598876953125,447.3373718261719,-487.2889099121094,446.7272644042969,23.454774856567383,120.2813491821289,23.454770119294473,120.28142909453986,8.558851937267436,53.608885034918785,0.8432763814926147,1
1518,-495.82598876953125,447.3373718261719,-485.573486328125,446.79052734375,23.454774856567383,120.2813491821289,23.45477068759513,120.28144589187063,10.267075786171855,54.29541692137718,0.9755508899688721,1
1519,-500.5237121582031,448.2724609375,-486.1700439453125,449.09967041015625,23.454784393310547,120.28129577636719,23.454791430980226,120.28144005041216,14.377484713168677,53.718484938144684,0.8989830017089844,1
1520,-500.5237121582031,448.2724609375,-496.5471496582031,443.57183837890625,23.454784393310547,120.28129577636719,23.45474177362021,120.28133843837962,6.157020525771106,53.77508047968149,0.9996455907821655,1
1521,-500.5237121582031,448.2724609375,-497.31298828125,442.7979431152344,23.454784393310547,120.28129577636719,23.45473482160077,120.28133093933111,6.346581221440475,52.40731406956911,0.9994256496429443,1
1522,-507.4784240722656,449.5860290527344,-506.4913330078125,446.0169372558594,23.454795837402344,120.28123474121094,23.454763738317133,120.28124106549839,3.7030750767495415,53.597827441990376,0.9936802387237549,1
1523,-507.4784240722656,449.5860290527344,-508.85540771484375,445.5372009277344,23.454795837402344,120.28123474121094,23.454759428772373,120.2812179166125,4.276574930679776,53.40029578655958,0.9695594310760498,1
1524,-516.2202758789062,451.0999755859375,-519.4374389648438,444.82159423828125,23.454809188842773,120.28114318847656,23.454753000368108,120.28111429796068,7.054658791757174,54.058934561908245,0.9499700665473938,1
1525,-516.2202758789062,451.0999755859375,-512.88427734375,446.8804931640625,23.454809188842773,120.28114318847656,23.45477149577184,120.28117846614884,5.378932806335915,54.40228618681431,0.9984032511711121,1
1526,-516.2202758789062,451.0999755859375,-514.0885009765625,448.54541015625,23.454809188842773,120.28114318847656,23.45478645197565,120.2811666744591,3.327201341791204,54.190573282539845,0.9826853275299072,1
1527,-526.10595703125,452.2576904296875,-523.328125,447.6207275390625,23.45482063293457,120.28105163574219,23.45477814541037,120.28107620058296,5.405346949352266,55.98998162895441,0.9788962006568909,1
1528,-526.10595703125,452.2576904296875,-522.6331787109375,447.5116271972656,23.45482063293457,120.28105163574219,23.454777165345327,120.28108300545775,5.88092726261593,55.346897803246975,0.9861882328987122,1
1529,-526.10595703125,452.2576904296875,-522.591064453125,447.3335266113281,23.45482063293457,120.28105163574219,23.454775565440542,120.28108341783818,6.0499470366109644,55.522773414850235,0.9215661883354187,1
1530,-536.1959228515625,453.2261657714844,-525.3344116210938,448.56719970703125,23.4548282623291,120.28095245361328,23.454786647714517,120.28105655513778,11.81856129143157,55.70678785443306,0.9476149678230286,1
1531,-536.1959228515625,453.2261657714844,-528.2673950195312,447.6771545410156,23.4548282623291,120.28095245361328,23.454778652302753,120.28102783553014,9.677452103687337,55.09461648762226,0.9888814091682434,1
1532,-536.1959228515625,453.2261657714844,-532.28125,447.4969482421875,23.4548282623291,120.28095245361328,23.454777033482028,120.28098853208907,6.9389190103908165,53.86775452643633,0.9431734085083008,1
1533,-546.1837158203125,454.30596923828125,-543.3038940429688,449.4953308105469,23.454837799072266,120.28085327148438,23.454794985258076,120.2808805989817,5.606747323685809,54.17966656386852,0.9888349175453186,1
1534,-546.1837158203125,454.30596923828125,-542.394287109375,449.39764404296875,23.454837799072266,120.28085327148438,23.45479410772291,120.28088950580137,6.20092139751964,55.151911452412605,0.8218706250190735,1
1535,-546.1837158203125,454.30596923828125,-549.7899780273438,450.2767028808594,23.454837799072266,120.28085327148438,23.454802004442808,120.28081708761397,5.407412919771677,55.37315458059311,0.9813863635063171,1
1536,-556.0897827148438,455.51934814453125,-550.7781372070312,452.93817138671875,23.454849243164062,120.28075408935547,23.45482591282118,120.28080741161514,5.905594928179223,54.011945612728596,0.8528098464012146,1
1537,-556.0897827148438,455.51934814453125,-550.4851684570312,452.8035583496094,23.454849243164062,120.28075408935547,23.454824703571692,120.28081028034858,6.227938277558389,54.41297497600317,0.9330315589904785,1
1538,-556.0897827148438,455.51934814453125,-553.2044067382812,454.1796569824219,23.454849243164062,120.28075408935547,23.454837065276035,120.28078365372104,3.181220981943563,55.55614270269871,0.9362881183624268,1
1539,-565.8427124023438,456.8885803222656,-565.7339477539062,456.44354248046875,23.45486068725586,120.2806625366211,23.45485740210548,120.28066096516369,0.4581358197968734,54.43525407463312,0.9908361434936523,1
1540,-565.8427124023438,456.8885803222656,-563.0615234375,454.5498962402344,23.45486068725586,120.2806625366211,23.454840391191876,120.28068713339154,3.6337935128065544,53.868114948272705,0.9701235890388489,1
1541,-575.5650024414062,458.2355651855469,-569.6848754882812,454.0369567871094,23.45487403869629,120.28056335449219,23.45483578337837,120.28062227790267,7.225247779024399,53.44410613179207,0.9690598249435425,1
1542,-575.5650024414062,458.2355651855469,-571.1633911132812,454.85479736328125,23.45487403869629,120.28056335449219,23.454843130165266,120.28060780036124,5.550114715205893,54.93772774934769,0.9553125500679016,1
1543,-575.5650024414062,458.2355651855469,-571.1961669921875,453.1044616699219,23.45487403869629,120.28056335449219,23.45482740663221,120.28060747942169,6.739061245485875,55.540794506669044,0.7858938574790955,1
1544,-585.4302368164062,459.61590576171875,-588.1463012695312,452.8875427246094,23.454885482788086,120.28047180175781,23.45482545801617,120.280441504665,7.255885560885653,55.36844953894615,0.9844473600387573,1
1545,-585.4302368164062,459.61590576171875,-588.3241577148438,455.1820068359375,23.454885482788086,120.28047180175781,23.454846069537968,120.28043976310475,5.294736806533204,56.668076664209366,0.976909339427948,1
1546,-585.4302368164062,459.61590576171875,-583.8380737304688,455.0874328613281,23.454885482788086,120.28047180175781,23.454845219965502,120.28048369058553,4.8002135475199745,64.6628700196743,0.9671559929847717,1
1547,-595.4895629882812,460.94061279296875,-588.8390502929688,456.8150329589844,23.454896926879883,120.2803726196289,23.45486073926123,120.28043472130572,7.826220548712595,64.12965897470713,0.9777964949607849,1
1548,-595.4895629882812,460.94061279296875,-598.6285400390625,455.03155517578125,23.454896926879883,120.2803726196289,23.45484471800771,120.28033886317553,6.691049159031263,64.26496990025043,0.8856214284896851,1
1549,-595.4895629882812,460.94061279296875,-595.2025146484375,456.7655334472656,23.454896926879883,120.2803726196289,23.45486029459955,120.28037241062248,4.184935398823247,58.26081335544586,0.9676147103309631,1
1550,-605.4365234375,462.2207946777344,-596.2508544921875,456.3193664550781,23.45490837097168,120.2802734375,23.454856286613264,120.28036214533799,10.918029540170798,55.433196015655994,0.8948524594306946,1
1551,-605.4365234375,462.2207946777344,-603.9288330078125,461.2643737792969,23.45490837097168,120.2802734375,23.45490070836986,120.28028696300639,1.7854611075963744,55.49432057887316,0.7387855648994446,1
1552,-605.4365234375,462.2207946777344,-605.77880859375,460.76153564453125,23.45490837097168,120.2802734375,23.45489619129804,120.28026884815003,1.4988649219239225,56.38021510094404,0.9755891561508179,1
1553,-615.3017578125,463.47869873046875,-606.7215576171875,462.252197265625,23.454919815063477,120.2801742553711,23.454909582139216,120.28025961680488,8.66741837197816,56.0176745057106,0.6381464600563049,1
1554,-615.3017578125,463.47869873046875,-610.7867431640625,465.70880126953125,23.454919815063477,120.2801742553711,23.454940633341295,120.2802198107378,5.035743699826096,54.83798589557409,0.4863334894180298,1
1555,-615.3017578125,463.47869873046875,-609.9337768554688,467.2255554199219,23.454919815063477,120.2801742553711,23.45495425857565,120.28022816293569,6.546308471676978,55.563400499522686,0.7128544449806213,1
1556,-625.17724609375,464.80340576171875,-615.6111450195312,468.0582580566406,23.454933166503906,120.28008270263672,23.454961738870708,120.28017257046756,10.104669872090199,55.16099464148283,0.9939302206039429,1
1557,-625.17724609375,464.80340576171875,-623.0270385742188,467.7190246582031,23.454933166503906,120.28008270263672,23.45495869148524,120.28009995445707,3.6227373526914004,54.84258942306042,0.9997196793556213,1
1558,-635.15478515625,466.1726379394531,-626.4906616210938,467.3996276855469,23.454944610595703,120.27998352050781,23.454955822293417,120.28006603885599,8.75057372230345,54.7940032556653,0.9990730285644531,1
1559,-635.15478515625,466.1726379394531,-633.0762939453125,466.52191162109375,23.454944610595703,120.27998352050781,23.45494793763586,120.28000155271656,2.1076332267809863,53.593008778989315,0.9995414018630981,1
1560,-635.15478515625,466.1726379394531,-636.822021484375,458.9149169921875,23.454944610595703,120.27998352050781,23.454879602840446,120.27996487476423,7.44675703391738,54.036819376051426,0.9565514326095581,1
1561,-644.9894409179688,467.51959228515625,-642.0103149414062,461.65435791015625,23.4549560546875,120.2798843383789,23.45490421165691,120.27991407128799,6.578462271527528,55.82166276872158,0.9378517866134644,1
1562,-644.9894409179688,467.51959228515625,-641.6736450195312,465.18896484375,23.4549560546875,120.2798843383789,23.45493596357123,120.27991736794083,4.052940501750648,57.35537502914667,0.730575680732727,1
1563,-644.9894409179688,467.51959228515625,-639.3074951171875,464.100830078125,23.4549560546875,120.2798843383789,23.45492618869032,120.27994053714691,6.631172076732805,56.82722572237253,0.9737563133239746,1
1564,-654.9159545898438,468.8554382324219,-642.2561645507812,464.6302795410156,23.45496940612793,120.27978515625,23.454930944815764,120.27991166394251,13.346244782736148,54.106331430375576,0.9520404934883118,1
1565,-654.9159545898438,468.8554382324219,-654.5133056640625,464.63427734375,23.45496940612793,120.27978515625,23.454930980728637,120.27979164270961,4.240321379976514,55.05990702658892,0.9738373756408691,1
1566,-654.9159545898438,468.8554382324219,-655.6708984375,468.3567810058594,23.45496940612793,120.27978515625,23.454964420547988,120.27978030762661,0.9047647444043272,55.24733569473028,0.9461105465888977,1
1567,-664.9139404296875,470.0799560546875,-659.7083740234375,466.4769592285156,23.454980850219727,120.27969360351562,23.454947533821645,120.2797407728939,6.330837838650043,55.81417493522167,0.9841835498809814,1
1568,-664.9139404296875,470.0799560546875,-661.2642211914062,468.0793151855469,23.454980850219727,120.27969360351562,23.454961928030116,120.27972553812639,4.162092551296285,54.663315415382385,0.9452296495437622,1
1569,-664.9139404296875,470.0799560546875,-662.574462890625,468.4552001953125,23.454980850219727,120.27969360351562,23.454965304662608,120.27971270831372,2.8483305212617664,54.86316606402397,0.7597490549087524,1
1570,-674.7485961914062,471.2599182128906,-667.6720581054688,468.95294189453125,23.45499038696289,120.27959442138672,23.454969775952367,120.27966279294955,7.443086121710198,55.05197402089834,0.9734660387039185,1
1571,-674.7485961914062,471.2599182128906,-665.3027954101562,467.7903747558594,23.45499038696289,120.27959442138672,23.454959332434072,120.27968599263592,10.062846724426018,55.69106247276068,0.7330566644668579,1
1572,-674.7485961914062,471.2599182128906,-669.9581909179688,470.8550109863281,23.45499038696289,120.27959442138672,23.454986862529733,120.27964040726627,4.80748713424179,55.94499874860048,0.9087813496589661,1
1573,-684.5831909179688,472.4621887207031,-682.7289428710938,471.2411193847656,23.455001831054688,120.27949523925781,23.45499033100049,120.27951535678507,2.2201905644576096,56.2873063609004,0.9997878670692444,1
1574,-684.5831909179688,472.4621887207031,-682.2808837890625,469.5984802246094,23.455001831054688,120.27949523925781,23.45497557492185,120.27951974415427,3.674431175898124,55.913046933710575,0.9731507301330566,1
1575,-684.5831909179688,472.4621887207031,-688.0000610351562,470.61114501953125,23.455001831054688,120.27949523925781,23.454984671844482,120.27946374229397,3.8860473725080853,56.251595728099346,0.995556652545929,1
1576,-694.6322631835938,473.8536682128906,-689.3827514648438,469.7266845703125,23.455013275146484,120.2793960571289,23.454976726601085,120.27945020306744,6.6775270326222556,55.98620232194662,0.9913215041160583,1
1577,-694.6322631835938,473.8536682128906,-688.7078247070312,471.6755065917969,23.455013275146484,120.2793960571289,23.454994233167163,120.2794568119121,6.312159639155204,56.10213801264763,0.7773298621177673,1
1578,-694.6322631835938,473.8536682128906,-692.7279663085938,476.3763122558594,23.455013275146484,120.2793960571289,23.45503646122292,120.27941744691279,3.1607087109793093,55.7625163346529,0.9961704611778259,1
1579,-704.671142578125,475.36761474609375,-693.7935180664062,476.78533935546875,23.455026626586914,120.279296875,23.45504013557587,120.27940701309022,10.96962433659294,56.5806208178401,0.9939616322517395,1
1580,-704.671142578125,475.36761474609375,-698.9683227539062,473.4974365234375,23.455026626586914,120.279296875,23.455010599842204,120.27935634169523,6.0016431526707805,55.637020617723465,0.9954049587249756,1
1581,-704.671142578125,475.36761474609375,-698.6840209960938,474.24407958984375,23.455026626586914,120.279296875,23.455017307050987,120.27935912556198,6.091630002335506,55.51344621926546,0.9531499743461609,1
1582,-714.5772705078125,476.8258972167969,-705.6062622070312,474.10107421875,23.455039978027344,120.27920532226562,23.455016022411883,120.27929134336735,9.375694657110547,55.549499578773975,0.9985759258270264,1
1583,-714.5772705078125,476.8258972167969,-707.7811889648438,475.4776611328125,23.455039978027344,120.27920532226562,23.45502838850253,120.27927004660748,6.928525447513203,55.86648918688297,0.9902201294898987,1
1584,-724.3812255859375,477.983642578125,-717.463134765625,475.07550048828125,23.45505142211914,120.27910614013672,23.455024775831994,120.27917524154151,7.50448339413266,56.19955249130726,0.9924463629722595,1
1585,-724.3812255859375,477.983642578125,-718.809326171875,476.92181396484375,23.45505142211914,120.27910614013672,23.455041361548147,120.27916205971135,5.67217269522119,56.03289511054754,0.9618721008300781,1
1586,-724.3812255859375,477.983642578125,-726.5164794921875,477.65777587890625,23.45505142211914,120.27910614013672,23.455047972806508,120.27908659170171,2.1599764697365584,56.21576867997646,0.8090104460716248,1
1587,-734.2056274414062,479.0411682128906,-729.851318359375,477.1986389160156,23.455060958862305,120.27901458740234,23.455043848308993,120.27905393714803,4.728099173209305,56.40843790024519,0.9896237254142761,1
1588,-734.2056274414062,479.0411682128906,-732.544677734375,475.7209167480469,23.455060958862305,120.27901458740234,23.455030573704903,120.2790275639253,3.7125225546903096,55.651502683758736,0.8840935230255127,1
1589,-734.2056274414062,479.0411682128906,-733.1128540039062,476.5496826171875,23.455060958862305,120.27901458740234,23.455038018635374,120.27902200037538,2.720598143662846,56.01793993264437,0.9241959452629089,1
1590,-744.1832275390625,480.2768249511719,-736.730712890625,476.07666015625,23.4550724029541,120.27891540527344,23.45503376940231,120.27898657450567,8.55461038795319,56.41097854822874,0.9023374319076538,1
1591,-744.1832275390625,480.2768249511719,-747.5907592773438,477.7529602050781,23.4550724029541,120.27891540527344,23.455048827861855,120.27888023354535,4.240420474902095,55.73883280158043,0.9040769338607788,1
1592,-744.1832275390625,480.2768249511719,-747.7201538085938,478.5361633300781,23.4550724029541,120.27891540527344,23.455055863495232,120.27887896652142,3.9420489996002037,55.720956064760685,0.9472413063049316,1
1593,-754.1301879882812,481.6905822753906,-753.31005859375,477.9452209472656,23.4550838470459,120.27881622314453,23.45505055496949,120.27882423048975,3.834102724496105,57.81916994601488,0.9326927661895752,1
1594,-754.1301879882812,481.6905822753906,-751.8648681640625,477.3388366699219,23.4550838470459,120.27881622314453,23.455045107726846,120.27883838171275,4.906053782900779,60.1205937564373,0.9353377819061279,1
1595,-754.1301879882812,481.6905822753906,-749.96533203125,475.6729736328125,23.4550838470459,120.27881622314453,23.45503014302457,120.27885698186319,7.318308473824374,56.368209421634674,0.9737526178359985,1
1596,-763.9852294921875,482.9707336425781,-757.5545043945312,476.1844177246094,23.455095291137695,120.27871704101562,23.455034737405015,120.27878266911641,9.349241093270727,56.395385414361954,0.46857309341430664,1
1597,-763.9852294921875,482.9707336425781,-760.3956298828125,481.2454528808594,23.455095291137695,120.27871704101562,23.45508020145736,120.27875484897622,3.9826899279735533,56.90941400825977,0.9460523128509521,1
1598,-763.9852294921875,482.9707336425781,-760.427001953125,480.29425048828125,23.455095291137695,120.27871704101562,23.455071656660884,120.27875454178269,4.452476310434197,55.89794646948576,0.873000979423523,1
1599,-773.8504638671875,484.2063903808594,-763.7338256835938,481.2856750488281,23.455106735229492,120.27862548828125,23.45508056277924,120.27872216155166,10.529812257989667,57.821608148515224,0.5360327959060669,1
1600,-773.8504638671875,484.2063903808594,-768.5170288085938,485.0446472167969,23.455106735229492,120.27862548828125,23.455114330200754,120.27867532469703,5.398907671671452,57.19315353780985,0.8554803729057312,1
1601,-773.8504638671875,484.2063903808594,-779.1875610351562,483.94696044921875,23.455106735229492,120.27862548828125,23.455104469512747,120.27857083944866,5.3433987376735335,54.44349814206362,0.9571323990821838,1
1602,-783.81787109375,485.5088195800781,-778.340576171875,481.1097717285156,23.45511817932129,120.27852630615234,23.45507898261283,120.27857913307656,7.025125028178097,55.557302199304104,0.9781814217567444,1
1603,-783.81787109375,485.5088195800781,-778.5711669921875,480.9883728027344,23.45511817932129,120.27852630615234,23.455077892067724,120.27857687514428,6.925485036887326,55.935160256922245,0.8877155184745789,1
1604,-793.8464965820312,486.91143798828125,-786.7388916015625,481.1298522949219,23.45513153076172,120.27842712402344,23.455079162999628,120.27849689724663,9.162138488805002,55.95739930868149,0.8385292291641235,1
1605,-793.8464965820312,486.91143798828125,-798.7578735351562,479.3189392089844,23.45513153076172,120.27842712402344,23.455062895290595,120.27837920805494,9.042547278798821,55.07779959589243,0.9162003993988037,1
1606,-793.8464965820312,486.91143798828125,-797.5592041015625,479.3531188964844,23.45513153076172,120.27842712402344,23.455063202331953,120.27839094535828,8.420949151907108,55.03911338746548,0.9860067367553711,1
1607,-803.7526245117188,488.3029479980469,-804.9883422851562,479.8154602050781,23.455142974853516,120.27832794189453,23.45506735561459,120.27831819965715,8.57697192786492,53.333248011767864,0.9733244180679321,1
1608,-803.7526245117188,488.3029479980469,-801.0552978515625,484.8224182128906,23.455142974853516,120.27832794189453,23.455112333883644,120.27835671180591,4.403369016667747,53.9882006123662,0.3567574620246887,1
1609,-803.7526245117188,488.3029479980469,-803.9169921875,485.06396484375,23.455142974853516,120.27832794189453,23.45511450373395,120.27832869025674,3.2431510305042326,54.271165281534195,0.5655197501182556,1
1610,-813.6688842773438,489.5274658203125,-811.723876953125,484.9620666503906,23.455154418945312,120.27823638916016,23.455113588366903,120.27825224568242,4.962451316838074,54.21054922044277,0.999077320098877,1
1611,-813.6688842773438,489.5274658203125,-812.5726928710938,486.5246276855469,23.455154418945312,120.27823638916016,23.455127625091507,120.27824393412494,3.1966658353257777,53.9155388250947,0.9447669982910156,1
1612,-813.6688842773438,489.5274658203125,-814.3113403320312,488.3123474121094,23.455154418945312,120.27823638916016,23.455143684451045,120.27822690938729,1.3745044664018826,53.92552725970745,0.9764655828475952,1
1613,-823.5341796875,490.7519836425781,-823.2717895507812,486.2464294433594,23.45516586303711,120.27813720703125,23.455125125994176,120.27813916917505,4.513188144310516,54.016691632568836,0.9980173110961914,1
1614,-823.5341796875,490.7519836425781,-824.7384643554688,485.2877197265625,23.45516586303711,120.27813720703125,23.45511651375826,120.27812480757828,5.595398261551631,54.86393626779318,0.8255473375320435,1
1615,-823.5341796875,490.7519836425781,-822.453857421875,483.9859924316406,23.45516586303711,120.27813720703125,23.45510482014301,120.27814717832022,6.851695648822169,56.65281135588884,0.9371625185012817,1
1616,-833.4198608398438,491.9430847167969,-828.67919921875,484.5375061035156,23.455175399780273,120.27803802490234,23.45510977447462,120.27808622012526,8.792978289703658,53.65945864468813,0.9973631501197815,1
1617,-833.4198608398438,491.9430847167969,-827.633056640625,493.1759033203125,23.455175399780273,120.27803802490234,23.45518737451712,120.27809646389424,5.916666675525161,54.141282103955746,0.9811920523643494,1
1618,-833.4198608398438,491.9430847167969,-836.7396240234375,492.3405456542969,23.455175399780273,120.27803802490234,23.45517987037153,120.27800729290121,3.3434716675908724,55.74079882353544,0.9178259372711182,1
1619,-843.325927734375,493.2677917480469,-837.4974975585938,492.9910888671875,23.455188751220703,120.27794647216797,23.45518571430064,120.2779998718464,5.834994669940438,54.29790634661913,0.9674989581108093,1
1620,-843.325927734375,493.2677917480469,-844.9357299804688,494.9981994628906,23.455188751220703,120.27794647216797,23.455203744481892,120.277927037095,2.363424238497873,53.43469977378845,0.7347506284713745,1
1621,-843.325927734375,493.2677917480469,-845.2723388671875,494.1628112792969,23.455188751220703,120.27794647216797,23.455196240062158,120.2779237410398,2.1423296336594446,52.656082436442375,0.8445823192596436,1
1622,-853.3035278320312,494.72607421875,-848.7076416015625,492.9930114746094,23.455202102661133,120.27784729003906,23.455185731571717,120.27789010274962,4.911789563747666,55.62705174088478,0.7191977500915527,1
1623,-853.3035278320312,494.72607421875,-855.4149780273438,492.86468505859375,23.455202102661133,120.27784729003906,23.455184578795908,120.2778244248905,2.814780903166778,56.45102355629206,0.7558786869049072,1
1624,-863.3219604492188,495.9839782714844,-855.2697143554688,494.4516296386719,23.45521354675293,120.27774810791016,23.455198834561624,120.27782584730416,8.196752984370974,56.22429773211479,0.8585855960845947,1
1625,-863.3219604492188,495.9839782714844,-855.3258666992188,493.2467041015625,23.45521354675293,120.27774810791016,23.455188010531362,120.27782529746358,8.451638015208092,55.078256875276566,0.950014054775238,1
1626,-863.3219604492188,495.9839782714844,-858.4415893554688,493.0183410644531,23.45521354675293,120.27774810791016,23.455185959111294,120.27779478848346,5.7107815626618645,54.809246212244034,0.7245969772338867,1
1627,-873.2280883789062,497.23077392578125,-866.9093017578125,496.5686340332031,23.455223083496094,120.27764892578125,23.455217851935664,120.27771187312229,6.353384420941074,54.620987735688686,0.9687873125076294,1
1628,-873.2280883789062,497.23077392578125,-866.3497314453125,494.63775634765625,23.455223083496094,120.27764892578125,23.455200506566296,120.27771735240316,7.350886631310705,54.11297269165516,0.8218677043914795,1
1629,-873.2280883789062,497.23077392578125,-866.5411987304688,496.3448791503906,23.455223083496094,120.27764892578125,23.455215841911354,120.27771547756632,6.74531709584101,55.33277615904808,0.5220263004302979,1
1630,-883.0116577148438,498.5443420410156,-878.7681274414062,497.5299377441406,23.455236434936523,120.27755737304688,23.455226487473826,120.27759575217155,4.363091250375015,55.17221428453922,0.7520994544029236,1
1631,-883.0116577148438,498.5443420410156,-879.5333862304688,496.3605041503906,23.455236434936523,120.27755737304688,23.455215982273117,120.27758825880075,4.107008698742397,55.66287599503994,0.8994242548942566,1
1632,-883.0116577148438,498.5443420410156,-880.3636474609375,496.3868103027344,23.455236434936523,120.27755737304688,23.455216218585303,120.27758012892971,3.415684632176038,54.67347148805857,0.8978865146636963,1
1633,-892.8258056640625,499.82452392578125,-888.7824096679688,501.3660583496094,23.45524787902832,120.27745819091797,23.455260947931542,120.27749769288609,4.327283161647048,54.66575734317303,0.960198700428009,1
1634,-892.8258056640625,499.82452392578125,-892.4080200195312,498.8756408691406,23.45524787902832,120.27745819091797,23.45523857613068,120.27746219111447,1.036785368316918,55.399470031261444,0.8408665060997009,1
1635,-892.8258056640625,499.82452392578125,-896.7591552734375,498.95281982421875,23.45524787902832,120.27745819091797,23.455239269441027,120.27741958504403,4.028784827991109,62.86827381700277,0.9595916271209717,1
1636,-902.73193359375,501.10467529296875,-894.1376342773438,499.06591796875,23.455259323120117,120.27735900878906,23.455240285418945,120.27744525482943,8.832808849230043,56.76054861396551,0.9652893543243408,1
1637,-902.73193359375,501.10467529296875,-892.6044921875,500.7549743652344,23.455259323120117,120.27735900878906,23.455255458470713,120.27746026727011,10.133477200639733,55.890679359436035,0.959865391254425,1
1638,-902.73193359375,501.10467529296875,-902.253173828125,499.95269775390625,23.455259323120117,120.27735900878906,23.45524825149729,120.27736578792491,1.2475027710132747,56.070273742079735,0.9910280108451843,1
1639,-912.7503662109375,502.3514709472656,-909.6754150390625,500.0094909667969,23.45526885986328,120.27725982666016,23.455248761679403,120.27729310975855,3.8652548348500706,55.30557408928871,0.9959521293640137,1
1640,-912.7503662109375,502.3514709472656,-908.6417846679688,498.41497802734375,23.45526885986328,120.27725982666016,23.45523443792596,120.2773032310087,5.690028014326337,56.22471775859594,0.9430514574050903,1
1641,-922.7892456054688,503.63165283203125,-923.85009765625,499.3539733886719,23.45528221130371,120.27716827392578,23.455242873064808,120.27715431206762,4.4072608833362885,55.94499222934246,0.9794090390205383,1
1642,-922.7892456054688,503.63165283203125,-924.4649658203125,503.0455017089844,23.45528221130371,120.27716827392578,23.45527603462793,120.27714829131332,1.775277831069012,56.198569014668465,0.9793885350227356,1
1643,-922.7892456054688,503.63165283203125,-930.5641479492188,504.2020568847656,23.45528221130371,120.27716827392578,23.455286424139842,120.2770885684667,7.795798050118092,72.10084982216358,0.6993921995162964,1
1644,-932.7259521484375,505.0119934082031,-931.7968139648438,504.51837158203125,23.455293655395508,120.27706909179688,23.455289265643113,120.27707649827074,1.0521217949862791,55.69993797689676,0.8923102021217346,1
1645,-932.7259521484375,505.0119934082031,-933.2630615234375,509.8776550292969,23.455293655395508,120.27706909179688,23.45533740890544,120.27706214085754,4.895217001492124,56.079646572470665,0.27479925751686096,1
1646,-932.7259521484375,505.0119934082031,-932.37939453125,504.1154479980469,23.455293655395508,120.27706909179688,23.455285646118973,120.27707079367478,0.9611950137734362,56.66281934827566,0.9928438067436218,1
1647,-942.5912475585938,506.40350341796875,-934.4007568359375,503.4214782714844,23.455307006835938,120.27696990966797,23.455279412082852,120.27705100060935,8.716456404536379,54.312894120812416,0.9456051588058472,1
1648,-942.5912475585938,506.40350341796875,-938.7059936523438,503.4526062011719,23.455307006835938,120.27696990966797,23.455279691709805,120.27700884397382,4.878831038284726,53.25939692556858,0.7505748271942139,1
1649,-942.5912475585938,506.40350341796875,-937.5333251953125,504.3352966308594,23.455307006835938,120.27696990966797,23.455287621052847,120.27702032667706,5.4644357391432345,52.88287624716759,0.8371935486793518,1
1650,-952.497314453125,507.7504577636719,-957.1784057617188,501.42926025390625,23.455318450927734,120.27687072753906,23.455261515683908,120.27682796315865,7.865758310351207,54.256816394627094,0.969490647315979,1
1651,-952.497314453125,507.7504577636719,-957.3341674804688,504.70654296875,23.455318450927734,120.27687072753906,23.45529095601544,120.27682643794871,5.7149422120323035,52.90516000241041,0.9570320844650269,1
1652,-952.497314453125,507.7504577636719,-958.5982055664062,503.3165283203125,23.455318450927734,120.27687072753906,23.4552784693014,120.27681406055923,7.541923009737193,52.70893406122923,0.9500109553337097,1
1653,-962.4034423828125,509.0417785644531,-963.29345703125,504.2609558105469,23.45532989501953,120.27677917480469,23.455286953237895,120.27676808492231,4.862961266419986,54.10328600555658,0.7372547388076782,1
1654,-962.4034423828125,509.0417785644531,-965.20556640625,508.7808837890625,23.45532989501953,120.27677917480469,23.455327556441755,120.27674936165539,2.814243260017102,53.500023670494556,0.5670951008796692,1
1655,-962.4034423828125,509.0417785644531,-965.3603515625,507.1535949707031,23.45532989501953,120.27677917480469,23.455312938257585,120.2767478460079,3.5083541982854114,61.87967397272587,0.6372298002243042,1
1656,-972.3401489257812,510.27740478515625,-973.57470703125,507.3526916503906,23.455341339111328,120.27667999267578,23.455314726773487,120.27666741150348,3.17459928753995,61.66337337344885,0.9860739707946777,1
1657,-972.3401489257812,510.27740478515625,-973.4190673828125,508.4908142089844,23.455341339111328,120.27667999267578,23.455324950702384,120.27666893551813,2.087096290013675,63.46689444035292,0.9459318518638611,1
1658,-972.3401489257812,510.27740478515625,-977.7230834960938,509.8643798828125,23.455341339111328,120.27667999267578,23.455337289652768,120.27662679083565,5.398756723378216,62.58684303611517,0.9351891875267029,1
1659,-982.3381958007812,511.54644775390625,-984.636474609375,507.61175537109375,23.455352783203125,120.27658081054688,23.455317053982487,120.27655909530067,4.55674111941789,62.414295971393585,0.9962748289108276,1
1660,-982.3381958007812,511.54644775390625,-984.0775756835938,513.4169921875,23.455352783203125,120.27658081054688,23.455369203312088,120.27656456800736,2.554286368984768,61.78289093077183,0.595248818397522,1
1661,-982.3381958007812,511.54644775390625,-986.5055541992188,513.1905517578125,23.455352783203125,120.27658081054688,23.455367169163097,120.27654079337898,4.479950222568118,62.272156588733196,0.9924870729446411,1
1662,-992.336181640625,512.7487182617188,-991.8756103515625,513.3709106445312,23.45536231994629,120.27648162841797,23.455368789354544,120.2764882100927,0.7741119257178445,61.531249433755875,0.9903038144111633,1
1663,-992.336181640625,512.7487182617188,-992.1141357421875,513.2914428710938,23.45536231994629,120.27648162841797,23.45536807548339,120.27648587446555,0.5863909810307137,62.017728574573994,0.9435072541236877,1
1664,-1002.089111328125,513.9064331054688,-996.5679931640625,513.8970336914062,23.455373764038086,120.2763900756836,23.455373515598286,120.27644226254544,5.5211261650614,63.55175841599703,0.9517658352851868,1
1665,-1002.089111328125,513.9064331054688,-998.7041625976562,506.4930114746094,23.455373764038086,120.2763900756836,23.455307004135076,120.2764213452951,8.149644052643998,64.64676279574633,0.9869863390922546,1
1666,-1002.089111328125,513.9064331054688,-1004.7598876953125,505.7020568847656,23.455373764038086,120.2763900756836,23.455299898869104,120.27636204797727,8.628142069667499,54.229989647865295,0.9589998722076416,1
1667,-1011.78076171875,515.2868041992188,-1011.4307250976562,510.362060546875,23.455385208129883,120.27629089355469,23.45534176039424,120.27629672751452,4.937167778940349,53.68598643690348,0.9891179203987122,1
1668,-1011.78076171875,515.2868041992188,-1014.5311889648438,510.44427490234375,23.455385208129883,120.27629089355469,23.45534249893836,120.2762663679476,5.569105855265056,54.99016307294369,0.9546260237693787,1
1669,-1011.78076171875,515.2868041992188,-1012.3472290039062,513.9283447265625,23.455385208129883,120.27629089355469,23.455373796870102,120.27628775316009,1.471834679575729,55.56797701865435,0.5694477558135986,1
1670,-1021.5745239257812,516.600341796875,-1021.08251953125,517.6904907226562,23.455398559570312,120.27619934082031,23.455407592802594,120.27620221768903,1.1960321921336712,58.26344061642885,0.924258828163147,1
1671,-1021.5745239257812,516.600341796875,-1024.166259765625,517.4083251953125,23.455398559570312,120.27619934082031,23.455405058066535,120.27617202187898,2.7147618377458453,54.96551934629679,0.9885559678077698,1
1672,-1021.5745239257812,516.600341796875,-1021.3853149414062,515.0411987304688,23.455398559570312,120.27619934082031,23.45538379380771,120.27619925273349,1.5705817843369072,54.65316399931908,0.8526198863983154,1
1673,-1031.593017578125,517.8805541992188,-1026.7928466796875,516.0078125,23.45541000366211,120.2761001586914,23.45539247704694,120.27614630248839,5.152552971702378,59.0983172878623,0.8809155225753784,1
1674,-1031.593017578125,517.8805541992188,-1031.609619140625,519.3284301757812,23.45541000366211,120.2761001586914,23.45542230666305,120.27609913692474,1.4479711514337068,55.3000271320343,0.9756643772125244,1
1675,-1031.593017578125,517.8805541992188,-1031.531494140625,517.4613037109375,23.45541000366211,120.2761001586914,23.45540553398064,120.27609990192032,0.42374061085277503,56.509073823690414,0.9869411587715149,1
1676,-1041.682861328125,519.2163696289062,-1037.1414794921875,517.9044189453125,23.455421447753906,120.2760009765625,23.455409514552517,120.27604496926088,4.727088276726506,55.426664650440216,0.9877341389656067,1
1677,-1041.682861328125,519.2163696289062,-1044.4412841796875,518.801025390625,23.455421447753906,120.2760009765625,23.455417568905254,120.27597348998603,2.789517424985122,55.297878570854664,0.9856182932853699,1
1678,-1041.682861328125,519.2163696289062,-1043.42919921875,521.1082763671875,23.455421447753906,120.2760009765625,23.45543829529342,120.27598340026476,2.574685832210713,55.01117557287216,0.9442247748374939,1
1679,-1051.7115478515625,520.5967407226562,-1049.4146728515625,519.9890747070312,23.455432891845703,120.2759017944336,23.455428241333845,120.2759247908453,2.375898304256847,56.170457042753696,0.9977712631225586,1
1680,-1051.7115478515625,520.5967407226562,-1052.9366455078125,522.3634643554688,23.455432891845703,120.2759017944336,23.45544957083896,120.27589030388813,2.149924803821622,55.51940016448498,0.7933046221733093,1
1681,-1051.7115478515625,520.5967407226562,-1049.724365234375,524.8648681640625,23.455432891845703,120.2759017944336,23.455472041331692,120.27592175835498,4.70805762604253,54.21593599021435,0.8595485091209412,1
1682,-1061.5870361328125,521.8546142578125,-1055.0880126953125,526.153564453125,23.4554443359375,120.27580261230469,23.455483617887424,120.27586923782225,7.792193428230057,54.921530187129974,0.9979543685913086,1
1683,-1061.5870361328125,521.8546142578125,-1056.9898681640625,524.2559814453125,23.4554443359375,120.27580261230469,23.455466571609236,120.27585061496102,5.1865709001326366,55.04176300019026,0.9680837988853455,1
1684,-1071.421630859375,523.0679931640625,-1065.1705322265625,522.0713500976562,23.455455780029297,120.27571105957031,23.455446946731936,120.27577051036096,6.330049882818141,55.078618228435516,0.9992256164550781,1
1685,-1071.421630859375,523.0679931640625,-1066.84814453125,522.0211181640625,23.455455780029297,120.27571105957031,23.4554464954908,120.2757540832761,4.691771995650608,55.234295316040516,0.9917346239089966,1
1686,-1071.421630859375,523.0679931640625,-1072.6397705078125,518.3496704101562,23.455455780029297,120.27571105957031,23.45541351431448,120.27569737200193,4.873031275615301,55.159056559205055,0.9951169490814209,1
1687,-1081.2562255859375,524.325927734375,-1078.8699951171875,520.4189453125,23.455467224121094,120.2756118774414,23.455432102927197,120.27563636599474,4.578057174700977,55.17592094838619,0.8737045526504517,1
1688,-1081.2562255859375,524.325927734375,-1082.4769287109375,519.3709716796875,23.455467224121094,120.2756118774414,23.45542268881988,120.27560104710489,5.103107447748782,55.67893944680691,0.8197787404060364,1
1689,-1081.2562255859375,524.325927734375,-1083.365234375,524.6983642578125,23.455467224121094,120.2756118774414,23.455470545601653,120.27559234886603,2.1416412015865505,55.9943625703454,0.4789811670780182,1
1690,-1091.1827392578125,525.6840209960938,-1083.953857421875,522.8432006835938,23.45547866821289,120.2755126953125,23.455453880383722,120.27558658510243,7.767045297013511,55.478548631072044,0.6928344368934631,1
1691,-1091.1827392578125,525.6840209960938,-1087.1556396484375,526.41650390625,23.45547866821289,120.2755126953125,23.45548597991272,120.27555523343186,4.093172666465373,56.08370900154114,0.9201172590255737,1
1692,-1091.1827392578125,525.6840209960938,-1093.2344970703125,525.9094848632812,23.45547866821289,120.2755126953125,23.45548142528316,120.27549570960362,2.064108542824705,56.07420764863491,0.8850078582763672,1
1693,-1101.1910400390625,527.0977783203125,-1097.7596435546875,528.3523559570312,23.45549201965332,120.27542114257812,23.45550336996757,120.27545139962504,3.653552638123052,55.32617308199406,0.757623016834259,1
1694,-1101.1910400390625,527.0977783203125,-1097.653564453125,524.2813720703125,23.45549201965332,120.27542114257812,23.4554667996971,120.27545243834561,4.521711809275655,57.6467989012599,0.968732476234436,1
1695,-1101.1910400390625,527.0977783203125,-1095.4036865234375,523.8987426757812,23.45549201965332,120.27542114257812,23.455463362478767,120.27547446902311,6.612661322780603,56.6070107743144,0.9780864119529724,1
1696,-1111.1175537109375,528.4447631835938,-1110.9031982421875,526.0203857421875,23.455503463745117,120.27532196044922,23.455482421522706,120.27532269868053,2.433835295450895,55.193436332046986,0.6180920600891113,1
1697,-1111.1175537109375,528.4447631835938,-1108.8299560546875,526.5504150390625,23.455503463745117,120.27532196044922,23.455487182856892,120.27534299975083,2.970127594829805,55.224085226655006,0.8830797672271729,1
1698,-1111.1175537109375,528.4447631835938,-1107.481201171875,529.2411499023438,23.455503463745117,120.27532196044922,23.455511354139425,120.2753562066824,3.722538326753357,55.73039781302214,0.8225798010826111,1
1699,-1121.135986328125,529.70263671875,-1114.6771240234375,528.5133666992188,23.455514907836914,120.27522277832031,23.455504816351674,120.2752857446126,6.567439794186847,56.76379054784775,0.8217402696609497,1
1700,-1121.135986328125,529.70263671875,-1113.294189453125,529.7466430664062,23.455514907836914,120.27522277832031,23.455515895061776,120.27529928622975,7.841920350742782,55.67298550158739,0.9822965264320374,1
1701,-1121.135986328125,529.70263671875,-1113.32421875,530.1775512695312,23.455514907836914,120.27522277832031,23.455519765976025,120.27529899218457,7.826190422241762,56.126682087779045,0.3942692279815674,1
1702,-1131.0216064453125,530.8604125976562,-1127.13623046875,530.470458984375,23.45552635192871,120.2751235961914,23.455522397210796,120.2751637457466,3.904895683595159,55.678414180874825,0.9994946718215942,1
1703,-1131.0216064453125,530.8604125976562,-1127.9681396484375,531.1696166992188,23.45552635192871,120.2751235961914,23.455528677851408,120.27515559973894,3.069082380132724,55.342987179756165,0.9940908551216125,1
1704,-1131.0216064453125,530.8604125976562,-1123.6903076171875,527.8760986328125,23.45552635192871,120.2751235961914,23.455499091675232,120.27519748802837,7.915432543331313,55.46826310455799,0.9938769936561584,1
1705,-1140.856201171875,532.107177734375,-1125.3204345703125,528.8506469726562,23.455537796020508,120.27503204345703,23.45550784619192,120.27518152591739,15.873406581457091,55.7514913380146,0.9094282388687134,1
1706,-1140.856201171875,532.107177734375,-1133.2216796875,528.043701171875,23.455537796020508,120.27503204345703,23.455500597274458,120.27510415737184,8.64856982797562,55.80701678991318,0.995872437953949,1
1707,-1140.856201171875,532.107177734375,-1136.7852783203125,530.5213012695312,23.455537796020508,120.27503204345703,23.455522853934813,120.27506926281548,4.368914856702871,56.16086069494486,0.9744591116905212,1
1708,-1150.8338623046875,533.5877075195312,-1146.5416259765625,528.772216796875,23.455551147460938,120.27493286132812,23.455507141641665,120.27497372921074,6.4507552733353934,55.60456495732069,0.9991897940635681,1
1709,-1150.8338623046875,533.5877075195312,-1147.9488525390625,529.833984375,23.455551147460938,120.27493286132812,23.4555166796621,120.27495994972779,4.7343129167326055,55.88021967560053,0.9988303780555725,1
1710,-1160.6990966796875,534.9013061523438,-1153.0870361328125,530.3218994140625,23.455562591552734,120.27483367919922,23.45552106267747,120.27490963692449,8.883379528304904,56.06409162282944,0.9905433058738708,1
1711,-1160.6990966796875,534.9013061523438,-1160.6248779296875,533.875,23.455562591552734,120.27483367919922,23.455552980723095,120.27483582680372,1.0289862687082831,55.389728397130966,0.9602808356285095,1
1712,-1160.6990966796875,534.9013061523438,-1161.1917724609375,534.1118774414062,23.455562591552734,120.27483367919922,23.455555108629355,120.27483027580452,0.9305520485618958,55.48443831503391,0.9525057673454285,1
1713,-1170.6358642578125,536.1257934570312,-1169.3719482421875,531.7471313476562,23.45557403564453,120.27473449707031,23.455533865753765,120.27475017598567,4.557429710113992,54.60671801120043,0.9419352412223816,1
1714,-1170.6358642578125,536.1257934570312,-1169.6248779296875,531.4613647460938,23.45557403564453,120.27473449707031,23.455531298668706,120.27474769931247,4.772733865938236,54.60970941931009,0.49449342489242554,1
1715,-1170.6358642578125,536.1257934570312,-1171.5369873046875,534.15771484375,23.45557403564453,120.27473449707031,23.455555520393744,120.27472897604557,2.1645683573554177,54.627145640552044,0.7182183861732483,1
1716,-1180.6339111328125,537.4059448242188,-1173.345703125,534.8707885742188,23.455585479736328,120.27464294433594,23.455561926044055,120.2747112652025,7.716540233618711,54.02178689837456,0.44689786434173584,1
1717,-1180.6339111328125,537.4059448242188,-1181.5457763671875,533.4465942382812,23.455585479736328,120.27464294433594,23.45554913228866,120.27463097054884,4.062998310118452,54.54343277961016,0.987395167350769,1
1718,-1180.6339111328125,537.4059448242188,-1182.891845703125,535.04931640625,23.455585479736328,120.27464294433594,23.455563529786854,120.274617789914,3.2637349806916287,54.10408973693848,0.8784657120704651,1
1719,-1190.6114501953125,538.6638793945312,-1187.1588134765625,534.4979248046875,23.455596923828125,120.27454376220703,23.455558576551823,120.27457600800676,5.410718802183401,54.64937537908554,0.9315088391304016,1
1720,-1190.6114501953125,538.6638793945312,-1192.8092041015625,536.9354248046875,23.455596923828125,120.27454376220703,23.455580472986874,120.27452067970117,2.7960109981166132,54.92689833045006,0.8910592198371887,1
1721,-1190.6114501953125,538.6638793945312,-1194.944091796875,535.5978393554688,23.455596923828125,120.27454376220703,23.455568457252344,120.27449977500154,5.307766457628335,55.845798924565315,0.893202543258667,1
1722,-1200.4766845703125,540.0442504882812,-1201.4183349609375,534.1011352539062,23.455608367919922,120.27444458007812,23.45555501213064,120.27443637957846,6.017252209042298,54.1412802413106,0.9531176090240479,1
1723,-1200.4766845703125,540.0442504882812,-1204.329833984375,537.4728393554688,23.455608367919922,120.27444458007812,23.455585300663923,120.2744078703446,4.632376886765827,54.02871314436197,0.9449546337127686,1
1724,-1210.2296142578125,541.2576293945312,-1215.1441650390625,538.6766967773438,23.45561981201172,120.27435302734375,23.45559611509914,120.27430197702624,5.551037971041749,54.59903180599213,0.9586479067802429,1
1725,-1210.2296142578125,541.2576293945312,-1210.7086181640625,540.2900390625,23.45561981201172,120.27435302734375,23.455610607999475,120.27434540965051,1.0796646668494359,53.40441595762968,0.9941406846046448,1
1726,-1210.2296142578125,541.2576293945312,-1210.8306884765625,541.760498046875,23.45561981201172,120.27435302734375,23.455623817357278,120.27434421434491,0.7836881382003571,53.83259244263172,0.7615529894828796,1
1727,-1220.1458740234375,542.4598999023438,-1219.8345947265625,543.9794311523438,23.455629348754883,120.27425384521484,23.45564375037251,120.27425604860387,1.5510867223948368,53.14220208674669,0.9324832558631897,1
1728,-1220.1458740234375,542.4598999023438,-1217.71484375,538.1703491210938,23.455629348754883,120.27425384521484,23.455591566500754,120.27427680508562,4.930532840910006,53.93869150429964,0.9671788215637207,1
1729,-1220.1458740234375,542.4598999023438,-1220.14697265625,542.2989501953125,23.455629348754883,120.27425384521484,23.455628654355223,120.27425298981686,0.160953456587617,53.638456389307976,0.7226776480674744,1
1730,-1230.174560546875,543.8513793945312,-1223.4427490234375,542.3341674804688,23.455642700195312,120.27415466308594,23.45562897071748,120.27422071776097,6.900667966165239,54.21893950551748,0.7853421568870544,1
1731,-1230.174560546875,543.8513793945312,-1232.5521240234375,541.0151977539062,23.455642700195312,120.27415466308594,23.455617122210832,120.27413151927591,3.7009099399610195,53.8278054445982,0.9902856945991516,1
1732,-1230.174560546875,543.8513793945312,-1234.1507568359375,542.010009765625,23.455642700195312,120.27415466308594,23.455626058759183,120.27411586555378,4.381869354443687,53.86815592646599,0.9841613173484802,1
1733,-1240.111328125,545.2874145507812,-1243.06591796875,547.6806030273438,23.455656051635742,120.27405548095703,23.455676998565153,120.27402856879992,3.8022299021945254,53.77269349992275,0.9981221556663513,1
1734,-1240.111328125,545.2874145507812,-1238.38427734375,546.2922973632812,23.455656051635742,120.27405548095703,23.455664527203183,120.27407441116029,1.9981225857975144,53.62671334296465,0.725845992565155,1
1735,-1240.111328125,545.2874145507812,-1241.3499755859375,545.051513671875,23.455656051635742,120.27405548095703,23.45565338105364,120.27404537121073,1.2609110821765575,53.64887323230505,0.9980613589286804,1
1736,-1249.925537109375,546.6009521484375,-1244.46240234375,545.58251953125,23.45566749572754,120.27396392822266,23.455658151160435,120.27401489450386,5.557251700537947,53.3971069380641,0.995203971862793,1
1737,-1249.925537109375,546.6009521484375,-1247.321044921875,547.5825805664062,23.45566749572754,120.27396392822266,23.455676118014406,120.27398690283734,2.783338625771641,53.780035115778446,0.9378337860107422,1
1738,-1249.925537109375,546.6009521484375,-1244.780517578125,549.5189819335938,23.45566749572754,120.27396392822266,23.455693513003848,120.27401177953747,5.914906914229758,56.96319043636322,0.33758553862571716,1
1739,-1258.7388916015625,547.7586669921875,-1253.063720703125,551.9810180664062,23.455677032470703,120.27387237548828,23.45571562985073,120.27393067088072,7.073599742735528,54.96496334671974,0.9829482436180115,1
1740,-1258.7388916015625,547.7586669921875,-1259.5576171875,550.7791137695312,23.455677032470703,120.27387237548828,23.45570483296073,120.27386708301343,3.129442493453898,61.442009173333645,0.9943430423736572,1
1741,-1258.7388916015625,547.7586669921875,-1256.539306640625,550.1160888671875,23.455677032470703,120.27387237548828,23.455698876906695,120.27389663813968,3.2242226810676304,63.658710569143295,0.9749607443809509,1
1742,-1265.571044921875,548.549072265625,-1264.1881103515625,550.6947631835938,23.455684661865234,120.27381134033203,23.455704075226524,120.27382174148612,2.552743140470462,64.67874348163605,0.9806554317474365,1
1743,-1265.571044921875,548.549072265625,-1266.0904541015625,549.4254760742188,23.455684661865234,120.27381134033203,23.455692673026423,120.27380311384366,1.018758819182083,63.32510057836771,0.994657039642334,1
1744,-1269.6151123046875,549.6177368164062,-1265.8807373046875,548.5291137695312,23.4556941986084,120.27376556396484,23.455684620866837,120.27380516737868,3.8898144915679986,63.28363809734583,0.8280572295188904,1
1745,-1269.6151123046875,549.6177368164062,-1266.882568359375,547.6375122070312,23.4556941986084,120.27376556396484,23.455676611473727,120.27379535750562,3.3746238185371675,63.17519210278988,0.9882070422172546,1
1746,-1269.6151123046875,549.6177368164062,-1270.3067626953125,547.4131469726562,23.4556941986084,120.27376556396484,23.455674595966535,120.27376182798825,2.3105403355097187,62.531654722988605,0.9396607279777527,1
1747,-1271.106201171875,552.2782592773438,-1276.6259765625,545.837646484375,23.455718994140625,120.27375030517578,23.45566044300485,120.27369995060327,8.482300013080302,63.27360775321722,0.8801286220550537,1
1748,-1271.106201171875,552.2782592773438,-1277.99609375,545.519287109375,23.455718994140625,120.27375030517578,23.455657583133924,120.27368653449322,9.651648797251077,63.33979591727257,0.8590071201324463,1
1749,-1271.106201171875,552.2782592773438,-1278.3360595703125,541.0994873046875,23.455718994140625,120.27375030517578,23.45561787939675,120.27368320556714,13.312993475477338,63.83829843252897,0.37970271706581116,1
1750,-1270.8814697265625,556.9982299804688,-1272.4869384765625,553.966796875,23.455760955810547,120.27375793457031,23.455733468405278,120.27374047983024,3.430323101423315,62.47990112751722,0.7965035438537598,1
1751,-1270.8814697265625,556.9982299804688,-1269.44775390625,554.6028442382812,23.455760955810547,120.27375793457031,23.455739182115956,120.27377023935375,2.7916686600113385,54.25015464425087,0.41676732897758484,1
1752,-1270.8814697265625,556.9982299804688,-1268.54638671875,552.261962890625,23.455760955810547,120.27375793457031,23.455718153621024,120.2737790654903,5.280609680681925,56.04720301926136,0.9982349872589111,1
1753,-1270.258544921875,563.8888549804688,-1270.9901123046875,557.8474731445312,23.455821990966797,120.27376556396484,23.455768329113333,120.2737551366675,6.085514384437086,54.57704979926348,0.7220600843429565,1
1754,-1270.258544921875,563.8888549804688,-1265.4066162109375,558.9846801757812,23.455821990966797,120.27376556396484,23.455778544817907,120.27380980994562,6.898705873636831,54.28007524460554,0.5621489882469177,1
1755,-1270.258544921875,563.8888549804688,-1266.2191162109375,557.4029541015625,23.455821990966797,120.27376556396484,23.45576433593083,120.27380185399156,7.640935448081148,54.28342800587416,0.7838863134384155,1
1756,-1269.3701171875,572.605224609375,-1272.663818359375,562.4397583007812,23.455900192260742,120.27377319335938,23.45580958231278,120.27373874783243,10.685746238834486,54.420470260083675,0.882725715637207,1
1757,-1269.3701171875,572.605224609375,-1274.059326171875,565.2381591796875,23.455900192260742,120.27377319335938,23.455834720775588,120.27372508309881,8.732830809333242,53.62373869866133,0.9245696067810059,1
1758,-1269.3701171875,572.605224609375,-1276.225830078125,564.96337890625,23.455900192260742,120.27377319335938,23.455832252382393,120.27370386881503,10.266382273666407,53.12820244580507,0.8896505832672119,1
1759,-1268.1343994140625,582.3790283203125,-1274.094482421875,570.2750854492188,23.45598793029785,120.2737808227539,23.455879968254116,120.2737247388508,13.491776105714047,54.35738153755665,0.9731227159500122,1
1760,-1268.1343994140625,582.3790283203125,-1266.605224609375,579.2008666992188,23.45598793029785,120.2737808227539,23.455960149911313,120.27379807323994,3.5269089686415644,54.57588005810976,0.9965161085128784,1
1761,-1268.1343994140625,582.3790283203125,-1265.8292236328125,580.7139892578125,23.45598793029785,120.2737808227539,23.455973742522524,120.27380567179763,2.8436227707121113,54.3631361797452,0.9377408623695374,1
1762,-1266.72509765625,592.4423217773438,-1266.9453125,584.0936889648438,23.456079483032227,120.27379608154297,23.45600410288155,120.27379474311854,8.351536649944098,54.60114777088165,0.9602041840553284,1
1763,-1266.72509765625,592.4423217773438,-1267.1890869140625,589.4330444335938,23.456079483032227,120.27379608154297,23.4560520671278,120.27379235609325,3.0448376250585927,54.757255129516125,0.9506931304931641,1
1764,-1265.376953125,602.5390014648438,-1269.156982421875,598.7747192382812,23.45616912841797,120.27381134033203,23.45613598482036,120.2737730865717,5.334645458364374,54.9579169601202,0.9650869369506836,1
1765,-1265.376953125,602.5390014648438,-1265.253662109375,598.5296630859375,23.45616912841797,120.27381134033203,23.45613378344349,120.27381130766354,4.011233589695873,55.43570872396231,0.9107592105865479,1
1766,-1265.376953125,602.5390014648438,-1264.1884765625,597.7581176757812,23.45616912841797,120.27381134033203,23.456126852533146,120.2738217379002,4.926390803025316,54.9519257619977,0.8578631281852722,1
1767,-1264.2740478515625,612.5243530273438,-1258.969970703125,603.5211181640625,23.45625877380371,120.27381896972656,23.456178622447357,120.27387283721458,10.449472350314144,55.09467050433159,0.9517529606819153,1
1768,-1264.2740478515625,612.5243530273438,-1258.4931640625,604.025390625,23.45625877380371,120.27381896972656,23.45618315240395,120.27387750607825,10.278666221796398,54.99343294650316,0.7338784337043762,1
1769,-1264.2740478515625,612.5243530273438,-1260.7822265625,603.4869995117188,23.45625877380371,120.27381896972656,23.45617831595429,120.27385509170765,9.688476375629433,54.90287393331528,0.8401510119438171,1
1770,-1263.293701171875,622.4874877929688,-1260.348876953125,612.6538696289062,23.456348419189453,120.27383422851562,23.456260663349628,120.27385933504253,10.265088205949157,55.281540378928185,0.9930282235145569,1
1771,-1263.293701171875,622.4874877929688,-1259.849609375,617.2020874023438,23.456348419189453,120.27383422851562,23.45630152068504,120.27386422384244,6.308504227986265,55.08462153375149,0.9936155080795288,1
1772,-1263.293701171875,622.4874877929688,-1262.4949951171875,618.5565795898438,23.456348419189453,120.27383422851562,23.45631368829538,120.27383832037478,4.011230567193799,54.250042885541916,0.7303494811058044,1
1773,-1262.302978515625,631.9161987304688,-1262.840087890625,619.7473754882812,23.45643424987793,120.27384185791016,23.45632438539694,120.27383494124585,12.180670982352146,55.21613359451294,0.9076070189476013,1
1774,-1262.302978515625,631.9161987304688,-1260.2403564453125,632.1307373046875,23.45643424987793,120.27384185791016,23.456435627028824,120.27386039766921,2.073749407418369,55.163798853755,0.9525665640830994,1
1775,-1262.302978515625,631.9161987304688,-1264.10791015625,633.83154296875,23.45643424987793,120.27384185791016,23.45645090562606,120.2738225268019,2.6317906030773868,54.44509256631136,0.9402573108673096,1
1776,-1261.465576171875,639.8421630859375,-1261.968017578125,633.0317993164062,23.456504821777344,120.27384948730469,23.456443721406597,120.27384348050906,6.82887267710113,54.44256868213415,0.7989552021026611,1
1777,-1261.465576171875,639.8421630859375,-1260.561767578125,633.6976318359375,23.456504821777344,120.27384948730469,23.456449702681887,120.27385725042957,6.2106468468560445,55.99739030003548,0.766689121723175,1
1778,-1261.465576171875,639.8421630859375,-1259.571044921875,638.0614013671875,23.456504821777344,120.27384948730469,23.45648890309055,120.27386695152981,2.6000694137257216,53.75182442367077,0.681244432926178,1
1779,-1260.760986328125,645.3079833984375,-1259.504638671875,638.4059448242188,23.456554412841797,120.27385711669922,23.456491998177086,120.27386760177606,7.015450513927703,54.34257909655571,0.642582356929779,1
1780,-1260.760986328125,645.3079833984375,-1261.9493408203125,637.9534912109375,23.456554412841797,120.27385711669922,23.456487933717124,120.27384366339082,7.449881994709765,53.433727473020554,0.721306562423706,1
1781,-1260.760986328125,645.3079833984375,-1264.92333984375,636.4362182617188,23.456554412841797,120.27385711669922,23.45647430382232,120.2738145421605,9.799663434533558,55.423845537006855,0.7643634080886841,1
1782,-1258.9124755859375,647.857177734375,-1261.6326904296875,645.5117797851562,23.45657730102539,120.27387237548828,23.4565558309786,120.27384676401354,3.591721082762045,53.89414448291063,0.9695121645927429,1
1783,-1258.9124755859375,647.857177734375,-1255.8419189453125,646.5936279296875,23.45657730102539,120.27387237548828,23.456565549385836,120.27390346692057,3.32037289957199,54.79535274207592,0.9768884778022766,1
1784,-1255.0623779296875,647.9907836914062,-1253.5185546875,646.8955688476562,23.45657730102539,120.27391052246094,23.456568261767252,120.27392621717205,1.8928512242351911,55.41929975152016,0.8672595620155334,1
1785,-1255.0623779296875,647.9907836914062,-1251.0042724609375,645.0138549804688,23.45657730102539,120.27391052246094,23.456551358043978,120.27395083688148,5.032924055209125,55.16721773892641,0.8609217405319214,1
1786,-1255.0623779296875,647.9907836914062,-1251.1239013671875,646.525634765625,23.45657730102539,120.27391052246094,23.45656493859285,120.273949665482,4.2021731292367965,53.63114830106497,0.9204080104827881,1
1787,-1249.27197265625,647.5343627929688,-1249.8402099609375,646.1297607421875,23.456573486328125,120.27397155761719,23.456561382395993,120.27396223531568,1.5151899404026572,54.812473244965076,0.5243077278137207,1
1788,-1249.27197265625,647.5343627929688,-1247.3348388671875,641.1348266601562,23.456573486328125,120.27397155761719,23.456516512139704,120.27398676776781,6.686295688338978,57.30624217540026,0.8949321508407593,1
1789,-1249.27197265625,647.5343627929688,-1253.2388916015625,640.0001831054688,23.456573486328125,120.27397155761719,23.45650631946323,120.27392895561718,8.514711356365337,53.996557369828224,0.8767184615135193,1
1790,-1241.612548828125,646.7217407226562,-1251.02734375,643.7974243164062,23.456565856933594,120.27404022216797,23.456540430661402,120.27395061096873,9.858498357499798,54.81030140072107,0.9047384262084961,1
1791,-1241.612548828125,646.7217407226562,-1249.6807861328125,646.6446533203125,23.456565856933594,120.27404022216797,23.45656600775472,120.27396379638479,8.0686055593486,54.79889828711748,0.9444392919540405,1
1792,-1241.612548828125,646.7217407226562,-1249.625,647.7753295898438,23.456565856933594,120.27404022216797,23.456576164792462,120.27396434263945,8.081424582506633,54.4383293017745,0.6370179653167725,1
1793,-1232.3804931640625,645.2968139648438,-1239.7984619140625,644.9122924804688,23.456554412841797,120.27413177490234,23.456550445692518,120.27406056354491,7.427928186777422,53.895123302936554,0.2183404117822647,1
1794,-1232.3804931640625,645.2968139648438,-1238.8519287109375,643.1754760742188,23.456554412841797,120.27413177490234,23.456534843605283,120.27406983194453,6.810253481593666,54.399238899350166,0.9688625931739807,1
1795,-1232.3804931640625,645.2968139648438,-1235.095458984375,644.9033203125,23.456554412841797,120.27413177490234,23.456550365094163,120.27410661508374,2.743333129588886,56.91052321344614,0.9792390465736389,1
1796,-1222.5050048828125,643.7049560546875,-1231.214111328125,643.216064453125,23.456539154052734,120.27423095703125,23.456535208216895,120.27414462102058,8.722817782910639,54.278925992548466,0.8918219208717346,1
1797,-1222.5050048828125,643.7049560546875,-1228.0347900390625,643.5599365234375,23.456539154052734,120.27423095703125,23.45653829727226,120.27417575275493,5.531686410013387,54.080638103187084,0.9917135238647461,1
1798,-1222.5050048828125,643.7049560546875,-1224.27685546875,644.2884521484375,23.456539154052734,120.27423095703125,23.456544841639467,120.2742125502378,1.8654549553148074,53.86006273329258,0.9505608081817627,1
1799,-1212.5172119140625,642.1798706054688,-1215.9896240234375,641.6809692382812,23.456525802612305,120.27433013916016,23.456521418221953,120.27429369833966,3.5080690460017596,54.38479594886303,0.9835675954818726,1
1800,-1212.5172119140625,642.1798706054688,-1212.5758056640625,641.7937622070312,23.456525802612305,120.27433013916016,23.45652243145843,120.27432712625605,0.3905290295010522,56.328543461859226,0.9806094765663147,1
1801,-1212.5172119140625,642.1798706054688,-1213.22900390625,639.8385009765625,23.456525802612305,120.27433013916016,23.456504867047954,120.27432073017579,2.4471737942587652,55.27075473219156,0.8540769219398499,1
1802,-1202.488525390625,640.7327270507812,-1201.460693359375,637.4298706054688,23.456512451171875,120.27442932128906,23.456483229953193,120.27443596480742,3.4590893863567365,55.053907446563244,0.8445444107055664,1
1803,-1202.488525390625,640.7327270507812,-1201.8685302734375,636.5501098632812,23.456512451171875,120.27442932128906,23.456475326927983,120.2744319712914,4.228318871904856,54.987840354442596,0.76808762550354,1
1804,-1202.488525390625,640.7327270507812,-1201.364990234375,635.5919189453125,23.456512451171875,120.27442932128906,23.456466719352516,120.274436901927,5.262151577499732,56.40102457255125,0.4063398241996765,1
1805,-1192.5518798828125,639.330078125,-1200.8370361328125,635.3727416992188,23.456501007080078,120.27452087402344,23.456464750449815,120.27444207162372,9.181738706461276,58.12303256243467,0.4929727613925934,1
1806,-1192.5518798828125,639.330078125,-1193.5130615234375,639.3927612304688,23.456501007080078,120.27452087402344,23.456500862899688,120.27451378756909,0.9632233998329635,56.67188763618469,0.8721726536750793,1
1807,-1192.5518798828125,639.330078125,-1191.6710205078125,636.4449462890625,23.456501007080078,120.27452087402344,23.456474382227523,120.27453182473059,3.0166038767570194,55.474149994552135,0.9486722946166992,1
1808,-1182.70703125,637.8495483398438,-1191.4952392578125,636.2826538085938,23.45648765563965,120.27462005615234,23.456472924329365,120.27453354597066,8.926800012358342,56.46351259201765,0.8920630812644958,1
1809,-1182.70703125,637.8495483398438,-1190.596923828125,635.2650146484375,23.45648765563965,120.27462005615234,23.45646378272125,120.27454234222455,8.302422495655469,56.19334988296032,0.950893223285675,1
1810,-1172.9132080078125,636.4803466796875,-1178.302978515625,635.125732421875,23.45647430419922,120.27471923828125,23.456462531527723,120.2746627238421,5.557392006539968,57.884279638528824,0.20379459857940674,1
1811,-1172.9132080078125,636.4803466796875,-1177.1160888671875,633.9208374023438,23.45647430419922,120.27471923828125,23.456451707771603,120.27467434579845,4.920903906693308,56.37429468333721,0.5814828872680664,1
1812,-1172.9132080078125,636.4803466796875,-1170.8328857421875,637.8834228515625,23.45647430419922,120.27471923828125,23.45648730428234,120.27473587056826,2.509255561503957,56.80662952363491,0.9855349063873291,1
1813,-1163.0479736328125,635.0776977539062,-1168.9625244140625,635.3782348632812,23.456462860107422,120.27481079101562,23.456464799795747,120.27475418504066,5.922181481354355,56.63957633078098,0.9221169948577881,1
1814,-1163.0479736328125,635.0776977539062,-1162.615966796875,637.7501831054688,23.456462860107422,120.27481079101562,23.456486107369336,120.27481633017409,2.7071771018189534,57.474891655147076,0.6772862672805786,1
1815,-1163.0479736328125,635.0776977539062,-1161.5657958984375,635.8836059570312,23.456462860107422,120.27481079101562,23.456469339621524,120.27482661338816,1.6871096194797701,57.20618460327387,0.9646240472793579,1
1816,-1153.0091552734375,633.6416625976562,-1163.760498046875,636.1892700195312,23.456449508666992,120.27490997314453,23.456472085448514,120.27480512298878,11.049057652485091,58.09312406927347,0.9781916737556458,1
1817,-1153.0091552734375,633.6416625976562,-1161.335693359375,631.0468139648438,23.456449508666992,120.27490997314453,23.456425889979798,120.27482886653921,8.721495050951793,56.75749201327562,0.7269985675811768,1
1818,-1153.0091552734375,633.6416625976562,-1157.866455078125,634.1294555664062,23.456449508666992,120.27490997314453,23.45645358182046,120.27486283712435,4.881731595753618,55.06798531860113,0.9884180426597595,1
1819,-1143.1846923828125,632.1945190429688,-1145.58154296875,631.234130859375,23.456436157226562,120.27500915527344,23.45642757267609,120.27498313028927,2.582099570987811,55.25489151477814,0.9847754836082458,1
1820,-1143.1846923828125,632.1945190429688,-1146.8648681640625,631.5005493164062,23.456436157226562,120.27500915527344,23.45642996595381,120.27497056404151,3.7450350815825852,55.20839896053076,0.9994124174118042,1
1821,-1143.1846923828125,632.1945190429688,-1150.1888427734375,632.0136108398438,23.456436157226562,120.27500915527344,23.45643457486389,120.27493801587003,7.006486314298363,54.506566375494,0.9677416086196899,1
1822,-1133.3603515625,630.78076171875,-1142.5819091796875,630.1495361328125,23.456422805786133,120.27510070800781,23.45641782959589,120.27501250253377,9.24313640640724,54.31696865707636,0.9513524174690247,1
1823,-1133.3603515625,630.78076171875,-1134.7255859375,634.78173828125,23.456422805786133,120.27510070800781,23.45645944137578,120.27508943120685,4.227490786785461,54.3396882712841,0.7876057624816895,1
1824,-1133.3603515625,630.78076171875,-1136.7252197265625,633.3932495117188,23.456422805786133,120.27510070800781,23.456446968368947,120.27506985090584,4.259980073889087,55.17590790987015,0.9617215991020203,1
1825,-1123.607421875,629.4337768554688,-1133.7294921875,631.0985717773438,23.456411361694336,120.27519989013672,23.456426354928137,120.27509918490055,10.258062660322105,55.55319972336292,0.9803332686424255,1
1826,-1123.607421875,629.4337768554688,-1130.702880859375,631.2139282226562,23.456411361694336,120.27519989013672,23.456427391192715,120.27512882130759,7.315358985658013,55.822694674134254,0.5134502053260803,1
1827,-1113.7421875,628.0089111328125,-1123.992919921875,628.4979858398438,23.456398010253906,120.2752914428711,23.456402993467183,120.27519452486578,10.2623929594387,55.217064917087555,0.8091157078742981,1
1828,-1113.7421875,628.0089111328125,-1123.1689453125,629.5801391601562,23.456398010253906,120.2752914428711,23.45641271461586,120.27520259317858,9.55680492473506,53.61200403422117,0.7409027218818665,1
1829,-1113.7421875,628.0089111328125,-1114.0916748046875,625.3004760742188,23.456398010253906,120.2752914428711,23.45637426974825,120.27529147729827,2.730890302219674,53.61393000930548,0.8699383735656738,1
1830,-1103.8564453125,626.5283813476562,-1111.6893310546875,628.1336059570312,23.456384658813477,120.275390625,23.456399720187004,120.27531500091247,7.99567665033469,53.50999813526869,0.600206732749939,1
1831,-1103.8564453125,626.5283813476562,-1112.260986328125,625.8287963867188,23.456384658813477,120.275390625,23.456379015730363,120.27530940329635,8.433607104963619,55.120798759162426,0.9806509613990784,1
1832,-1103.8564453125,626.5283813476562,-1105.4525146484375,626.4962158203125,23.456384658813477,120.275390625,23.456385011261144,120.27537607146616,1.5963934183869821,54.091500118374825,0.9892233610153198,1
1833,-1093.87890625,624.958740234375,-1102.788330078125,625.0843505859375,23.456371307373047,120.2754898071289,23.456372328259953,120.27540215901087,8.910309248818537,53.94964013248682,0.8523507118225098,1
1834,-1093.87890625,624.958740234375,-1103.522216796875,625.0975341796875,23.456371307373047,120.2754898071289,23.456372446690192,120.2753949728336,9.644309309780873,55.57356495410204,0.9352271556854248,1
1835,-1093.87890625,624.958740234375,-1100.330078125,622.9568481445312,23.456371307373047,120.2754898071289,23.456353216580354,120.27542623007503,6.754642144493666,53.600240498781204,0.9766585230827332,1
1836,-1083.9217529296875,623.4893188476562,-1090.7669677734375,626.1888427734375,23.456357955932617,120.27558898925781,23.456382250082086,120.27551987151101,7.358287550983635,53.357833065092564,0.9272835850715637,1
1837,-1083.9217529296875,623.4893188476562,-1083.2183837890625,624.0242309570312,23.456357955932617,120.27558898925781,23.456362805043298,120.27559378681867,0.8836623295917752,53.13164368271828,0.8862736225128174,1
1838,-1083.9217529296875,623.4893188476562,-1086.50439453125,623.057373046875,23.456357955932617,120.27558898925781,23.456354119610914,120.27556161038723,2.618513856547998,54.351989179849625,0.9738954901695251,1
1839,-1074.0462646484375,622.064453125,-1084.8192138671875,621.8156127929688,23.456344604492188,120.27568054199219,23.456342964688762,120.27557811158104,10.77582277047148,53.391690365970135,0.9571250081062317,1
1840,-1074.0462646484375,622.064453125,-1077.5052490234375,623.0610961914062,23.456344604492188,120.27568054199219,23.45635415305649,120.27564972951134,3.5997041973348023,54.23208884894848,0.8244642615318298,1
1841,-1074.0462646484375,622.064453125,-1073.4976806640625,620.357421875,23.456344604492188,120.27568054199219,23.456329865536873,120.27568897139417,1.793014243219867,54.35944441705942,0.8607773184776306,1
1842,-1064.150390625,620.6729736328125,-1073.568359375,619.711181640625,23.45633316040039,120.2757797241211,23.456324060262077,120.27568827931223,9.466951949398103,54.658254608511925,0.923845648765564,1
1843,-1064.150390625,620.6729736328125,-1071.59326171875,616.428955078125,23.45633316040039,120.2757797241211,23.456294575519205,120.27570761935684,8.567848248580917,54.349216632544994,0.9812690615653992,1
1844,-1054.27490234375,619.3148803710938,-1067.135498046875,615.909912109375,23.45631980895996,120.27587890625,23.456289912876887,120.27575126952671,13.303711162775192,52.352339029312134,0.8909950852394104,1
1845,-1054.27490234375,619.3148803710938,-1058.006591796875,619.1880493164062,23.45631980895996,120.27587890625,23.45631936088445,120.27584065926067,3.7338441706902428,53.082519210875034,0.7131451964378357,1
1846,-1054.27490234375,619.3148803710938,-1061.061767578125,618.7882080078125,23.45631980895996,120.27587890625,23.456315769048864,120.27581074315212,6.807269899733099,53.54373622685671,0.9939634203910828,1
1847,-1044.327880859375,617.81201171875,-1046.956787109375,617.4336547851562,23.45630645751953,120.2759780883789,23.456303600890234,120.27594885832355,2.655993607011795,54.374598897993565,0.9969148635864258,1
1848,-1044.327880859375,617.81201171875,-1045.893798828125,619.694091796875,23.45630645751953,120.2759780883789,23.456323906741396,120.2759592670447,2.448330963192912,55.40076829493046,0.9950370192527771,1
1849,-1044.327880859375,617.81201171875,-1051.9415283203125,620.9800415039062,23.45630645751953,120.2759780883789,23.45633545862416,120.27590004801938,8.246456231562574,54.769380018115044,0.9933231472969055,1
1850,-1034.4013671875,616.4761962890625,-1045.36083984375,613.435302734375,23.456295013427734,120.27606964111328,23.456267683082647,120.27596448574894,11.373525157752606,55.20428717136383,0.999589741230011,1
1851,-1034.4013671875,616.4761962890625,-1036.5989990234375,615.1636352539062,23.456295013427734,120.27606964111328,23.45628320895783,120.27605028119896,2.5597660356635084,55.08779175579548,0.996892511844635,1
1852,-1034.4013671875,616.4761962890625,-1032.3228759765625,615.0697021484375,23.456295013427734,120.27606964111328,23.45628236514239,120.27609215275412,2.5096516653824477,55.04791624844074,0.9740743041038513,1
1853,-1024.597412109375,614.9956665039062,-1031.591552734375,616.6798095703125,23.456281661987305,120.27616882324219,23.45629682898345,120.27609931382997,7.194048995551785,55.2254943177104,0.971561849117279,1
1854,-1024.597412109375,614.9956665039062,-1021.88037109375,615.6427612304688,23.456281661987305,120.27616882324219,23.45628751301971,120.27619440517164,2.7930348128395264,55.22102117538452,0.9779273271560669,1
1855,-1024.597412109375,614.9956665039062,-1026.291259765625,615.8471069335938,23.456281661987305,120.27616882324219,23.456289348688394,120.2761512139991,1.8958034412591545,54.135287180542946,0.47472965717315674,1
1856,-1014.783203125,613.51513671875,-1017.369140625,617.5958251953125,23.456268310546875,120.27626037597656,23.456305057691814,120.27623857888537,4.8310548741094035,53.94402984529734,0.9949451088905334,1
1857,-1014.783203125,613.51513671875,-1019.2227172851562,616.2044677734375,23.456268310546875,120.27626037597656,23.456292558915436,120.2762204287675,5.190547899782299,53.81816066801548,0.7476392984390259,1
1858,-1014.783203125,613.51513671875,-1013.7005615234375,616.9913940429688,23.456268310546875,120.27626037597656,23.45629962799439,120.27627450140456,3.640944633143756,54.500799626111984,0.9799081683158875,1
1859,-1004.8363037109375,612.0679321289062,-1012.8043823242188,616.7798461914062,23.456254959106445,120.27635955810547,23.456297727627707,120.27628327674061,9.257019548419205,54.87640295177698,0.8593915104866028,1
1860,-1004.8363037109375,612.0679321289062,-1013.8236083984375,616.2910766601562,23.456254959106445,120.27635955810547,23.456293336936305,120.27627329653652,9.930085361052353,54.685965180397034,0.8951678276062012,1
1861,-1004.8363037109375,612.0679321289062,-1007.7320556640625,610.9949951171875,23.456254959106445,120.27635955810547,23.456245761426345,120.27633294467654,3.088134259572147,54.225594736635685,0.99399334192276,1
1862,-994.8484497070312,610.64306640625,-1004.25244140625,612.1629638671875,23.45624351501465,120.27645874023438,23.456256253468137,120.27636701686265,9.52602478323143,53.69436088949442,0.9066252112388611,1
1863,-994.8484497070312,610.64306640625,-1001.2442626953125,606.8220825195312,23.45624351501465,120.27645874023438,23.456208275514687,120.27639647277854,7.450257823970353,54.209496825933456,0.9159690141677856,1
1864,-994.8484497070312,610.64306640625,-997.2604370117188,610.9469604492188,23.45624351501465,120.27645874023438,23.45624532992358,120.27643548217443,2.431056220519296,56.024146266281605,0.9659438729286194,1
1865,-984.9423828125,609.2515869140625,-990.84765625,607.7550659179688,23.45623016357422,120.27655792236328,23.456216656647154,120.27649827576116,6.091947920279071,54.79872040450573,0.9418352246284485,1
1866,-984.9423828125,609.2515869140625,-984.0670776367188,609.0842895507812,23.45623016357422,120.27655792236328,23.456228597266207,120.27656467080364,0.8911495713460807,54.584598168730736,0.9725695848464966,1
1867,-984.9423828125,609.2515869140625,-987.7283935546875,609.1893310546875,23.45623016357422,120.27655792236328,23.45622954087009,120.27652881940513,2.786706236331821,54.69495337456465,0.9818422794342041,1
1868,-975.0260620117188,607.804443359375,-989.3601684570312,608.8713989257812,23.45621681213379,120.27664947509766,23.456226684837183,120.27651284115754,14.373760877593401,54.810221306979656,0.8874834179878235,1
1869,-975.0260620117188,607.804443359375,-975.3179931640625,610.08544921875,23.45621681213379,120.27664947509766,23.456237590836523,120.27665034134422,2.299611168917874,54.07345201820135,0.8582752346992493,1
1870,-975.0260620117188,607.804443359375,-975.2848510742188,610.5637817382812,23.45621681213379,120.27664947509766,23.456241887770652,120.2766506658697,2.771447287641351,53.65033820271492,0.3896755874156952,1
1871,-965.1505737304688,606.3906860351562,-970.5718383789062,614.104248046875,23.45620346069336,120.27674865722656,23.456273692320632,120.27669681542358,9.42810422603764,53.14983893185854,0.40908241271972656,1
1872,-965.1505737304688,606.3906860351562,-965.0562133789062,611.1025390625,23.45620346069336,120.27674865722656,23.45624672751004,120.27675082411179,4.712797770670354,54.284580051898956,0.5104178786277771,1
1873,-955.33642578125,604.8989868164062,-959.8571166992188,612.476318359375,23.45619010925293,120.27684783935547,23.456259068379435,120.27680173337258,8.82341202074766,55.014767684042454,0.7087219953536987,1
1874,-955.33642578125,604.8989868164062,-958.3018798828125,611.9924926757812,23.45619010925293,120.27684783935547,23.45625472209937,120.27681696216358,7.688416183159006,54.67075202614069,0.752521276473999,1
1875,-955.33642578125,604.8989868164062,-962.0208129882812,610.951171875,23.45619010925293,120.27684783935547,23.45624536775546,120.27678054658084,9.017204462414528,52.867477759718895,0.974389374256134,1
1876,-946.4004516601562,603.6410522460938,-954.562255859375,602.6245727539062,23.456180572509766,120.27693176269531,23.456170568642907,120.27685358035062,8.224857344928395,53.58526762574911,0.9265400171279907,1
1877,-946.4004516601562,603.6410522460938,-950.2222900390625,605.2923583984375,23.456180572509766,120.27693176269531,23.4561945337691,120.2768960770506,4.163323264322514,52.71497368812561,0.8419022560119629,1
1878,-946.4004516601562,603.6410522460938,-953.5442504882812,604.2783203125,23.456180572509766,120.27693176269531,23.45618542450999,120.27686354860167,7.172166498707437,53.056634962558746,0.9880614280700684,1
1879,-939.384521484375,602.728271484375,-946.156005859375,604.5986328125,23.4561710357666,120.2770004272461,23.456188301926133,120.27693589387542,7.025044636058525,52.82832682132721,0.9623816013336182,1
1880,-939.384521484375,602.728271484375,-943.177978515625,604.5164184570312,23.4561710357666,120.2770004272461,23.456187563382013,120.27696505455083,4.193779422401681,52.97642294317484,0.8975216746330261,1
1881,-939.384521484375,602.728271484375,-941.8585815429688,607.98388671875,23.4561710357666,120.2770004272461,23.45621871217938,120.2769779740114,5.808826444758313,52.72888392210007,0.6046100854873657,1
1882,-934.6356811523438,602.1048583984375,-935.0928955078125,606.9591064453125,23.456165313720703,120.27704620361328,23.456209506421555,120.27704422322661,4.875732669808349,55.41901756078005,0.9441380500793457,1
1883,-934.6356811523438,602.1048583984375,-931.6510009765625,599.095458984375,23.456165313720703,120.27704620361328,23.45613886607452,120.27707792606328,4.238490366281527,56.77429959177971,0.9528911709785461,1
1884,-934.6356811523438,602.1048583984375,-932.0008544921875,601.4678955078125,23.456165313720703,120.27704620361328,23.45616017803442,120.27707450031744,2.710725595316408,56.29372503608465,0.9501370787620544,1
1885,-932.1132202148438,601.7374877929688,-927.7427978515625,603.3330078125,23.45616340637207,120.2770767211914,23.45617693262332,120.27711619496736,4.652555831604158,55.849816650152206,0.904883086681366,1
1886,-932.1132202148438,601.7374877929688,-927.6397705078125,603.4730224609375,23.45616340637207,120.2770767211914,23.456178190396304,120.27711720380529,4.798315627911463,56.27061519771814,0.5546709299087524,1
1887,-932.1132202148438,601.7374877929688,-933.7332763671875,604.1995239257812,23.45616340637207,120.2770767211914,23.456184716670002,120.27705753654037,2.9472366474413225,56.053937412798405,0.9113065004348755,1
1888,-931.551513671875,601.5593872070312,-932.6185913085938,609.3344116210938,23.456161499023438,120.2770767211914,23.456230844150994,120.27706845147345,7.8479079583066715,55.994720198214054,0.34689080715179443,1
1889,-931.551513671875,601.5593872070312,-927.7031860351562,606.089111328125,23.456161499023438,120.2770767211914,23.456201691122445,120.27711658284403,5.943738403795364,56.509112007915974,0.4975370466709137,1
1890,-931.551513671875,601.5593872070312,-935.4190673828125,604.265380859375,23.456161499023438,120.2770767211914,23.456185308272904,120.27704102937004,4.720209037056632,55.875176563858986,0.9981603026390076,1
1891,-931.7149658203125,601.5037231445312,-937.6417236328125,605.4056396484375,23.456159591674805,120.2770767211914,23.456195551391883,120.27701926524568,7.095872784336382,56.15807976573706,0.8992627263069153,1
1892,-931.7149658203125,601.5037231445312,-928.9989624023438,604.8809814453125,23.456159591674805,120.2770767211914,23.456190838307055,120.2771038946751,4.333883731321572,56.05639889836311,0.5251421928405762,1
1893,-931.7149658203125,601.5037231445312,-931.5128784179688,604.5199584960938,23.456159591674805,120.2770767211914,23.456187595182723,120.27707927855157,3.022997686767458,55.55490776896477,0.4772333800792694,1
1894,-931.7251586914062,601.5260009765625,-927.76220703125,607.2368774414062,23.456161499023438,120.2770767211914,23.456212001680868,120.27711600491378,6.95119384404157,56.342724710702896,0.6802940964698792,1
1895,-931.7251586914062,601.5260009765625,-927.5816650390625,605.8681030273438,23.456161499023438,120.2770767211914,23.456199705771102,120.27711777277075,6.001865532183447,55.976771749556065,0.4584919512271881,1
1896,-931.7251586914062,601.5260009765625,-933.508056640625,603.9931030273438,23.456161499023438,120.2770767211914,23.456182862359523,120.2770597418792,3.0438984257523236,55.539646185934544,0.8687124252319336,1
1897,-931.61279296875,601.4703369140625,-935.1626586914062,603.757568359375,23.456159591674805,120.2770767211914,23.456180746515603,120.27704354010946,4.222910647091184,55.82298059016466,0.8100513815879822,1
1898,-931.61279296875,601.4703369140625,-928.1406860351562,599.1700439453125,23.456159591674805,120.2770767211914,23.456139536082627,120.27711229886876,4.164957898993756,55.98090589046478,0.7876628637313843,1
1899,-931.0307006835938,600.9471435546875,-926.6911010742188,601.0037841796875,23.45615577697754,120.27708435058594,23.456156008851423,120.27712649312275,4.339969231467896,55.585973896086216,0.8084454536437988,1
1900,-931.0307006835938,600.9471435546875,-930.5045166015625,599.9114990234375,23.45615577697754,120.27708435058594,23.45614619668692,120.27708915237348,1.1616493805323107,55.44934421777725,0.6281542778015137,1
1901,-931.0307006835938,600.9471435546875,-926.6629638671875,603.9239501953125,23.45615577697754,120.27708435058594,23.45618224114906,120.2771267686407,5.285688476732213,54.69746422022581,0.891427218914032,1
1902,-929.263916015625,599.6558227539062,-922.5453491210938,600.2568969726562,23.456144332885742,120.277099609375,23.45614929944949,120.27716708809153,6.745400754049918,54.29415963590145,0.849625289440155,1
1903,-929.263916015625,599.6558227539062,-923.6298828125,602.3156127929688,23.456144332885742,120.277099609375,23.45616779320836,120.27715646839893,6.230314051940804,55.147722363471985,0.852144181728363,1
1904,-929.263916015625,599.6558227539062,-921.0126342773438,597.8875732421875,23.456144332885742,120.277099609375,23.456128015452286,120.27718209634864,8.438622912548425,54.054019972682,0.9349249005317688,1
1905,-925.8631591796875,597.5296020507812,-927.909423828125,596.538330078125,23.456125259399414,120.27713775634766,23.456115894994724,120.27711456337522,2.273723627712669,56.970372796058655,0.9350835084915161,1
1906,-925.8631591796875,597.5296020507812,-930.0428466796875,596.0919799804688,23.456125259399414,120.27713775634766,23.456111885363576,120.27709367301925,4.4200163817236975,55.23868929594755,0.6880820989608765,1
1907,-925.8631591796875,597.5296020507812,-931.3466796875,596.1143188476562,23.456125259399414,120.27713775634766,23.456112086037034,120.27708090596015,5.663216727677656,54.69691473990679,0.5322627425193787,1
1908,-920.7365112304688,594.1677856445312,-927.6073608398438,592.1659545898438,23.45609474182129,120.27718353271484,23.456076617277432,120.27711752115893,7.156528622604668,54.131376557052135,0.5591230988502502,1
1909,-920.7365112304688,594.1677856445312,-930.2256469726562,594.3327026367188,23.45609474182129,120.27718353271484,23.456096081506306,120.27709188304912,9.490568726265696,54.08899951726198,0.6900926828384399,1
1910,-920.7365112304688,594.1677856445312,-924.551025390625,589.6995849609375,23.45609474182129,120.27718353271484,23.456054461502095,120.27714744862287,5.874975372450526,53.93460765480995,0.8100705742835999,1
1911,-913.8124389648438,589.7261352539062,-923.1212158203125,590.6575927734375,23.4560546875,120.27725219726562,23.456063067432698,120.27716144923737,9.355262671651822,54.73276320844889,0.20464256405830383,1
1912,-913.8124389648438,589.7261352539062,-912.659912109375,593.3284912109375,23.4560546875,120.27725219726562,23.456087060521583,120.27726388573194,3.782233016848012,54.204611107707024,0.8214610815048218,1
1913,-913.8124389648438,589.7261352539062,-913.3147583007812,592.002197265625,23.4560546875,120.27725219726562,23.45607514622036,120.27725747351505,2.3298378322473203,53.81081532686949,0.8656759858131409,1
1914,-905.85693359375,584.5609130859375,-911.07666015625,592.16650390625,23.456008911132812,120.27732849121094,23.456076622212027,120.27727938884557,9.2244542989431,54.33755088597536,0.9460957646369934,1
1915,-905.85693359375,584.5609130859375,-908.5698852539062,590.8405151367188,23.456008911132812,120.27732849121094,23.456064710652246,120.2773039350437,6.840578091544649,54.63795643299818,0.332599937915802,1
1916,-905.85693359375,584.5609130859375,-905.0592651367188,584.2963256835938,23.456008911132812,120.27732849121094,23.456005923198166,120.27733831083744,0.8404055335501002,54.676830768585205,0.9600478410720825,1
1917,-897.5337524414062,579.2509765625,-897.7986450195312,583.4816284179688,23.455961227416992,120.27741241455078,23.45599860464811,120.2774094064192,4.238936564767971,54.47395332157612,0.9476813673973083,1
1918,-897.5337524414062,579.2509765625,-896.4286499023438,582.9680786132812,23.455961227416992,120.27741241455078,23.455993991351722,120.27742282133394,3.877898822528066,55.89207261800766,0.9174548387527466,1
1919,-889.0574340820312,573.8408203125,-894.8509521484375,580.2512817382812,23.45591163635254,120.27749633789062,23.455969585950154,120.27743827006117,8.64053628412062,56.04783818125725,0.8554201126098633,1
1920,-889.0574340820312,573.8408203125,-887.7296752929688,573.6527709960938,23.45591163635254,120.27749633789062,23.455910310519634,120.27750800120158,1.3410093017326816,55.74324540793896,0.7522204518318176,1
1921,-889.0574340820312,573.8408203125,-885.92431640625,575.7048950195312,23.45591163635254,120.27749633789062,23.455928745063385,120.27752567917373,3.6457099286265966,55.77289592474699,0.42229101061820984,1
1922,-880.5402221679688,568.4974975585938,-889.3165283203125,575.849853515625,23.45586395263672,120.27758026123047,23.455930047247712,120.27749246282643,11.449047462499212,55.281863547861576,0.4270467758178711,1
1923,-880.5402221679688,568.4974975585938,-882.3900756835938,573.607421875,23.45586395263672,120.27758026123047,23.45590990314155,120.27756028625912,5.434453472859075,55.03636784851551,0.9856711030006409,1
1924,-880.5402221679688,568.4974975585938,-881.5372314453125,573.1672973632812,23.45586395263672,120.27758026123047,23.455905949435788,120.27756863726168,4.775045310252974,54.76831551641226,0.9701873064041138,1
1925,-872.1965942382812,563.220947265625,-872.2529296875,568.364501953125,23.4558162689209,120.27765655517578,23.455862805190556,120.27765954861967,5.143863188902083,54.48488239198923,0.8977727293968201,1
1926,-872.1965942382812,563.220947265625,-878.1679077148438,567.5817260742188,23.4558162689209,120.27765655517578,23.455855773395196,120.27760162948918,7.394117692656593,55.61440344899893,0.9471524357795715,1
1927,-872.1965942382812,563.220947265625,-872.6844482421875,568.4130859375,23.4558162689209,120.27765655517578,23.455863241627913,120.27765532321438,5.215007719755287,56.68146722018719,0.9209054708480835,1
1928,-863.9551391601562,557.9443969726562,-867.7925415039062,559.087646484375,23.455768585205078,120.27774047851562,23.455779469779994,120.27770322448862,4.004082440942388,56.1824357137084,0.9906773567199707,1
1929,-863.9551391601562,557.9443969726562,-868.696533203125,556.7325439453125,23.455768585205078,120.27774047851562,23.455758313533927,120.277694372653,4.8938129541883555,54.84734661877155,0.9706624746322632,1
1930,-863.9551391601562,557.9443969726562,-867.8755493164062,558.5449829101562,23.455768585205078,120.27774047851562,23.455774594950164,120.27770241168082,3.9661466515436494,56.12133536487818,0.9911870360374451,1
1931,-855.5911254882812,552.5899658203125,-862.5462036132812,557.5428466796875,23.455720901489258,120.27782440185547,23.45576559260724,120.27775459633268,8.538392151454321,56.18872120976448,0.939832329750061,1
1932,-855.5911254882812,552.5899658203125,-863.4317626953125,557.1058349609375,23.455720901489258,120.27782440185547,23.455761666864177,120.27774592498821,9.048130520031858,57.75987450033426,0.8915386199951172,1
1933,-855.5911254882812,552.5899658203125,-858.2469482421875,560.3997192382812,23.455720901489258,120.27782440185547,23.45579125633008,120.27779669439825,8.248978297319054,56.98890704661608,0.9811099767684937,1
1934,-847.186279296875,547.1575317382812,-855.8854370117188,556.1798706054688,23.455673217773438,120.27790832519531,23.455753348784846,120.27781981818272,12.533073987736918,59.16868429630995,0.9994274377822876,1
1935,-847.186279296875,547.1575317382812,-851.351318359375,551.0145874023438,23.455673217773438,120.27790832519531,23.455706948256363,120.27786421601625,5.6766564796390035,65.36814849823713,0.9644208550453186,1
1936,-838.7200927734375,541.758544921875,-848.6671752929688,550.4750366210938,23.455623626708984,120.27798461914062,23.45570210138923,120.27789049899343,13.225795937973395,65.87618589401245,0.7568561434745789,1
1937,-838.7200927734375,541.758544921875,-838.17236328125,550.1624755859375,23.455623626708984,120.27798461914062,23.45569929360568,120.2779932635994,8.421760991798683,64.72136173397303,0.9696630239486694,1
1938,-838.7200927734375,541.758544921875,-840.311279296875,546.3334350585938,23.455623626708984,120.27798461914062,23.455664896749386,120.27797231945468,4.843706671074914,56.89243786036968,0.9910343289375305,1
1939,-830.2846069335938,536.3929443359375,-829.6510620117188,538.0897827148438,23.455575942993164,120.27806854248047,23.455590842760415,120.27807670369972,1.8112536134298782,56.51313439011574,0.9954381585121155,1
1940,-830.2846069335938,536.3929443359375,-829.1713256835938,538.9111328125,23.455575942993164,120.27806854248047,23.455598221073878,120.27808140125073,2.7533013538466373,55.21297734230757,0.9948216676712036,1
1941,-830.2846069335938,536.3929443359375,-830.6253662109375,538.6190185546875,23.455575942993164,120.27806854248047,23.45559559696685,120.27806716336808,2.2520042878465523,56.42380937933922,0.9810746312141418,1
1942,-821.8286743164062,530.949462890625,-828.1815795898438,537.5673217773438,23.45552635192871,120.27815246582031,23.455586149413957,120.27809109278853,9.17362859820433,54.84463553875685,0.8148803114891052,1
1943,-821.8286743164062,530.949462890625,-827.0806274414062,532.0990600585938,23.45552635192871,120.27815246582031,23.455537027183162,120.27810187324974,5.376298473466576,55.58330565690994,0.9932314157485962,1
1944,-821.8286743164062,530.949462890625,-825.372802734375,531.7120361328125,23.45552635192871,120.27815246582031,23.455533550488084,120.27811859617273,3.625239880718796,56.53277784585953,0.9524444937705994,1
1945,-813.5157470703125,525.5281982421875,-823.8602905273438,530.298583984375,23.45547866821289,120.27823638916016,23.455520853231402,120.27813340660676,11.391495049539099,64.46170341223478,0.9862298965454102,1
1946,-813.5157470703125,525.5281982421875,-823.4190673828125,529.4501342773438,23.45547866821289,120.27823638916016,23.455513231478005,120.27813772703885,10.651635342792778,65.26426784694195,0.9007031917572021,1
1947,-813.5157470703125,525.5281982421875,-822.1381225585938,522.0105590820312,23.45547866821289,120.27823638916016,23.45544640063695,120.27815026997816,9.312311438197185,64.1817394644022,0.8018121123313904,1
1948,-805.049560546875,520.1180419921875,-810.5228881835938,517.8366088867188,23.455429077148438,120.2783203125,23.455408905404397,120.27826400569657,5.929776760856858,63.94702848047018,0.8132255673408508,1
1949,-805.049560546875,520.1180419921875,-810.3646850585938,520.0888061523438,23.455429077148438,120.2783203125,23.455429137236663,120.27826555481262,5.315204916972144,64.249062910676,0.9703609943389893,1
1950,-805.049560546875,520.1180419921875,-803.8156127929688,517.3403930664062,23.455429077148438,120.2783203125,23.45540444782184,120.27832968295803,3.039401357876911,54.33365888893604,0.85401451587677,1
1951,-796.5936279296875,514.75244140625,-797.9176635742188,515.7251586914062,23.455381393432617,120.27839660644531,23.455389937924576,120.27838743534339,1.6429392273699683,53.80557756870985,0.993000864982605,1
1952,-796.5936279296875,514.75244140625,-799.8145751953125,516.6224975585938,23.455381393432617,120.27839660644531,23.45539799885677,120.27836886089202,3.7244612094712273,54.24337740987539,0.9979844093322754,1
1953,-796.5936279296875,514.75244140625,-794.8445434570312,517.3645629882812,23.455381393432617,120.27839660644531,23.45540466494394,120.27841752716185,3.1436405093141033,55.72189576923847,0.9655601382255554,1
1954,-788.1683349609375,509.4202575683594,-787.201904296875,513.3114013671875,23.455333709716797,120.27848052978516,23.45536825477361,120.27849236345249,4.009362579213666,54.57804724574089,0.9967216849327087,1
1955,-788.1683349609375,509.4202575683594,-788.658935546875,513.1689453125,23.455333709716797,120.27848052978516,23.455366975069097,120.27847809628484,3.780654538303169,54.58152201026678,0.9670531749725342,1
1956,-779.8247680664062,504.0101318359375,-781.5188598632812,510.4183654785156,23.455284118652344,120.278564453125,23.455342266190048,120.27854801150232,6.628378793800885,55.18714431673288,0.987200140953064,1
1957,-779.8247680664062,504.0101318359375,-782.2139282226562,508.91180419921875,23.455284118652344,120.278564453125,23.45532873251981,120.27854120543223,5.45293299144302,53.66690084338188,0.9954782128334045,1
1958,-779.8247680664062,504.0101318359375,-781.3414306640625,507.5902099609375,23.455284118652344,120.278564453125,23.455316860436774,120.27854974887902,3.8880875525421135,53.293464705348015,0.9526618719100952,1
1959,-771.40966796875,498.533203125,-772.61083984375,498.63555908203125,23.455236434936523,120.27864837646484,23.455236419439288,120.27863523833079,1.2055250371646369,54.51449751853943,0.9997523427009583,1
1960,-771.40966796875,498.533203125,-773.4525756835938,498.7302551269531,23.455236434936523,120.27864837646484,23.455237270108334,120.27862699610104,2.052389198675984,53.661213256418705,0.7782400846481323,1
1961,-771.40966796875,498.533203125,-772.1544799804688,496.7601318359375,23.455236434936523,120.27864837646484,23.455219572189694,120.27863970698078,1.923155409450387,53.667579777538776,0.998619794845581,1
1962,-763.045654296875,493.1564636230469,-768.8345947265625,496.3965148925781,23.45518684387207,120.27873229980469,23.455216305763116,120.27867221510952,6.633985493476872,54.357193410396576,0.9987034797668457,1
1963,-763.045654296875,493.1564636230469,-764.3065185546875,495.6232604980469,23.45518684387207,120.27873229980469,23.455209359500707,120.27871655377542,2.7703547605205427,53.324523381888866,0.898894190788269,1
1964,-763.045654296875,493.1564636230469,-759.7191162109375,493.5222473144531,23.45518684387207,120.27873229980469,23.455190485778157,120.27876147335986,3.3465883144019237,53.74262761324644,0.9962630867958069,1
1965,-754.5693359375,487.8131408691406,-758.6600952148438,491.090087890625,23.45513916015625,120.27880859375,23.45516863731832,120.27877184323359,5.241439997442428,54.03250828385353,0.9890539646148682,1
1966,-754.5693359375,487.8131408691406,-753.5225219726562,494.6484069824219,23.45513916015625,120.27880859375,23.455200602242577,120.27882215006035,6.914960760290896,53.8723636418581,0.979935348033905,1
1967,-754.5693359375,487.8131408691406,-747.8626708984375,491.04315185546875,23.45513916015625,120.27880859375,23.45516821568474,120.27887757100213,7.443945655227716,53.61447762697935,0.9974156618118286,1
1968,-746.072509765625,482.3918762207031,-744.8027954101562,490.1307067871094,23.455089569091797,120.27889251708984,23.45516001905123,120.27890753312994,7.842300241640019,53.51633112877607,0.9745379090309143,1
1969,-746.072509765625,482.3918762207031,-741.7557373046875,483.693603515625,23.455089569091797,120.27889251708984,23.45510219356869,120.27893736975066,4.508771277172199,53.70728950947523,0.9928267002105713,1
1970,-746.072509765625,482.3918762207031,-738.2899169921875,483.14141845703125,23.455089569091797,120.27889251708984,23.455097233205912,120.27897130686725,7.818603701505874,53.710599429905415,0.992420494556427,1
1971,-737.6676635742188,476.92608642578125,-733.7890014648438,479.1717834472656,23.455041885375977,120.27897644042969,23.455061573367896,120.27901537957766,4.481871804392124,53.84831875562668,0.9691880941390991,1
1972,-737.6676635742188,476.92608642578125,-739.0805053710938,478.0801086425781,23.455041885375977,120.27897644042969,23.45505176668627,120.27896356547053,1.8242503172146505,54.89406082779169,0.9626773595809937,1
1973,-737.6676635742188,476.92608642578125,-743.6593627929688,474.5916442871094,23.455041885375977,120.27897644042969,23.455020429277784,120.27891872955749,6.430402757742028,53.60166449099779,0.910878598690033,1
1974,-729.283203125,471.5159606933594,-733.9951782226562,476.8549499511719,23.454992294311523,120.27906036376953,23.45504076089849,120.2790133607065,7.120920980882312,53.87216620147228,0.93862384557724,1
1975,-729.283203125,471.5159606933594,-733.1375732421875,477.5777282714844,23.454992294311523,120.27906036376953,23.455047253726615,120.279021758326,7.1833971887593275,56.29827827215195,0.9433459639549255,1
1976,-720.8783569335938,466.12811279296875,-724.4426879882812,467.41064453125,23.454944610595703,120.27914428710938,23.454955921259426,120.27910689815089,3.7880527355236793,56.892186403274536,0.5987048149108887,1
1977,-720.8783569335938,466.12811279296875,-725.755859375,465.4421081542969,23.454944610595703,120.27914428710938,23.454938237596277,120.2790940396509,4.925508342313843,56.184347718954086,0.9916382431983948,1
1978,-720.8783569335938,466.12811279296875,-728.868896484375,465.73455810546875,23.454944610595703,120.27914428710938,23.45494086471889,120.2790635569675,8.000225472113435,55.834188126027584,0.4723532199859619,1
1979,-712.4530639648438,460.76251220703125,-725.2584838867188,465.6256408691406,23.454896926879883,120.27922058105469,23.454939886298707,120.27909890992358,13.697766232484144,54.54027932137251,0.2412760853767395,1
1980,-712.4530639648438,460.76251220703125,-715.7625122070312,465.0136413574219,23.454896926879883,120.27922058105469,23.454934388613555,120.27919189394146,5.387443430888054,54.752156138420105,0.3897671699523926,1
1981,-712.4530639648438,460.76251220703125,-714.8885498046875,464.5837097167969,23.454896926879883,120.27922058105469,23.454930526471916,120.27920045173191,4.531350977878279,56.75056204199791,0.5249609351158142,1
1982,-704.00732421875,455.3301086425781,-706.258544921875,460.8920593261719,23.45484733581543,120.27930450439453,23.454897363812222,120.27928495625187,6.000274165478407,54.96932193636894,0.2175087183713913,1
1983,-704.00732421875,455.3301086425781,-701.8983154296875,453.8357849121094,23.45484733581543,120.27930450439453,23.45483397622067,120.27932765137258,2.5847478569069198,57.30062164366245,0.9338930249214172,1
1984,-704.00732421875,455.3301086425781,-702.5721435546875,454.8074645996094,23.45484733581543,120.27930450439453,23.454842704967817,120.27932105328567,1.5273834928234622,66.63716770708561,0.8043902516365051,1
1985,-695.6535034179688,449.9867858886719,-702.6088256835938,449.197265625,23.45479965209961,120.27938842773438,23.45479230769296,120.27932069409634,6.999989290380907,67.27245636284351,0.9515275359153748,1
1986,-695.6535034179688,449.9867858886719,-700.2515869140625,446.958251953125,23.45479965209961,120.27938842773438,23.45477219429093,120.27934377604512,5.505850491596077,59.02210529893637,0.8774030208587646,1
1987,-695.6535034179688,449.9867858886719,-695.5642700195312,449.6846923828125,23.45479965209961,120.27938842773438,23.45479668632202,120.27938967398718,0.314996961380763,56.341854855418205,0.9294369220733643,1
1988,-687.2691040039062,444.55438232421875,-694.1725463867188,450.2484130859375,23.454750061035156,120.27947235107422,23.45480175031126,120.27940330166632,8.948715161866051,55.51090370863676,0.6643266677856445,1
1989,-687.2691040039062,444.55438232421875,-692.550048828125,450.12542724609375,23.454750061035156,120.27947235107422,23.45480064551066,120.27941918907071,7.676256884575452,57.59443901479244,0.5068545341491699,1
1990,-687.2691040039062,444.55438232421875,-690.579833984375,443.7318115234375,23.454750061035156,120.27947235107422,23.454743210683414,120.27943848130307,3.411386188321767,55.57152722030878,0.9232292771339417,1
1991,-678.8131713867188,439.1553955078125,-688.24609375,445.35723876953125,23.454702377319336,120.27955627441406,23.4547578121448,120.27946133315554,11.289060375187024,57.46809020638466,0.5361711382865906,1
1992,-678.8131713867188,439.1553955078125,-685.5846557617188,443.4032287597656,23.454702377319336,120.27955627441406,23.45474025897423,120.27948739380587,7.993565410833129,56.49266205728054,0.76637202501297,1
1993,-678.8131713867188,439.1553955078125,-687.1365966796875,442.43408203125,23.454702377319336,120.27955627441406,23.45473155298104,120.27947219728813,8.945903751248535,57.337467558681965,0.4392629563808441,1
1994,-670.2755126953125,433.75640869140625,-677.281005859375,440.89691162109375,23.454652786254883,120.2796401977539,23.454717744344304,120.27956870267631,10.003185320716707,57.27347079664469,0.9589242339134216,1
1995,-670.2755126953125,433.75640869140625,-668.7991943359375,438.1942138671875,23.454652786254883,120.2796401977539,23.4546934655973,120.27965175609529,4.676925344328103,57.237313129007816,0.8653395175933838,1
1996,-670.2755126953125,433.75640869140625,-671.406005859375,430.51910400390625,23.454652786254883,120.2796401977539,23.454624518912322,120.2796262303442,3.4290168319361625,58.03969781845808,0.9479287266731262,1
1997,-661.9114990234375,428.4353332519531,-666.0638427734375,427.11016845703125,23.454605102539062,120.27971649169922,23.454593895923278,120.27967854050317,4.358671856410436,57.29196406900883,0.9972748160362244,1
1998,-661.9114990234375,428.4353332519531,-658.6117553710938,426.4176330566406,23.454605102539062,120.27971649169922,23.45458767477193,120.27975151092176,3.867741233503991,57.63814505189657,0.8920486569404602,1
1999,-653.578125,423.0697326660156,-660.5960693359375,427.2197265625,23.454557418823242,120.27980041503906,23.454594880100487,120.27973208063158,8.153158409056873,56.68413918465376,0.7578760981559753,1
2000,-653.578125,423.0697326660156,-660.4293212890625,425.65570068359375,23.454557418823242,120.27980041503906,23.45458083021697,120.27973371341903,7.322985810391872,64.72062040120363,0.9486585259437561,1
2001,-653.578125,423.0697326660156,-658.72509765625,426.8201904296875,23.454557418823242,120.27980041503906,23.454591291006338,120.2797504010805,6.368458287629104,64.00706898421049,0.3738311231136322,1
2002,-645.2549438476562,417.71527099609375,-653.4043579101562,422.69781494140625,23.454509735107422,120.2798843383789,23.45455425907726,120.27980250146332,9.551894771669284,65.31679909676313,0.9959505796432495,1
2003,-645.2549438476562,417.71527099609375,-647.9424438476562,419.8047790527344,23.454509735107422,120.2798843383789,23.454528270493697,120.27985598421706,3.404217996657394,65.04676397889853,0.986965537071228,1
2004,-645.2549438476562,417.71527099609375,-650.2553100585938,417.2192077636719,23.454509735107422,120.2798843383789,23.454505043911624,120.27983333676188,5.024912036448628,58.864353224635124,0.9746478796005249,1
2005,-636.7581787109375,412.29400634765625,-650.7454223632812,416.28662109375,23.45446014404297,120.27996826171875,23.45449666634303,120.27982853760989,14.545925804181588,60.200149193406105,0.9513387084007263,1
2006,-636.7581787109375,412.29400634765625,-645.1498413085938,409.0129699707031,23.45446014404297,120.27996826171875,23.45443132602328,120.27988332922327,9.01028306213476,56.83912429958582,0.932259202003479,1
2007,-636.7581787109375,412.29400634765625,-644.0700073242188,408.0303649902344,23.45446014404297,120.27996826171875,23.454422499132555,120.2798939028966,8.464128738075566,58.12492035329342,0.933901309967041,1
2008,-628.3430786132812,406.81707763671875,-631.6519775390625,405.03857421875,23.45441246032715,120.28004455566406,23.454395623418787,120.28001549954229,3.7565790965668273,57.97920934855938,0.996480405330658,1
2009,-628.3430786132812,406.81707763671875,-631.0916137695312,403.5931701660156,23.45441246032715,120.28004455566406,23.454382639133264,120.28002098659265,4.23651093292554,56.852540001273155,0.9651141166687012,1
2010,-628.3430786132812,406.81707763671875,-632.20361328125,400.6784973144531,23.45441246032715,120.28004455566406,23.454356456181557,120.28001009795628,7.251613358108342,56.94029852747917,0.9572385549545288,1
2011,-619.9177856445312,401.4403381347656,-623.555908203125,399.1945495605469,23.454362869262695,120.2801284790039,23.454343125652073,120.28009477579556,4.275453434600852,59.378987178206444,0.9446276426315308,1
2012,-619.9177856445312,401.4403381347656,-617.9571533203125,396.8769226074219,23.454362869262695,120.2801284790039,23.454322306054927,120.28014959848689,4.966773639494099,59.47144888341427,0.9010978937149048,1
2013,-619.9177856445312,401.4403381347656,-621.9358520507812,395.8703918457031,23.454362869262695,120.2801284790039,23.454313264235253,120.28011063929384,5.924263134186048,61.267915181815624,0.9947512745857239,1
2014,-611.5435791015625,396.1526794433594,-620.3859252929688,395.4898681640625,23.454315185546875,120.28021240234375,23.454309845932862,120.28012581608903,8.867153148595087,55.82703370600939,0.8449728488922119,1
2015,-611.5435791015625,396.1526794433594,-613.6726684570312,392.6761474609375,23.454315185546875,120.28021240234375,23.454284569849733,120.28019155192048,4.076677091501423,54.495236836373806,0.9931463003158569,1
2016,-611.5435791015625,396.1526794433594,-612.42578125,393.8766174316406,23.454315185546875,120.28021240234375,23.454295353854963,120.28020376136952,2.441052828575601,55.000326596200466,0.8339338898658752,1
2017,-602.9548950195312,390.5087585449219,-609.7581176757812,386.35546875,23.454265594482422,120.2802963256836,23.454227790226813,120.28022988298044,7.970800124900605,55.33525254577398,0.9983059167861938,1
2018,-602.9548950195312,390.5087585449219,-604.4257202148438,385.0764465332031,23.454265594482422,120.2802963256836,23.454216300574753,120.28028209751494,5.627907297373498,55.38094136863947,0.980026364326477,1
2019,-594.478515625,385.0541076660156,-602.6987915039062,381.61712646484375,23.45421600341797,120.28038024902344,23.454185224973852,120.28029900750326,8.909869544641873,55.497078225016594,0.998719334602356,1
2020,-594.478515625,385.0541076660156,-601.157958984375,380.9211730957031,23.45421600341797,120.28038024902344,23.454178973118367,120.2803140952482,7.854687247343649,55.33329024910927,0.9839937686920166,1
2021,-594.478515625,385.0541076660156,-601.7658081054688,380.1756286621094,23.45421600341797,120.28038024902344,23.45417227577877,120.28030814322396,8.76950335466328,54.63522393256426,0.8885746002197266,1
2022,-586.0634155273438,379.721923828125,-589.3735961914062,380.7565002441406,23.45416831970215,120.28046417236328,23.454177493836973,120.2804294870625,3.4680894436719747,54.38083969056606,0.9060635566711426,1
2023,-586.0634155273438,379.721923828125,-589.75,380.7099609375,23.45416831970215,120.28046417236328,23.454177075767266,120.2804258013377,3.8166899800130825,55.22799212485552,0.9996658563613892,1
2024,-586.0634155273438,379.721923828125,-592.7131958007812,380.08856201171875,23.45416831970215,120.28046417236328,23.45417149364574,120.28039678589192,6.659879972091648,54.19470556080341,0.9991348385810852,1
2025,-577.7300415039062,374.3674621582031,-587.2447509765625,380.2625732421875,23.454120635986328,120.2805404663086,23.454173056815222,120.28045033259451,11.192945592719104,55.72526901960373,0.8950373530387878,1
2026,-577.7300415039062,374.3674621582031,-581.2034301757812,377.421142578125,23.454120635986328,120.2805404663086,23.45414753180928,120.28050948886629,4.624866805965747,55.47276604920626,0.9909215569496155,1
2027,-577.7300415039062,374.3674621582031,-573.736083984375,373.019775390625,23.454120635986328,120.2805404663086,23.45410799365512,120.28058260869808,4.215205367633396,55.114769376814365,0.9974898099899292,1
2028,-569.4885864257812,369.0352478027344,-572.8929443359375,368.799072265625,23.454072952270508,120.28062438964844,23.454070078433855,120.28059086467385,3.4125403535742014,56.8220941349864,0.999605119228363,1
2029,-569.4885864257812,369.0352478027344,-568.8140258789062,370.1351623535156,23.454072952270508,120.28062438964844,23.454082080735322,120.28063080521281,1.2902883206557432,56.18087947368622,0.9598753452301025,1
2030,-569.4885864257812,369.0352478027344,-567.4933471679688,369.29254150390625,23.454072952270508,120.28062438964844,23.454074511343443,120.2806437372241,2.0117603596300673,54.51989360153675,0.995359480381012,1
2031,-561.0428466796875,363.5694580078125,-558.7821044921875,365.61187744140625,23.454023361206055,120.28070831298828,23.454041447375612,120.28072903721994,3.0467084502892137,52.372757345438,0.9968536496162415,1
2032,-561.0428466796875,363.5694580078125,-558.3104248046875,365.6307373046875,23.454023361206055,120.28070831298828,23.454041616796648,120.28073365588078,3.4227184579956336,53.82735375314951,0.8971611857414246,1
2033,-561.0428466796875,363.5694580078125,-554.1116943359375,364.5388488769531,23.454023361206055,120.28070831298828,23.454031808196017,120.28077476961218,6.998613539083605,52.20146290957928,0.9970636963844299,1
2034,-552.535888671875,358.1036682128906,-553.5045776367188,361.7726135253906,23.4539737701416,120.28079223632812,23.45400695868106,120.28078071446457,3.7946696847981087,53.24455909430981,0.9682364463806152,1
2035,-552.535888671875,358.1036682128906,-548.9278564453125,359.015869140625,23.4539737701416,120.28079223632812,23.453982194424906,120.28082552945976,3.7215597644634175,53.56834828853607,0.9642474055290222,1
2036,-552.535888671875,358.1036682128906,-552.193603515625,358.4248046875,23.4539737701416,120.28079223632812,23.453976884802582,120.28079355144907,0.4693482326733794,51.396237686276436,0.9967103004455566,1
2037,-544.1207885742188,352.69354248046875,-554.15673828125,356.7806396484375,23.45392608642578,120.28087615966797,23.453962115016743,120.28077432854441,10.836265490586635,53.201635368168354,0.9906214475631714,1
2038,-544.1207885742188,352.69354248046875,-552.5656127929688,356.0264587402344,23.45392608642578,120.28087615966797,23.453955340094375,120.28078990875525,9.078732669276953,52.087425254285336,0.9697229862213135,1
2039,-535.562744140625,347.3502197265625,-538.9745483398438,350.8836975097656,23.453876495361328,120.28096008300781,23.453909141884214,120.28092299169009,4.911809558421089,54.72236126661301,0.998736560344696,1
2040,-535.562744140625,347.3502197265625,-540.427734375,348.55157470703125,23.453876495361328,120.28096008300781,23.453888192068632,120.28090876217458,5.011125998182563,52.71217320114374,0.9998971223831177,1
2041,-535.562744140625,347.3502197265625,-537.9096069335938,349.7075500488281,23.453876495361328,120.28096008300781,23.45389857637181,120.28093341953614,3.3263750866813013,57.762437500059605,0.8995922803878784,1
2042,-527.1578369140625,342.01800537109375,-532.74365234375,345.1430358886719,23.453828811645508,120.28103637695312,23.453857572643464,120.28098400427146,6.400558549871218,55.5339427664876,0.9999607801437378,1
2043,-527.1578369140625,342.01800537109375,-530.9258422851562,340.1855163574219,23.453828811645508,120.28103637695312,23.4538130384878,120.2810018041648,4.189973802044527,55.18586095422506,0.9994866847991943,1
2044,-527.1578369140625,342.01800537109375,-530.459716796875,340.28717041015625,23.453828811645508,120.28103637695312,23.453813951661694,120.28100636843922,3.72802902651326,55.733258835971355,0.9998055100440979,1
2045,-518.9061889648438,336.685791015625,-526.5906372070312,341.9569091796875,23.453781127929688,120.28112030029297,23.453828951180263,120.28104425424786,9.318553079012222,54.86869718879461,0.8743807077407837,1
2046,-518.9061889648438,336.685791015625,-525.5553588867188,341.0090637207031,23.453781127929688,120.28112030029297,23.453820436539637,120.28105439163465,7.931087411726132,54.57727238535881,0.8772777318954468,1
2047,-518.9061889648438,336.685791015625,-521.6041870117188,342.0355529785156,23.453781127929688,120.28112030029297,23.45382965764953,120.2810930812863,5.9915896488772225,55.075946263968945,0.8663981556892395,1
2048,-510.7157897949219,331.2756652832031,-516.15234375,338.1006164550781,23.453733444213867,120.28119659423828,23.45379430951332,120.28114646542733,8.725598971128202,55.241791531443596,0.7917305827140808,1
2049,-510.7157897949219,331.2756652832031,-517.6859130859375,330.848876953125,23.453733444213867,120.28119659423828,23.453729166029007,120.28113144880308,6.983177426547987,53.65948658436537,0.9927276372909546,1
2050,-510.7157897949219,331.2756652832031,-515.8103637695312,331.8033142089844,23.453733444213867,120.28119659423828,23.453737739884755,120.28114981407596,5.121825589733144,54.492125287652016,0.8524327278137207,1
2051,-502.0760192871094,325.68743896484375,-503.767578125,329.0241394042969,23.45368194580078,120.28128051757812,23.45371277413271,120.28126773635223,3.7409813050445146,54.48781233280897,0.9708258509635925,1
2052,-502.0760192871094,325.68743896484375,-501.83343505859375,326.7671813964844,23.45368194580078,120.28128051757812,23.45369249953397,120.2812866753718,1.1066575019443599,53.98336611688137,0.9872960448265076,1
2053,-502.0760192871094,325.68743896484375,-508.525146484375,326.09130859375,23.45368194580078,120.28128051757812,23.453686428065282,120.2812211505118,6.461760772704608,52.824958227574825,0.9961159229278564,1
2054,-493.44647216796875,320.3329772949219,-502.73944091796875,324.1748352050781,23.45363426208496,120.2813720703125,23.453669212091917,120.28127780381365,10.055801330093326,54.567680694162846,0.9586993455886841,1
2055,-493.44647216796875,320.3329772949219,-497.6517639160156,319.705322265625,23.45363426208496,120.2813720703125,23.453629061774055,120.28132762205925,4.251873648404055,53.16157732158899,0.8333803415298462,1
2056,-493.44647216796875,320.3329772949219,-496.37237548828125,321.6686096191406,23.45363426208496,120.2813720703125,23.453646698284423,120.28134014975842,3.2163370385134846,53.59502509236336,0.9854527115821838,1
2057,-485.0926818847656,315.1454772949219,-488.44171142578125,317.49871826171875,23.453588485717773,120.28144836425781,23.45360923951303,120.2814178063726,4.093133508011486,53.84241882711649,0.9931279420852661,1
2058,-485.0926818847656,315.1454772949219,-485.2857971191406,319.48529052734375,23.453588485717773,120.28144836425781,23.453627085195322,120.28144870890709,4.344107777904655,54.91550359874964,0.6309722065925598,1
2059,-476.8409729003906,309.791015625,-480.2695007324219,316.9810791015625,23.453540802001953,120.28153228759766,23.453604589481337,120.28149782819776,7.965664811678366,54.371912963688374,0.997132420539856,1
2060,-476.8409729003906,309.791015625,-473.1242980957031,316.2996520996094,23.453540802001953,120.28153228759766,23.45359846811843,120.28156779361807,7.495066401467997,54.58115506917238,0.986668586730957,1
2061,-476.8409729003906,309.791015625,-475.7563781738281,305.4177551269531,23.453540802001953,120.28153228759766,23.45350071437472,120.28154202043872,4.505746675598217,54.56281453371048,0.9907121062278748,1
2062,-468.4259033203125,304.2695617675781,-471.61138916015625,306.1354064941406,23.4534912109375,120.2816162109375,23.45350716114664,120.28158260793684,3.691706459008643,54.153273813426495,0.9199399948120117,1
2063,-468.4259033203125,304.2695617675781,-472.0202331542969,304.1435546875,23.4534912109375,120.2816162109375,23.453489268037423,120.28157860455956,3.596537882422478,53.920188918709755,0.9871311783790588,1
2064,-468.4259033203125,304.2695617675781,-470.32470703125,300.3047790527344,23.4534912109375,120.2816162109375,23.45345478372917,120.2815952070555,4.396016095124516,54.55629527568817,0.9888383150100708,1
2065,-459.9903869628906,298.7258605957031,-470.3459167480469,298.92791748046875,23.453439712524414,120.28170013427734,23.453442415171228,120.28159499937117,10.357500862463851,54.588803090155125,0.5468317270278931,1
2066,-459.9903869628906,298.7258605957031,-462.36676025390625,302.0456237792969,23.453439712524414,120.28170013427734,23.453470422003424,120.28167313082051,4.082643459009976,54.80912420898676,0.502899169921875,1
2067,-459.9903869628906,298.7258605957031,-460.021484375,298.2460632324219,23.453439712524414,120.28170013427734,23.453436289970302,120.28169609562933,0.48080407532750813,53.66137623786926,0.981038510799408,1
2068,-451.50384521484375,293.34912109375,-456.69195556640625,297.95263671875,23.453392028808594,120.28177642822266,23.45343365407508,120.28172869818721,6.936054002789274,52.71823238581419,0.9298603534698486,1
2069,-451.50384521484375,293.34912109375,-453.3075866699219,298.0072937011719,23.453392028808594,120.28177642822266,23.45343414506711,120.28176183773614,4.995203226826999,54.068177938461304,0.9512157440185547,1
2070,-451.50384521484375,293.34912109375,-447.9160461425781,291.264892578125,23.453392028808594,120.28177642822266,23.453373577047305,120.2818146313962,4.149254232786233,53.250410594046116,0.9988995790481567,1
2071,-443.0989685058594,288.0503234863281,-447.67266845703125,289.4010925292969,23.453344345092773,120.2818603515625,23.453356834246602,120.28181701453674,4.768994469570322,53.742336109280586,0.9975631237030029,1
2072,-443.0989685058594,288.0503234863281,-451.3864440917969,289.1650390625,23.453344345092773,120.2818603515625,23.45335471374223,120.28178064945565,8.36210753358687,54.297998547554016,0.8979952931404114,1
2073,-443.0989685058594,288.0503234863281,-451.92254638671875,288.7692565917969,23.453344345092773,120.2818603515625,23.453351158367802,120.28177539997229,8.852818276104495,53.94202750176191,0.9967697858810425,1
2074,-434.7043151855469,282.65130615234375,-444.746337890625,279.4270935058594,23.453296661376953,120.28194427490234,23.453267236288934,120.28184566900023,10.546931648543778,53.0701894313097,0.9971869587898254,1
2075,-434.7043151855469,282.65130615234375,-434.9021911621094,283.3014831542969,23.453296661376953,120.28194427490234,23.45330204052331,120.28194206232851,0.6796212444952828,53.75283397734165,0.8451999425888062,1
2076,-426.2790222167969,277.185546875,-434.00146484375,281.4439392089844,23.4532470703125,120.28202819824219,23.453285353922144,120.2819508821897,8.818731507236151,52.96526476740837,0.9994903802871704,1
2077,-426.2790222167969,277.185546875,-432.45208740234375,280.4417724609375,23.4532470703125,120.28202819824219,23.453276351305075,120.28196605360603,6.979236265632859,56.403146125376225,0.9577745199203491,1
2078,-426.2790222167969,277.185546875,-435.1075134277344,279.91375732421875,23.4532470703125,120.28202819824219,23.453271608064398,120.2819400518245,9.240421490214992,54.848804138600826,0.9996101260185242,1
2079,-417.8639221191406,271.775390625,-427.88079833984375,278.2127380371094,23.45319938659668,120.28211212158203,23.453256327548154,120.28201081541012,11.907025276074583,55.576007813215256,0.8460574746131897,1
2080,-417.8639221191406,271.775390625,-426.2362365722656,276.55877685546875,23.45319938659668,120.28211212158203,23.453241469762066,120.282026918866,9.642428798380822,54.95528411120176,0.9954191446304321,1
2081,-417.8639221191406,271.775390625,-425.05401611328125,274.6670227050781,23.45319938659668,120.28211212158203,23.453224475845396,120.28203849510189,7.749773398694573,54.00197207927704,0.9988232254981995,1
2082,-409.4284362792969,266.398681640625,-418.7475891113281,273.474365234375,23.453149795532227,120.28218841552734,23.45321376202105,120.2821002472786,11.700936194408506,55.35507667809725,0.21187420189380646,1
2083,-409.4284362792969,266.398681640625,-413.0971374511719,266.2685852050781,23.453149795532227,120.28218841552734,23.453149031397707,120.28215557618185,3.671007133071114,54.56693470478058,0.9985931515693665,1
2084,-409.4284362792969,266.398681640625,-416.18365478515625,266.7451171875,23.453149795532227,120.28218841552734,23.453153312157337,120.28212535317859,6.764095996513026,53.09611093252897,0.9892281293869019,1
2085,-400.9826965332031,261.0219421386719,-410.1382751464844,262.445068359375,23.453102111816406,120.28227233886719,23.45311468416149,120.28218454919427,9.265522542416363,52.84138675779104,0.9996767044067383,1
2086,-400.9826965332031,261.0219421386719,-407.022705078125,262.5386047363281,23.453102111816406,120.28227233886719,23.45311552441306,120.28221505668027,6.227517053999826,53.988452069461346,0.9427173137664795,1
2087,-400.9826965332031,261.0219421386719,-409.6675109863281,263.0523986816406,23.453102111816406,120.28227233886719,23.4531201399026,120.28218915889032,8.91901092375682,53.426578640937805,0.8365755081176758,1
2088,-392.62890625,255.5895538330078,-397.1355895996094,260.6586608886719,23.453052520751953,120.28235626220703,23.453098636590145,120.28231187075613,6.782775328390994,53.91770135611296,0.9844440221786499,1
2089,-392.62890625,255.5895538330078,-395.3381652832031,258.9986267089844,23.453052520751953,120.28235626220703,23.45308372424939,120.28232947103344,4.354522061341731,53.1989773735404,0.8472347259521484,1
2090,-392.62890625,255.5895538330078,-398.0467224121094,256.63336181640625,23.453052520751953,120.28235626220703,23.45306247671335,120.28230294899514,5.517451139123923,53.651160560548306,0.9983966946601868,1
2091,-384.24444580078125,250.20169067382812,-389.40008544921875,254.35401916503906,23.453004837036133,120.28244018554688,23.45304200102993,120.28238761637549,6.619852874759593,53.63376159220934,0.9924188852310181,1
2092,-384.24444580078125,250.20169067382812,-384.0454406738281,252.5745391845703,23.453004837036133,120.28244018554688,23.45302601568929,120.28244004875444,2.381178929749935,53.458113223314285,0.9500779509544373,1
2093,-375.81915283203125,244.8472137451172,-380.2314453125,253.16525268554688,23.452957153320312,120.28252410888672,23.453031322158953,120.28247739518142,9.415842859123432,54.41475287079811,0.8070642352104187,1
2094,-375.81915283203125,244.8472137451172,-380.87359619140625,252.1547393798828,23.452957153320312,120.28252410888672,23.45302224456348,120.28247110727631,8.88523092417337,52.93563473969698,0.630917489528656,1
2095,-375.81915283203125,244.8472137451172,-377.3799743652344,251.87806701660156,23.452957153320312,120.28252410888672,23.453019759173355,120.28250531662374,7.202017882764045,55.047523230314255,0.7102648019790649,1
2096,-367.3734436035156,239.4593505859375,-373.7716369628906,239.5269317626953,23.45290756225586,120.28260040283203,23.45290880703761,120.28254064925962,6.398550263880274,54.23783231526613,0.9945975542068481,1
2097,-367.3734436035156,239.4593505859375,-371.8861389160156,239.31593322753906,23.45290756225586,120.28260040283203,23.452906911605517,120.28255911194991,4.51497370115812,54.25220914185047,0.9088683724403381,1
2098,-367.3734436035156,239.4593505859375,-370.0468444824219,238.88845825195312,23.45290756225586,120.28260040283203,23.452903071532475,120.28257712221703,2.7336770687736394,55.21787703037262,0.9591958522796631,1
2099,-358.93792724609375,233.98243713378906,-368.3940734863281,236.93601989746094,23.45285987854004,120.28268432617188,23.452885532480323,120.2825933060572,9.906682232642687,55.2565511316061,0.6734329462051392,1
2100,-358.93792724609375,233.98243713378906,-367.2222595214844,235.1258544921875,23.45285987854004,120.28268432617188,23.45286927148782,120.2826047803933,8.362868198445177,54.355389438569546,0.2815263271331787,1
2101,-358.93792724609375,233.98243713378906,-367.5041198730469,234.00784301757812,23.45285987854004,120.28268432617188,23.452859228219864,120.28260202043266,8.566230301655285,54.40737586468458,0.9693374037742615,1
2102,-350.50244140625,228.59457397460938,-349.41009521484375,231.4713134765625,23.452810287475586,120.28276824951172,23.452836442187312,120.2827791960993,3.0771497142611137,54.218645207583904,0.9892676472663879,1
2103,-350.50244140625,228.59457397460938,-349.44927978515625,231.0605010986328,23.452810287475586,120.28276824951172,23.452832751796933,120.28277881240619,2.6814074627216424,54.394569247961044,0.9488170146942139,1
2104,-350.50244140625,228.59457397460938,-349.0223388671875,229.63502502441406,23.452810287475586,120.28276824951172,23.452819946527487,120.28278299298753,1.8092103009818776,53.17284166812897,0.9719584584236145,1
2105,-342.05670166015625,223.19557189941406,-348.7720947265625,226.27151489257812,23.452762603759766,120.28285217285156,23.45278973160189,120.282785443364,7.386333957622836,55.744512006640434,0.9832635521888733,1
2106,-342.05670166015625,223.19557189941406,-346.29248046875,224.94163513183594,23.452762603759766,120.28285217285156,23.45277778508874,120.28280972360665,4.581545473630859,57.42298252880573,0.8468226194381714,1
2107,-342.05670166015625,223.19557189941406,-349.8369445800781,224.8056640625,23.452762603759766,120.28285217285156,23.45277656363984,120.28277501641443,7.945097649911247,54.364876821637154,0.9604371786117554,1
2108,-333.63140869140625,217.7965850830078,-344.8980712890625,219.2798614501953,23.452713012695312,120.2829360961914,23.452726924510404,120.28282337758252,11.363881153500472,55.85553962737322,0.9508669376373291,1
2109,-333.63140869140625,217.7965850830078,-342.4761962890625,216.78736877441406,23.452713012695312,120.2829360961914,23.452704534067742,120.2828470924456,8.90217867744663,55.15072401612997,0.9778013825416565,1
2110,-333.63140869140625,217.7965850830078,-339.31231689453125,217.19921875,23.452713012695312,120.2829360961914,23.45270823377902,120.28287807297379,5.712229385112622,54.785910062491894,0.55899977684021,1
2111,-325.23675537109375,212.3753204345703,-331.4827575683594,209.8877716064453,23.452665328979492,120.28301239013672,23.452642553931838,120.28295473957613,6.7231274434263915,53.68676036596298,0.9551336169242859,1
2112,-325.23675537109375,212.3753204345703,-326.7604064941406,211.91885375976562,23.452665328979492,120.28301239013672,23.452660799453255,120.28300098057089,1.590557942977637,53.94157022237778,0.9600048661231995,1
2113,-316.7910461425781,207.04312133789062,-325.3379211425781,211.19900512695312,23.452617645263672,120.28309631347656,23.452654332942963,120.28301490946704,9.503706768088833,55.33649306744337,0.9080113172531128,1
2114,-316.7910461425781,207.04312133789062,-317.68707275390625,207.4329071044922,23.452617645263672,120.28309631347656,23.452620501508814,120.28308982614197,0.977136956651078,55.46761956065893,0.9054467082023621,1
2115,-316.7910461425781,207.04312133789062,-318.5180358886719,207.77944946289062,23.452617645263672,120.28309631347656,23.452623614551786,120.28308168939793,1.87741116721377,55.35059794783592,0.981756329536438,1
2116,-308.3453369140625,201.67752075195312,-320.8190002441406,207.89627075195312,23.45256805419922,120.2831802368164,23.45262466397528,120.28305915848503,13.93790258376904,54.79748174548149,0.9580689072608948,1
2117,-308.3453369140625,201.67752075195312,-316.6224060058594,200.0414581298828,23.45256805419922,120.2831802368164,23.452554102992956,120.28310025129859,8.437213619063744,54.44084852933884,0.9967879056930542,1
2118,-308.3453369140625,201.67752075195312,-311.3433837890625,198.38604736328125,23.45256805419922,120.2831802368164,23.452539232185025,120.28315194318571,4.452199695996618,54.3228667229414,0.9873892068862915,1
2119,-299.9710998535156,196.2785186767578,-304.7167663574219,194.48434448242188,23.4525203704834,120.28326416015625,23.452504182591706,120.28321683064901,5.073500922037837,53.651124238967896,0.9984729886054993,1
2120,-299.9710998535156,196.2785186767578,-304.3441467285156,193.31918334960938,23.4525203704834,120.28326416015625,23.452493715771165,120.28322047931935,5.280265575655832,54.7410249710083,0.9845536947250366,1
2121,-299.9710998535156,196.2785186767578,-303.06683349609375,196.51119995117188,23.4525203704834,120.28326416015625,23.452522390144168,120.28323298669832,3.104465712687608,55.323075503110886,0.9882282614707947,1
2122,-291.6172790527344,190.7904815673828,-291.60028076171875,196.12498474121094,23.452470779418945,120.2833480834961,23.452518920713906,120.28334526653451,5.334530256121881,54.88678999245167,0.9132598638534546,1
2123,-291.6172790527344,190.7904815673828,-293.3756408691406,196.3070831298828,23.452470779418945,120.2833480834961,23.452520556531564,120.2833278823087,5.790054324164233,54.7813568264246,0.9989508390426636,1
2124,-291.6172790527344,190.7904815673828,-294.7471923828125,190.9197998046875,23.452470779418945,120.2833480834961,23.452472161742058,120.28331445215382,3.1325837036383124,55.43212406337261,0.999774158000946,1
2125,-283.1613464355469,185.30242919921875,-289.4490966796875,190.17034912109375,23.452421188354492,120.2834243774414,23.452465429312017,120.28336633080744,7.9518832674076645,55.272494442760944,0.8109449744224548,1
2126,-283.1613464355469,185.30242919921875,-288.4520263671875,189.36973571777344,23.452421188354492,120.2834243774414,23.45245823727945,120.28337609406358,6.673400666447527,55.59258535504341,0.9318673014640808,1
2127,-283.1613464355469,185.30242919921875,-289.6783447265625,185.34695434570312,23.452421188354492,120.2834243774414,23.45242210001954,120.28336408602352,6.517150390605547,56.129951030015945,0.9997262358665466,1
2128,-274.7360534667969,180.0036163330078,-277.81304931640625,182.45291137695312,23.452373504638672,120.28350830078125,23.45239610238922,120.28348027032546,3.9328043011073395,55.93468528240919,0.9290489554405212,1
2129,-274.7360534667969,180.0036163330078,-278.2224426269531,182.35791015625,23.452373504638672,120.28350830078125,23.452395248978736,120.2834762615693,4.206852598108391,55.80304004251957,0.8042656183242798,1
2130,-274.7360534667969,180.0036163330078,-272.3642883300781,178.13214111328125,23.452373504638672,120.28350830078125,23.45235728824955,120.28353362428503,3.02120660693788,54.589143954217434,0.9976319074630737,1
2131,-266.2801208496094,174.6602783203125,-270.86834716796875,171.77040100097656,23.45232582092285,120.2835922241211,23.452300139765786,120.28354827245631,5.422472837119416,54.420026019215584,0.9994822144508362,1
2132,-266.2801208496094,174.6602783203125,-263.20123291015625,173.35350036621094,23.45232582092285,120.2835922241211,23.452314360989348,120.28362334840573,3.3447301184155016,56.3092976808548,0.9756903648376465,1
2133,-257.86505126953125,169.22789001464844,-262.47332763671875,173.42892456054688,23.45227813720703,120.28367614746094,23.452315038536412,120.28363047601302,6.235776000804624,56.13921023905277,0.9830265641212463,1
2134,-257.86505126953125,169.22789001464844,-265.5904235839844,172.1597900390625,23.45227813720703,120.28367614746094,23.45230363770703,120.28359995358569,8.26301489470266,55.45515939593315,0.9992026686668396,1
2135,-257.86505126953125,169.22789001464844,-262.24749755859375,172.9711456298828,23.45227813720703,120.28367614746094,23.45231092623831,120.28363268732836,5.763488360142784,55.70764373987913,0.9539946913719177,1
2136,-249.47039794921875,163.80662536621094,-255.57643127441406,171.24107360839844,23.452228546142578,120.28376007080078,23.452295384736914,120.28369801003232,9.620533438129122,56.306784972548485,0.9944902658462524,1
2137,-249.47039794921875,163.80662536621094,-256.593994140625,165.6201629638672,23.452228546142578,120.28376007080078,23.452244891237488,120.28368804611425,7.3508190915251355,54.55121956765652,0.9897254109382629,1
2138,-249.47039794921875,163.80662536621094,-254.86961364746094,166.764892578125,23.452228546142578,120.28376007080078,23.452255174518577,120.28370493115057,6.15653108927671,55.94366043806076,0.8905026316642761,1
2139,-241.11659240722656,158.4633026123047,-248.07354736328125,166.1084747314453,23.452180862426758,120.2838363647461,23.45224927781673,120.28377147784745,10.336724771021961,55.43392803519964,0.9934590458869934,1
2140,-241.11659240722656,158.4633026123047,-245.589599609375,164.92991638183594,23.452180862426758,120.2838363647461,23.452238690646944,120.28379580052344,7.8628803294189185,54.93318848311901,0.980388879776001,1
2141,-241.11659240722656,158.4633026123047,-243.81130981445312,157.5585174560547,23.452180862426758,120.2838363647461,23.452172472243742,120.28381321343659,2.8425583694587844,55.212726816534996,0.993989109992981,1
2142,-232.6810760498047,153.0420379638672,-238.1776580810547,156.43177795410156,23.452131271362305,120.28392028808594,23.452162350570582,120.2838683778359,6.45776673685683,55.9853371232748,0.9542677402496338,1
2143,-232.6810760498047,153.0420379638672,-235.99649047851562,152.40237426757812,23.452131271362305,120.28392028808594,23.452126153821407,120.28388973570577,3.376557785445832,55.97896687686443,0.9942711591720581,1
2144,-232.6810760498047,153.0420379638672,-233.40452575683594,154.82919311523438,23.452131271362305,120.28392028808594,23.452147954306035,120.28391511607781,1.9280308642918236,58.302548713982105,0.7746585011482239,1
2145,-224.26600646972656,147.58738708496094,-228.73660278320312,151.65719604492188,23.452083587646484,120.28400421142578,23.452119459771538,120.2839608241157,6.045624563984152,56.87385331839323,0.9472945928573608,1
2146,-224.26600646972656,147.58738708496094,-222.990966796875,149.8667755126953,23.452083587646484,120.28400421142578,23.452103376150248,120.28401708505848,2.6117690885365046,55.87961245328188,0.9829567670822144,1
2147,-224.26600646972656,147.58738708496094,-222.9724884033203,150.08018493652344,23.452083587646484,120.28400421142578,23.452105293239722,120.28401726599786,2.8084212855043633,56.57873209565878,0.9713894128799438,1
2148,-215.7998504638672,142.2663116455078,-217.15414428710938,145.46653747558594,23.452035903930664,120.28408813476562,23.452063848139424,120.28407423889455,3.474990233536084,56.373109109699726,0.9871107339859009,1
2149,-215.7998504638672,142.2663116455078,-219.5966033935547,141.9873809814453,23.452035903930664,120.28408813476562,23.452032594344878,120.28405032247304,3.806985043895623,55.9553075581789,0.9932340979576111,1
2150,-215.7998504638672,142.2663116455078,-211.00088500976562,142.11817932128906,23.452035903930664,120.28408813476562,23.452033769326356,120.28413449126155,4.801251151016646,55.432735942304134,0.9949888586997986,1
2151,-207.39498901367188,136.96749877929688,-207.69772338867188,133.72271728515625,23.451988220214844,120.28417205810547,23.451958351607715,120.28416683563343,3.2588732786845376,58.074275963008404,0.9901406168937683,1
2152,-207.39498901367188,136.96749877929688,-207.7526092529297,133.48178100585938,23.451988220214844,120.28417205810547,23.45195618724029,120.28416629819414,3.504014930274256,55.35314232110977,0.9688772559165955,1
2153,-198.9492645263672,131.4794464111328,-207.50949096679688,133.88002014160156,23.45193862915039,120.28425598144531,23.451959764683316,120.28416867879466,8.890457296835082,55.16653601080179,0.9727869033813477,1
2154,-198.9492645263672,131.4794464111328,-209.56011962890625,133.56387329101562,23.45193862915039,120.28425598144531,23.451956924687835,120.28414859915472,10.813652547805356,55.1352770999074,0.9890636801719666,1
2155,-198.9492645263672,131.4794464111328,-203.7559814453125,129.95887756347656,23.45193862915039,120.28425598144531,23.451924540460222,120.28420543294772,5.041493544510176,56.14680424332619,0.9835313558578491,1
2156,-190.5648193359375,125.94686889648438,-201.47488403320312,130.94041442871094,23.451889038085938,120.28433227539062,23.4519333577559,120.28422776932463,11.99854193979175,56.048025377094746,0.9630448818206787,1
2157,-190.5648193359375,125.94686889648438,-199.82205200195312,130.44830322265625,23.451889038085938,120.28433227539062,23.451928937045725,120.28424395376244,10.293651811946294,55.9868635609746,0.9674622416496277,1
2158,-190.5648193359375,125.94686889648438,-192.9932098388672,125.12726593017578,23.451889038085938,120.28433227539062,23.45188113735445,120.28431082139888,2.562972777284407,55.41498400270939,0.9840111136436462,1
2159,-182.2212371826172,120.48108673095703,-187.44866943359375,124.63713073730469,23.451839447021484,120.28441619873047,23.451876734395103,120.2843651132251,6.678229534932756,54.78069372475147,0.9789942502975464,1
2160,-182.2212371826172,120.48108673095703,-180.82199096679688,125.993408203125,23.451839447021484,120.28441619873047,23.451888918042872,120.28443000128605,5.6871414599086165,54.877471178770065,0.7130962014198303,1
2161,-182.2212371826172,120.48108673095703,-184.18890380859375,125.9337387084961,23.451839447021484,120.28441619873047,23.45188838202268,120.28439703266584,5.796820295570895,54.76560536772013,0.8062639236450195,1
2162,-173.7550811767578,115.1822738647461,-183.9410858154297,123.75009155273438,23.451791763305664,120.28450012207031,23.451868765986532,120.28439945928561,13.310228789680883,54.757663048803806,0.9604831337928772,1
2163,-173.7550811767578,115.1822738647461,-178.54171752929688,121.62455749511719,23.451791763305664,120.28450012207031,23.451849671989223,120.28445232959466,8.025889729219797,54.613037034869194,0.6257429122924805,1
2164,-173.7550811767578,115.1822738647461,-174.96160888671875,122.96575164794922,23.451791763305664,120.28450012207031,23.451861720141288,120.2844873858161,7.876435457522661,54.94296457618475,0.7775426506996155,1
2165,-165.26852416992188,109.91686248779297,-173.0407257080078,118.72998809814453,23.451744079589844,120.28458404541016,23.45182366962992,120.2845061949956,11.750672311508819,56.036077439785004,0.8024882078170776,1
2166,-165.26852416992188,109.91686248779297,-162.81448364257812,115.97528839111328,23.451744079589844,120.28458404541016,23.45179892374142,120.28460632977983,6.536577035105464,55.03407120704651,0.9468419551849365,1
2167,-165.26852416992188,109.91686248779297,-163.35606384277344,116.40459442138672,23.451744079589844,120.28458404541016,23.451802780263105,120.28460102665713,6.763739361114443,55.913123302161694,0.8944510221481323,1
2168,-156.81259155273438,104.51786804199219,-163.17535400390625,103.9699478149414,23.451696395874023,120.28466796875,23.451691077932114,120.28460279615766,6.386310561290776,55.47511950135231,0.7732499241828918,1
2169,-156.81259155273438,104.51786804199219,-160.60650634765625,104.10261535644531,23.451696395874023,120.28466796875,23.451692269704914,120.2846279501687,3.816572318714921,56.96551315486431,0.9182716608047485,1
2170,-156.81259155273438,104.51786804199219,-162.97207641601562,104.8714599609375,23.451696395874023,120.28466796875,23.451699176353507,120.2846047866403,6.169625679580105,55.82860950380564,0.9017524123191833,1
2171,-148.40771484375,99.00755310058594,-160.6571502685547,100.5827407836914,23.45164680480957,120.28474426269531,23.451660650133647,120.28462745426629,12.350298962513708,55.52950780838728,0.8545408844947815,1
2172,-148.40771484375,99.00755310058594,-154.85125732421875,97.78337860107422,23.45164680480957,120.28474426269531,23.451635503035302,120.2846843052418,6.558798891783475,55.70240970700979,0.8604445457458496,1
2173,-148.40771484375,99.00755310058594,-150.85545349121094,99.80323028564453,23.45164680480957,120.28474426269531,23.4516536476717,120.28472343192705,2.5738155856814346,55.46658579260111,0.45001426339149475,1
2174,-140.0130615234375,93.60855865478516,-146.7127685546875,96.07939910888672,23.451597213745117,120.28482818603516,23.451620195927084,120.28476399686377,7.14080715705203,55.433119647204876,0.5244567394256592,1
2175,-140.0130615234375,93.60855865478516,-145.3724822998047,95.27082824707031,23.451597213745117,120.28482818603516,23.45161293241145,120.28477712087101,5.611286060752217,55.71018811315298,0.3231108486652374,1
2176,-131.6490478515625,88.30975341796875,-130.38763427734375,90.52261352539062,23.451549530029297,120.284912109375,23.451570278472882,120.28492385165578,2.547138406181037,56.264386512339115,0.9558446407318115,1
2177,-131.6490478515625,88.30975341796875,-129.52061462402344,85.31201934814453,23.451549530029297,120.284912109375,23.451523470908995,120.2849323414632,3.6764980018323445,55.63397239893675,0.9552855491638184,1
2178,-131.6490478515625,88.30975341796875,-127.9798355102539,86.32431030273438,23.451549530029297,120.284912109375,23.45153256447336,120.2849474286852,4.1719424216356185,56.36735074222088,0.8443940877914429,1
2179,-123.33609008789062,83.02207946777344,-118.95982360839844,81.69249725341797,23.45150375366211,120.28499603271484,23.451490956188806,120.28503575213185,4.5737836814017925,56.008415296673775,0.5982816219329834,1
2180,-123.33609008789062,83.02207946777344,-125.0262222290039,81.29353332519531,23.45150375366211,120.28499603271484,23.451487372234862,120.28497635029949,2.4175231997740747,56.03236053138971,0.9844484329223633,1
2181,-123.33609008789062,83.02207946777344,-125.95172882080078,81.22564697265625,23.45150375366211,120.28499603271484,23.45148676240138,120.28496728779125,3.173127115419868,55.72634283453226,0.9689292907714844,1
2182,-114.90058135986328,77.58968353271484,-116.55736541748047,76.83910369873047,23.451454162597656,120.28507232666016,23.451447357412707,120.28505927686665,1.818874239951318,55.73767609894276,0.9155280590057373,1
2183,-114.90058135986328,77.58968353271484,-117.81878662109375,75.26202392578125,23.451454162597656,120.28507232666016,23.451433190264062,120.28504692510153,3.732816790631901,55.62523007392883,0.8810992240905762,1
2184,-114.90058135986328,77.58968353271484,-117.14834594726562,80.81720733642578,23.451454162597656,120.28507232666016,23.451483093325702,120.28505349001871,3.933110161678763,55.23429159075022,0.9719240069389343,1
2185,-106.39358520507812,72.0793685913086,-116.97151184082031,78.7884521484375,23.451404571533203,120.28515625,23.45146486870777,120.28505522156829,12.526146018935012,55.689274333417416,0.92793208360672,1
2186,-106.39358520507812,72.0793685913086,-116.71311950683594,77.56129455566406,23.451404571533203,120.28515625,23.451453844963556,120.28505775173142,11.685217177435375,54.957315325737,0.5229975581169128,1
2187,-106.39358520507812,72.0793685913086,-115.41931915283203,74.54360961914062,23.451404571533203,120.28515625,23.451426736638545,120.28507042055134,9.35608663592252,55.167483165860176,0.760439395904541,1
2188,-97.84574127197266,66.63584899902344,-107.2243423461914,74.72038269042969,23.45135498046875,120.28524017333984,23.45142832461806,120.28515066530097,12.382158257622935,54.23319712281227,0.9974861145019531,1
2189,-97.84574127197266,66.63584899902344,-99.91830444335938,66.43287658691406,23.45135498046875,120.28524017333984,23.45135387668406,120.28522220561112,2.08247830708175,54.107083939015865,0.9382553696632385,1
2190,-97.84574127197266,66.63584899902344,-95.98809814453125,66.96492767333984,23.45135498046875,120.28524017333984,23.45135865618029,120.28526068996904,1.886565864956782,54.12288662046194,0.928862988948822,1
2191,-89.44087219238281,61.337039947509766,-94.7986068725586,66.30612182617188,23.45130729675293,120.28532409667969,23.45135273802667,120.28527233740033,7.307331634735517,54.797178134322166,0.516679584980011,1
2192,-89.44087219238281,61.337039947509766,-93.77823638916016,56.76680374145508,23.45130729675293,120.28532409667969,23.451267044874317,120.28528232881042,6.300776710423812,55.092538706958294,0.9958256483078003,1
2193,-89.44087219238281,61.337039947509766,-88.78331756591797,58.24607849121094,23.45130729675293,120.28532409667969,23.451280333425487,120.28533123877318,3.1601298725068707,55.19556626677513,0.9702751636505127,1
2194,-81.01557922363281,55.893516540527344,-83.82589721679688,55.87259292602539,23.45125961303711,120.28540802001953,23.451259012041888,120.285379781553,2.810395883206761,54.38878294080496,0.9939153790473938,1
2195,-81.01557922363281,55.893516540527344,-80.64540100097656,57.764400482177734,23.45125961303711,120.28540802001953,23.451276006438313,120.28541092479216,1.9071545924896185,53.448219783604145,0.8193462491035461,1
2196,-72.61071014404297,50.40546417236328,-73.41645050048828,57.56343078613281,23.451210021972656,120.28549194335938,23.451274201096815,120.28548171026682,7.203173159507126,54.071671329438686,0.8788425922393799,1
2197,-72.61071014404297,50.40546417236328,-75.13826751708984,55.18053436279297,23.451210021972656,120.28549194335938,23.45125279517404,120.28546485033193,5.402762404323721,54.310841485857964,0.9924644231796265,1
2198,-72.61071014404297,50.40546417236328,-74.98089599609375,53.514915466308594,23.451210021972656,120.28549194335938,23.45123783266492,120.28546639130496,3.909791340043592,55.51405996084213,0.5030797123908997,1
2199,-64.21605682373047,44.917415618896484,-69.17162322998047,50.038734436035156,23.451160430908203,120.28556823730469,23.45120660559942,120.2855232753755,7.126397745953575,55.196925066411495,0.9925857186317444,1
2200,-64.21605682373047,44.917415618896484,-62.973323822021484,45.19588851928711,23.451160430908203,120.28556823730469,23.451163101574362,120.28558396877293,1.2735511257066163,59.26310736685991,0.9344712495803833,1
2201,-64.21605682373047,44.917415618896484,-68.49583435058594,43.7103271484375,23.451160430908203,120.28556823730469,23.451149756549512,120.28552989266201,4.446746929485882,56.81589990854263,0.9903286099433899,1
2202,-55.8213996887207,39.46276092529297,-60.78316879272461,43.02695083618164,23.45111083984375,120.28565216064453,23.45114361767565,120.28560541464716,6.109222729801911,62.56409268826246,0.9246751666069031,1
2203,-55.8213996887207,39.46276092529297,-59.48440170288086,39.484886169433594,23.45111083984375,120.28565216064453,23.45111179876738,120.28561813210109,3.663068833938238,54.870730265975,0.9816391468048096,1
2204,-55.8213996887207,39.46276092529297,-61.54115295410156,39.786842346191406,23.45111083984375,120.28565216064453,23.451114511285866,120.28559799250911,5.7289271407661095,55.46623654663563,0.9814870357513428,1
2205,-47.293983459472656,34.119422912597656,-51.867897033691406,30.747028350830078,23.45106315612793,120.28573608398438,23.451033305255088,120.28569271248426,5.682757294189335,55.42385391891003,0.9993245601654053,1
2206,-47.293983459472656,34.119422912597656,-47.44454574584961,29.115737915039062,23.45106315612793,120.28573608398438,23.451018651123775,120.28573602569003,5.005949715775419,55.29535934329033,0.9956100583076477,1
2207,-47.293983459472656,34.119422912597656,-53.31048583984375,27.77349853515625,23.45106315612793,120.28573608398438,23.451006593582278,120.28567858673622,8.744658775344876,55.43986614793539,0.9367948174476624,1
2208,-38.838050842285156,28.79835319519043,-46.524322509765625,27.62749481201172,23.45101547241211,120.28582000732422,23.451005282008516,120.28574503646394,7.774939324507482,57.93721787631512,0.9960364699363708,1
2209,-38.838050842285156,28.79835319519043,-42.452613830566406,27.92116928100586,23.45101547241211,120.28582000732422,23.451007920131158,120.28578490640515,3.7194780837581023,58.54783672839403,0.9739556312561035,1
2210,-38.838050842285156,28.79835319519043,-40.9462890625,27.51255226135254,23.45101547241211,120.28582000732422,23.451004249462017,120.28579965625214,2.469403254762786,55.11953216046095,0.9676868319511414,1
2211,-30.443395614624023,23.399356842041016,-38.13524627685547,24.96890640258789,23.45096778869629,120.28590393066406,23.450981399502492,120.28582718182419,7.850353650192022,54.80045638978481,0.9892353415489197,1
2212,-30.443395614624023,23.399356842041016,-33.479610443115234,21.84069061279297,23.45096778869629,120.28590393066406,23.450953298261933,120.2858727695471,3.4129226330153224,55.00962771475315,0.9902385473251343,1
2213,-22.058950424194336,17.978097915649414,-28.052959442138672,19.956317901611328,23.450918197631836,120.2859878540039,23.450936370653856,120.28592590700694,6.312012232248698,54.96156122535467,0.9797837734222412,1
2214,-22.058950424194336,17.978097915649414,-28.1060848236084,17.95013427734375,23.450918197631836,120.2859878540039,23.450918348799735,120.2859253868062,6.04719905490502,55.232470855116844,0.9586560726165771,1
2215,-22.058950424194336,17.978097915649414,-26.73508071899414,12.973479270935059,23.450918197631836,120.2859878540039,23.450873642747172,120.2859388116009,6.8492629028945196,55.41634280234575,0.8011096119880676,1
2216,-13.68471908569336,12.567970275878906,-19.793975830078125,7.674936771392822,23.450870513916016,120.28606414794922,23.450826045130064,120.2860067785076,7.827183072142501,55.29935844242573,0.9935539960861206,1
2217,-13.68471908569336,12.567970275878906,-15.289844512939453,6.590058326721191,23.450870513916016,120.28606414794922,23.45081629950118,120.28605088270685,6.189657414516134,54.42341696470976,0.9924072623252869,1
2218,-13.68471908569336,12.567970275878906,-15.137158393859863,6.489454746246338,23.450870513916016,120.28606414794922,23.450815395763843,120.28605237780069,6.249634468342248,54.47788257151842,0.694919228553772,1
2219,-5.739412307739258,7.514065742492676,-8.078764915466309,7.889126300811768,23.450824737548828,120.28614807128906,23.450827969227344,120.28612149319063,2.3692279429565195,53.94341703504324,0.9880326986312866,1
2220,-5.739412307739258,7.514065742492676,-6.115966796875,6.810554504394531,23.450824737548828,120.28614807128906,23.450818280252047,120.28614071279885,0.7979482097346069,55.13836722820997,0.9728394746780396,1
2221,-5.739412307739258,7.514065742492676,-3.637453079223633,2.3371174335479736,23.450824737548828,120.28614807128906,23.450778094683113,120.28616498226506,5.587398893208486,52.781748585402966,0.8618032336235046,1
2222,0.9906103014945984,3.2171332836151123,-0.9392731785774231,1.1580051183700562,23.450786590576172,120.28620910644531,23.45076750253697,120.28619140269014,2.822137319047457,54.26708608865738,0.6460277438163757,1
2223,0.9906103014945984,3.2171332836151123,0.3817489743232727,1.4191880226135254,23.450786590576172,120.28620910644531,23.45076984878292,120.28620433806438,1.898241100936046,55.2042992785573,0.6145028471946716,1
2224,0.9906103014945984,3.2171332836151123,-0.85780268907547,0.5610109567642212,23.450786590576172,120.28620910644531,23.45076213964717,120.28619220044456,3.2359877006725437,54.55523543059826,0.5906562805175781,1
2225,5.861961841583252,0.13358338177204132,1.8468530178070068,0.550341010093689,23.45075798034668,120.2862548828125,23.450762043797408,120.28621868428036,4.03668004522654,55.08418474346399,0.5772843956947327,1
2226,5.861961841583252,0.13358338177204132,0.7288814783096313,0.8716468811035156,23.45075798034668,120.2862548828125,23.450764930137158,120.28620773716624,5.185870394145101,55.65528851002455,0.5338835716247559,1
2227,5.861961841583252,0.13358338177204132,5.6452956199646,0.2509400546550751,23.45075798034668,120.2862548828125,23.450759354232865,120.28625587841559,0.24640787377979292,55.18340598791838,0.43358317017555237,1
2228,8.792943000793457,-1.5696048736572266,10.039594650268555,-2.147291421890259,23.450742721557617,120.28628540039062,23.450737810552962,120.28629890714329,1.3739949356341812,55.195863358676434,0.7475611567497253,1
2229,8.792943000793457,-1.5696048736572266,6.890742778778076,-0.38000044226646423,23.450742721557617,120.28628540039062,23.45075368639795,120.28626807376376,2.243551735044214,54.95626013725996,0.9099363684654236,1
2230,8.792943000793457,-1.5696048736572266,1.4896531105041504,-0.6535345911979675,23.450742721557617,120.28628540039062,23.450751229198882,120.28621518659905,7.360518187193548,55.08184898644686,0.4552650451660156,1
2231,9.752915382385254,-2.1707301139831543,2.522970676422119,-2.909341812133789,23.45073699951172,120.28629302978516,23.450730964937836,120.28622530478624,7.267575090216083,54.70424331724644,0.7311296463012695,1
2232,9.752915382385254,-2.1707301139831543,5.902003765106201,0.24447199702262878,23.45073699951172,120.28629302978516,23.450759296129316,120.28625839208723,4.545626636790748,55.11355306953192,0.8723865151405334,1
2233,9.609941482543945,-2.2709176540374756,4.327239990234375,0.3458564579486847,23.45073699951172,120.28629302978516,23.450760206881423,120.28624297208937,5.895289798645247,53.76938730478287,0.7952107787132263,1
2234,9.609941482543945,-2.2709176540374756,3.490536689758301,-2.2634012699127197,23.45073699951172,120.28629302978516,23.450736767520453,120.28623477913796,6.119409408921602,54.8210758715868,0.8116927146911621,1
2235,9.609941482543945,-2.2709176540374756,1.8977503776550293,-0.7328740954399109,23.45073699951172,120.28629302978516,23.45075051647999,120.28621918266442,7.864061903779191,54.863836616277695,0.5386717319488525,1
2236,9.46696662902832,-2.382237195968628,1.6154265403747559,-0.40927937626838684,23.450735092163086,120.28629302978516,23.45075342338081,120.28621641816537,8.095631187378187,54.6769117936492,0.48541197180747986,1
2237,9.46696662902832,-2.382237195968628,4.104458332061768,-1.6628127098083496,23.450735092163086,120.28629302978516,23.45074216269928,120.28624079062396,5.410551434587984,54.831257089972496,0.7942632436752319,1
2238,9.46696662902832,-2.382237195968628,1.884674310684204,-1.031691312789917,23.450735092163086,120.28629302978516,23.45074783215925,120.28621905462431,7.7016317091504165,55.40373269468546,0.5518932342529297,1
2239,9.436328887939453,-2.437896966934204,0.8013604283332825,-4.2015156745910645,23.450735092163086,120.28629302978516,23.450719357142532,120.28620844687602,8.813230465861574,54.617748595774174,0.48099133372306824,1
2240,9.436328887939453,-2.437896966934204,1.6903860569000244,-1.0619792938232422,23.450735092163086,120.28629302978516,23.45074756007769,120.28621715216471,7.86719643741722,55.14059402048588,0.523988664150238,1
2241,9.436328887939453,-2.437896966934204,7.624563217163086,0.1748199760913849,23.450735092163086,120.28629302978516,23.450758670434567,120.28627525929201,3.1794315010983834,54.45220973342657,0.6768016815185547,1
2242,9.46696662902832,-2.1818621158599854,3.5233733654022217,-2.140254020690918,23.45073699951172,120.28629302978516,23.450737873771015,120.28623510067283,5.943738900473769,54.8178106546402,0.819632887840271,1
2243,9.46696662902832,-2.1818621158599854,1.9265391826629639,-0.7102193832397461,23.45073699951172,120.28629302978516,23.45075071999073,120.28621946456278,7.682693434361021,54.63019572198391,0.5433285236358643,1
2244,9.46696662902832,-2.1818621158599854,2.5777151584625244,-0.462697297334671,23.45073699951172,120.28629302978516,23.450752943519458,120.28622584084111,7.100515016387767,54.37488295137882,0.6299687027931213,1
2245,9.293354034423828,-1.8145077228546143,1.4636495113372803,-0.37267059087753296,23.450740814208984,120.28629302978516,23.450753752243124,120.28621493197328,7.961354610491222,55.375633761286736,0.4535079300403595,1
2246,9.293354034423828,-1.8145077228546143,1.6940836906433105,-0.9380539655685425,23.450740814208984,120.28629302978516,23.450748673317854,120.28621718837174,7.649645805298631,55.688404478132725,0.5153415203094482,1
2247,9.293354034423828,-1.8145077228546143,2.1958656311035156,-0.5987699031829834,23.450740814208984,120.28629302978516,23.450751721158444,120.28622210179213,7.200858287832517,54.36249356716871,0.5817405581474304,1
2248,8.833792686462402,-1.5473408699035645,4.700830936431885,0.05830523371696472,23.450742721557617,120.28628540039062,23.450757623764826,120.2862466302708,4.43390034137971,54.82402257621288,0.8175669312477112,1
2249,8.833792686462402,-1.5473408699035645,5.487433910369873,0.6512957811355591,23.450742721557617,120.28628540039062,23.450762950689548,120.28625433264266,4.004013009672175,54.93173561990261,0.8614102005958557,1
2250,8.833792686462402,-1.5473408699035645,10.52239990234375,-2.8546698093414307,23.450742721557617,120.28628540039062,23.45073145606479,120.28630363474502,2.1355334896503715,54.32768817991018,0.889659583568573,1
2251,8.731668472290039,-1.5473408699035645,5.638380527496338,-2.0663955211639404,23.450742721557617,120.28628540039062,23.450738537253205,120.2862558107034,3.1365343996840003,53.51237114518881,0.8710997700691223,1
2252,8.731668472290039,-1.5473408699035645,6.954618453979492,-1.3455890417099,23.450742721557617,120.28628540039062,23.450745012367978,120.28626869923077,1.7884659817164545,55.50449062138796,0.6135575771331787,1
2253,8.731668472290039,-1.5473408699035645,5.642786502838135,-3.5678834915161133,23.450742721557617,120.28628540039062,23.450725049157278,120.28625585384646,3.6910410871403183,55.91280851513147,0.8768401741981506,1
2254,9.058466911315918,-1.7699799537658691,2.385862112045288,-1.550304889678955,23.450740814208984,120.28629302978516,23.450743173374224,120.28622396222693,6.676219884113393,54.92118652909994,0.642204761505127,1
2255,9.058466911315918,-1.7699799537658691,6.579144477844238,-1.2953916788101196,23.450740814208984,120.28629302978516,23.45074546329856,120.28626502261082,2.5243363008603676,54.929373785853386,0.5565552711486816,1
2256,9.385266304016113,-1.9480910301208496,5.92192268371582,-1.5978063344955444,23.45073890686035,120.28629302978516,23.450742746661486,120.28625858713217,3.4810125538791232,53.82381100207567,0.8799328804016113,1
2257,9.385266304016113,-1.9480910301208496,10.923108100891113,-0.33536332845687866,23.45073890686035,120.28629302978516,23.450754087379963,120.28630755845705,2.228418280289875,53.52692864835262,0.45732221007347107,1
2258,9.385266304016113,-1.9480910301208496,10.927360534667969,-1.8985280990600586,23.45073890686035,120.28629302978516,23.450740045231914,120.28630760009665,1.5428905017353223,53.43027878552675,0.9817414879798889,1
2259,9.375054359436035,-2.03714656829834,5.317588806152344,-1.3052420616149902,23.45073890686035,120.28629302978516,23.450745374811067,120.28625266952899,4.122949299104602,54.66668959707022,0.8476848602294922,1
2260,9.375054359436035,-2.03714656829834,4.318636894226074,-0.608553409576416,23.45073890686035,120.28629302978516,23.45075163327171,120.28624288784835,5.254354003645682,53.40213980525732,0.7883913516998291,1
2261,9.375054359436035,-2.03714656829834,5.557954788208008,-0.8328689932823181,23.45073890686035,120.28629302978516,23.450749618210537,120.28625502317911,4.0025658788276886,53.5695431753993,0.8588852882385254,1
2262,9.191229820251465,-2.092806339263916,4.3105316162109375,-0.6985360383987427,23.45073890686035,120.28629302978516,23.450750824944002,120.28624280848192,5.075943718245809,54.03929576277733,0.7912987470626831,1
2263,9.191229820251465,-2.092806339263916,7.111827373504639,-0.4274418354034424,23.45073890686035,120.28629302978516,23.450753260224662,120.28627023861162,2.6640858594000174,54.658301174640656,0.6078168749809265,1
2264,9.191229820251465,-2.092806339263916,3.7225990295410156,-0.5968452095985413,23.45073890686035,120.28629302978516,23.45075173844826,120.28623705147926,5.669552224521448,54.754785262048244,0.7492200136184692,1
2265,9.160592079162598,-1.9926189184188843,7.014395236968994,0.010649114847183228,23.45073890686035,120.28629302978516,23.45075719566263,120.28626928456164,2.935854849706895,53.99664305150509,0.5997289419174194,1
2266,9.160592079162598,-1.9926189184188843,9.598226547241211,-0.637721061706543,23.45073890686035,120.28629302978516,23.450751371254235,120.28629458529178,1.4238230682827648,53.52379567921162,0.8252017498016357,1
2267,9.160592079162598,-1.9926189184188843,9.003957748413086,-2.5292582511901855,23.45073890686035,120.28629302978516,23.450734379286555,120.28628876624529,0.5590313828816544,56.18481710553169,0.9602183699607849,1
2268,9.262717247009277,-1.9926189184188843,3.0522139072418213,-3.4765501022338867,23.45073890686035,120.28629302978516,23.450725869619074,120.28623048710604,6.38532720317145,54.89343870431185,0.734147846698761,1
2269,9.262717247009277,-1.9926189184188843,7.859843730926514,0.00838729739189148,23.45073890686035,120.28629302978516,23.450757175344375,120.2862775631455,2.4437839466368088,55.080086924135685,0.6934903860092163,1
2270,9.262717247009277,-1.9926189184188843,8.400677680969238,-0.08205538988113403,23.45073890686035,120.28629302978516,23.45075636288389,120.28628285896097,2.096035593685641,55.49612455070019,0.9447104930877686,1
2271,9.405691146850586,-2.081674575805664,12.45283317565918,-2.322256088256836,23.45073890686035,120.28629302978516,23.450736238818624,120.28632253743852,3.0566246102302204,55.880106054246426,0.7992895841598511,1
2272,9.405691146850586,-2.081674575805664,11.519086837768555,-1.042121410369873,23.45073890686035,120.28629302978516,23.45074773846409,120.28631339424716,2.3552308018871977,55.50753138959408,0.9823038578033447,1
2273,9.405691146850586,-2.081674575805664,13.536876678466797,-1.533552646636963,23.45073890686035,120.28629302978516,23.450743323862184,120.28633315233121,4.167389056216222,55.17750419676304,0.8660933971405029,1
2274,9.436328887939453,-2.2152578830718994,13.30650520324707,-1.3948676586151123,23.45073699951172,120.28629302978516,23.45074456969063,120.28633089654676,3.9561730032889493,55.96580356359482,0.771438479423523,1
2275,9.436328887939453,-2.2152578830718994,9.11103630065918,-0.9411790370941162,23.45073699951172,120.28629302978516,23.45074864524486,120.28628981475242,1.3149494945082774,55.29025103896856,0.9570968151092529,1
