frame_index,frame_id,reference_x,reference_y,search_center_x,search_center_y,jitter_m,visual_x,visual_y,visual_error_m,final_x,final_y,final_error_m,kalman_xy_x,kalman_xy_y,gru_xy_x,gru_xy_y
0,0,-37.63298034667969,0.8348962068557739,-44.57956405117748,-6.358501796619759,10.0,-40.78662109375,-2.8893537521362305,4.88011144530882,-38.47391891479492,-1.0907496213912964,2.101259034766786,-38.75722122192383,-0.991847813129425,-38.47391891479492,-1.0907496213912964
1,1,-47.69226837158203,1.7922438383102417,-49.18576851850979,-8.095600077889426,10.0,-51.03186798095703,-5.541386604309082,8.058229397321135,-46.50975799560547,-3.401223659515381,5.3263904701273415,-46.530155181884766,-3.4184248447418213,-46.50975799560547,-3.401223659515381
2,2,-50.9120979309082,2.1374623775482178,-46.39997683031081,-6.786704988292911,10.0,-38.801578521728516,-4.772179126739502,13.94302069416428,-42.97061538696289,-5.037275314331055,10.702523344663222,-43.43581008911133,-4.85559606552124,-42.97061538696289,-5.037275314331055
3,3,-54.1414794921875,2.4837052822113037,-45.29304864353173,-2.1751863796066626,10.0,-38.49626159667969,-2.853245258331299,16.530453232446952,-40.511940002441406,-4.6203508377075195,15.369839298363022,-40.95933151245117,-4.373629093170166,-40.511940002441406,-4.6203508377075195
4,4,-57.659645080566406,2.8609108924865723,-47.74848403515064,4.190905904444529,10.0,-39.10540008544922,0.3261030316352844,18.72659227489787,-39.00657653808594,-2.893521308898926,19.520513723025243,-40.11075210571289,-2.6319289207458496,-39.00657653808594,-2.893521308898926
5,5,-60.85377502441406,3.1642963886260986,-53.546632687534554,9.99113100421355,10.0,-51.01190185546875,7.6939520835876465,10.834216547056055,-42.45135498046875,1.3362900018692017,18.492989775150587,-45.01453399658203,2.0204904079437256,-42.45135498046875,1.3362900018692017
6,6,-64.02477264404297,3.465484857559204,-62.025011017570286,13.26349248346394,10.0,-73.60140991210938,17.768657684326172,17.213155848840834,-54.2385139465332,8.207869529724121,10.874790649634148,-56.6275749206543,8.997870445251465,-54.2385139465332,8.207869529724121
7,7,-67.50447845458984,3.795994520187378,-71.5519325307234,12.940288670180031,10.0,-77.396728515625,14.971503257751465,14.92476488301981,-66.4227294921875,12.02567195892334,8.30046815326089,-68.7234878540039,12.828326225280762,-66.4227294921875,12.02567195892334
8,8,-70.70535278320312,4.076558589935303,-79.30262001395747,9.184101655147526,10.0,-80.5303955078125,10.59701919555664,11.791856132511938,-74.68782043457031,12.503973007202148,9.321017238185068,-77.07597351074219,13.45190143585205,-74.68782043457031,12.503973007202148
9,9,-73.90149688720703,4.35670804977417,-83.86791861286957,3.5379052736176093,10.0,-80.72810363769531,5.171924114227295,6.8751099596700715,-79.38383483886719,9.805953979492188,7.729832509101453,-82.3652572631836,10.443121910095215,-79.38383483886719,9.805953979492188
10,10,-77.41057586669922,4.6642866134643555,-85.05895885281062,-1.7779364265864626,10.0,-81.08911895751953,2.172773838043213,4.442894909978023,-83.048583984375,6.282179355621338,5.86555303957796,-85.42791748046875,7.1946587562561035,-83.048583984375,6.282179355621338
11,11,-80.71418762207031,4.9646830558776855,-83.21492393338448,-4.717585165013263,10.0,-84.30260467529297,-0.48778367042541504,6.527337156092186,-87.23287200927734,3.9497087001800537,6.59722813632669,-88.27560424804688,4.097651481628418,-87.23287200927734,3.9497087001800537
12,12,-84.01985931396484,5.2652668952941895,-80.44777256701589,-4.074979154584348,10.0,-82.34675598144531,0.2864975929260254,5.252372656951478,-87.79035186767578,1.7617419958114624,5.146970061976763,-88.7016830444336,2.0311107635498047,-87.79035186767578,1.7617419958114624
13,13,-87.32689666748047,5.565974712371826,-79.00352175701782,0.023283118941696657,10.0,-85.4964828491211,3.0140013694763184,3.140538598599008,-87.33561706542969,0.6851829290390015,4.88079957359341,-89.29249572753906,1.8913592100143433,-87.33561706542969,0.6851829290390015
14,14,-90.52931213378906,5.903904438018799,-80.53397808105042,6.209350299282813,10.0,-82.00958251953125,4.386717796325684,8.653764961321379,-87.21353912353516,0.8943558931350708,6.00748926583102,-88.06695556640625,2.488776206970215,-87.21353912353516,0.8943558931350708
15,15,-93.73101806640625,6.241759300231934,-85.76161455636469,12.2823393795072,10.0,-86.61022186279297,14.664772033691406,11.029636534420058,-88.99683380126953,5.0534892082214355,4.881033340168322,-88.6129150390625,6.2756876945495605,-88.99683380126953,5.0534892082214355
16,16,-97.24320983886719,6.612377643585205,-94.24811007042507,16.153309326449197,10.0,-93.07698059082031,15.244413375854492,9.584858216502475,-92.58399963378906,9.503204345703125,5.483166854727486,-91.55109405517578,9.97362995147705,-92.58399963378906,9.503204345703125
17,17,-100.48795318603516,6.946656227111816,-103.57522903360399,16.458161252133785,10.0,-96.77896118164062,15.383868217468262,9.21646178632978,-96.13099670410156,13.292308807373047,7.697426612501036,-94.98411560058594,12.930779457092285,-96.13099670410156,13.292308807373047
18,18,-103.73233032226562,7.28089714050293,-111.75980830258266,13.244083979394118,10.0,-107.84480285644531,9.764968872070312,4.8044815237395255,-103.93761444091797,13.430439949035645,6.152968253074877,-103.73220825195312,12.852774620056152,-103.93761444091797,13.430439949035645
19,19,-107.29228973388672,7.647648811340332,-117.29011132465182,7.856367375994283,10.0,-112.5264892578125,2.5047097206115723,7.338028832541532,-111.15010833740234,10.488824844360352,4.791142413687848,-110.42952728271484,9.3607816696167,-111.15010833740234,10.488824844360352
20,20,-110.61548614501953,7.9523024559021,-118.88484136773462,2.329334894146604,10.0,-114.2530517578125,-3.265167236328125,11.792519233966827,-115.45215606689453,5.3362016677856445,5.498850722355886,-114.7276382446289,3.881744384765625,-115.45215606689453,5.3362016677856445
21,21,-113.93445587158203,8.25656795501709,-117.41600091461356,-1.1178037099715876,10.0,-116.3719253540039,-2.283555030822754,10.818292380702575,-116.76113891601562,1.151362419128418,7.646834818466488,-117.8695297241211,0.6171097755432129,-116.76113891601562,1.151362419128418
22,22,-117.24945068359375,8.560468673706055,-114.6551476049914,-1.0971496422326297,10.0,-117.7877197265625,-1.561406135559082,10.136176952729992,-118.1494140625,-1.0719459056854248,9.674365339010404,-119.99964141845703,-1.2496598958969116,-118.1494140625,-1.0719459056854248
23,23,-120.81004333496094,8.859625816345215,-113.09968462824611,2.491708683264191,10.0,-119.13272094726562,-1.1952518224716187,10.193820418461504,-119.2021484375,-1.9091730117797852,10.888174971128416,-121.1800308227539,-2.2030088901519775,-119.2021484375,-1.9091730117797852
24,24,-124.06947326660156,9.133479118347168,-114.09559550319489,8.411147919642598,10.0,-119.53297424316406,5.464405059814453,5.834546069459656,-117.0184097290039,-1.0934302806854248,12.422043828100929,-121.56075286865234,-0.212392196059227,-117.0184097290039,-1.0934302806854248
25,25,-127.31895446777344,9.40649700164795,-118.77150932971784,14.59698653655021,10.0,-123.02690124511719,11.613746643066406,4.826351815362801,-119.55875396728516,3.2967491149902344,9.876726737451886,-123.40058135986328,3.6584384441375732,-119.55875396728516,3.2967491149902344
26,26,-130.83126831054688,9.741641998291016,-126.87248219689187,18.924670502348505,10.0,-126.82386779785156,16.507171630859375,7.863310376572402,-122.7175521850586,8.826871871948242,8.165120559370678,-125.76628112792969,9.063733100891113,-122.7175521850586,8.826871871948242
27,27,-134.03652954101562,10.047489166259766,-136.1310012593107,19.82568880736252,10.0,-139.37326049804688,16.88979721069336,8.677434913766646,-128.3607177734375,12.762826919555664,6.291891475180761,-131.8041534423828,13.202447891235352,-128.3607177734375,12.762826919555664
28,28,-137.2352752685547,10.352712631225586,-144.60813073038162,17.108525116708638,10.0,-148.8505401611328,12.292462348937988,11.776120222387476,-137.5643310546875,14.40399169921875,4.064620498539445,-140.17990112304688,14.198808670043945,-137.5643310546875,14.40399169921875
29,29,-140.4192352294922,10.665609359741211,-150.34280110074997,11.899643556515311,10.0,-153.3489227294922,7.514066219329834,13.30823215207528,-145.60926818847656,12.946534156799316,5.6691322127093375,-148.12863159179688,12.539557456970215,-145.60926818847656,12.946534156799316
30,30,-143.60858154296875,10.979033470153809,-152.41151960926118,6.2347441238955525,10.0,-153.27511596679688,3.6577255725860596,12.126146836404466,-151.20216369628906,10.176657676696777,7.635855998717535,-153.41180419921875,9.434635162353516,-151.20216369628906,10.176657676696777
31,31,-147.09031677246094,11.321191787719727,-151.51587806461472,2.353783731353042,10.0,-153.21221923828125,-0.5569645166397095,13.362944547958381,-154.04615783691406,6.425564765930176,8.505932567943882,-156.56466674804688,5.556219577789307,-154.04615783691406,6.425564765930176
32,32,-150.38534545898438,11.621426582336426,-148.79624228194868,1.7484963641724658,10.0,-153.25689697265625,-0.5840070843696594,12.538676927333027,-155.79568481445312,3.469451427459717,9.783990538990784,-158.15965270996094,2.6038239002227783,-155.79568481445312,3.469451427459717
33,33,-153.68882751464844,11.922432899475098,-146.67296700746562,4.796585487149149,10.0,-148.4477081298828,3.5458579063415527,9.881110313166038,-154.05096435546875,3.313405990600586,8.616640146205755,-156.7782745361328,2.2215163707733154,-154.05096435546875,3.313405990600586
34,34,-156.9862060546875,12.222880363464355,-147.13918713019356,10.480405600187034,10.0,-148.67359924316406,7.427621364593506,9.596558803510648,-152.53961181640625,4.471157550811768,8.936520960872556,-155.24635314941406,3.677783966064453,-152.53961181640625,4.471157550811768
35,35,-161.97410583496094,12.701958656311035,-152.9389472773699,16.987505277127227,10.0,-153.28543090820312,12.554530143737793,8.689925612408281,-153.38438415527344,7.646388053894043,9.967051351855089,-155.50372314453125,6.700831890106201,-153.38438415527344,7.646388053894043
36,36,-166.95358276367188,13.180227279663086,-162.0729462044934,21.908307640040768,10.0,-161.61456298828125,17.11441993713379,6.631968337387367,-156.0812530517578,12.19194221496582,10.91715442474242,-158.8098907470703,11.068535804748535,-156.0812530517578,12.19194221496582
37,37,-170.4643096923828,13.542064666748047,-171.54384319631004,23.48362427346462,10.0,-172.82327270507812,22.063674926757812,8.842089567447745,-162.99884033203125,17.562591552734375,8.479261124136164,-165.42698669433594,16.41152572631836,-162.99884033203125,17.562591552734375
38,38,-173.6732940673828,13.872800827026367,-180.31361170217053,21.34984447469402,10.0,-181.72267150878906,17.351226806640625,8.768804051287452,-171.81617736816406,19.167449951171875,5.610899373748556,-174.0563201904297,18.151996612548828,-171.81617736816406,19.167449951171875
39,39,-176.89031982421875,14.204366683959961,-186.63475911544987,16.450675411519775,10.0,-190.14346313476562,12.394058227539062,13.376211134595716,-180.33473205566406,17.781570434570312,4.965920085292437,-182.99232482910156,17.160978317260742,-180.33473205566406,17.781570434570312
40,40,-180.07899475097656,14.495210647583008,-189.32248743872464,10.679736505153565,10.0,-190.3715362548828,7.903301239013672,12.22250711844414,-186.6304473876953,14.841135025024414,6.5605788865066845,-189.2008819580078,14.272055625915527,-186.6304473876953,14.841135025024414
41,41,-183.2713623046875,14.786392211914062,-188.5941711312686,6.320714082214689,10.0,-190.52810668945312,3.1655404567718506,13.70053044888479,-191.31605529785156,10.727213859558105,9.01077212288149,-193.07391357421875,9.939244270324707,-191.31605529785156,10.727213859558105
42,42,-186.7760009765625,15.10605525970459,-186.20889112190528,5.122148889312754,10.0,-185.9709014892578,3.0122735500335693,12.120550368099279,-191.74484252929688,7.85875129699707,8.78708148955362,-193.24903869628906,6.667889595031738,-191.74484252929688,7.85875129699707
43,43,-190.19520568847656,15.40483283996582,-183.94798601646875,7.5963601103164065,10.0,-185.81198120117188,3.0237340927124023,13.13408782882723,-191.23728942871094,5.702555179595947,9.758080257948956,-192.59132385253906,4.390079498291016,-191.23728942871094,5.702555179595947
44,44,-193.5978240966797,15.702159881591797,-183.9817259341571,12.957955784092869,10.0,-185.79718017578125,12.320597648620605,8.502059086839308,-190.923095703125,7.607954978942871,8.524689143033518,-191.5479736328125,6.516695499420166,-190.923095703125,7.607954978942871
45,45,-196.71273803710938,15.974347114562988,-187.2853483558789,19.30966176212315,10.0,-190.1089630126953,17.386077880859375,6.752986622938234,-191.42095947265625,11.553287506103516,6.895555701809492,-192.17514038085938,10.463569641113281,-191.42095947265625,11.553287506103516
46,46,-199.96063232421875,16.28047752380371,-194.20972320618412,24.461372604178862,10.0,-195.85556030273438,22.04294204711914,7.075140541645991,-193.85794067382812,16.465473175048828,6.105494965252781,-194.61471557617188,15.54958724975586,-193.85794067382812,16.465473175048828
47,47,-203.51315307617188,16.61532211303711,-203.56634000617734,26.615180669560626,10.0,-205.8162841796875,22.290433883666992,6.124647458354068,-198.83868408203125,20.435205459594727,6.036734975008451,-200.31820678710938,19.184206008911133,-198.83868408203125,20.435205459594727
48,48,-206.75160217285156,16.920562744140625,-212.58920802967188,25.039821199222416,10.0,-213.9078826904297,21.79804039001465,8.660377534049486,-205.9899444580078,22.648990631103516,5.77884145229086,-207.62030029296875,21.44963264465332,-205.9899444580078,22.648990631103516
49,49,-210.1930389404297,17.253925323486328,-219.65537377583752,20.488769904393948,10.0,-219.444091796875,16.833595275878906,9.260596973287772,-213.29736328125,22.04479217529297,5.708698170752167,-215.04534912109375,20.903411865234375,-213.29736328125,22.04479217529297
50,50,-213.3181915283203,17.556650161743164,-222.9045548955878,14.71031262190147,10.0,-219.2104034423828,11.843130111694336,8.207464444183113,-217.36663818359375,19.360443115234375,4.432108904309463,-219.48948669433594,18.202796936035156,-217.36663818359375,19.360443115234375
51,51,-216.74961853027344,17.889041900634766,-222.91342418974315,10.014557803737429,10.0,-219.92462158203125,8.024175643920898,10.363215265617292,-219.91497802734375,15.228130340576172,4.135208710107228,-222.2317657470703,14.089354515075684,-219.91497802734375,15.228130340576172
52,52,-219.85296630859375,18.18168067932129,-220.3138429141889,8.19230668720271,10.0,-220.3696746826172,8.193252563476562,10.001784029321138,-221.83663940429688,12.501349449157715,6.016736809516272,-223.79808044433594,11.255143165588379,-221.83663940429688,12.501349449157715
53,53,-223.26548767089844,18.50347328186035,-217.85292858053143,10.094894085986326,10.0,-217.71185302734375,8.200082778930664,11.704815829817763,-221.39492797851562,10.577791213989258,8.143428627042832,-223.44894409179688,9.329279899597168,-221.39492797851562,10.577791213989258
54,54,-226.6659393310547,18.824125289916992,-217.38238351514602,15.107192224484074,10.0,-218.0537872314453,12.23031997680664,10.84654010705757,-220.3373565673828,10.637165069580078,10.34781510493997,-222.76596069335938,9.630207061767578,-220.3373565673828,10.637165069580078
55,55,-229.90402221679688,19.161306381225586,-220.18402875165026,21.51114191536559,10.0,-223.52671813964844,17.319364547729492,6.63797838279073,-221.69166564941406,13.10875415802002,10.201773806768422,-224.08328247070312,12.118042945861816,-221.69166564941406,13.10875415802002
56,56,-233.15289306640625,19.499608993530273,-226.59248619524573,27.046864235327117,10.0,-225.2368927001953,21.30140495300293,8.118468481026682,-223.17822265625,16.744468688964844,10.348180897582315,-225.49539184570312,15.70732307434082,-223.17822265625,16.744468688964844
57,57,-236.7150115966797,19.870529174804688,-235.74128988070282,29.82300957015514,10.0,-234.5316162109375,28.425140380859375,8.828849772039204,-228.37966918945312,22.491151809692383,8.737596697044058,-230.16860961914062,21.21440887451172,-228.37966918945312,22.491151809692383
58,58,-241.94894409179688,20.40029525756836,-246.92214716587196,29.07596532875077,10.0,-243.32579040527344,29.67743682861328,9.378755860994774,-234.57875061035156,27.22230339050293,10.042885388162329,-236.5915985107422,26.005617141723633,-234.57875061035156,27.22230339050293
59,59,-246.72323608398438,20.88353729248047,-255.8034698283286,25.072732340228004,10.0,-254.36077880859375,24.28473663330078,8.360634893728474,-243.4417266845703,28.03327178955078,7.86682955942482,-245.38232421875,26.925912857055664,-243.4417266845703,28.03327178955078
60,60,-250.1058349609375,21.189523696899414,-259.9337616562523,19.34240245791169,10.0,-258.44384765625,16.391481399536133,9.619961829159175,-251.70730590820312,25.388492584228516,4.494001436547796,-253.77000427246094,24.377351760864258,-251.70730590820312,25.388492584228516
61,61,-253.18551635742188,21.468109130859375,-260.12518061096887,14.268035516788334,10.0,-258.0377502441406,10.97425365447998,11.561365682762549,-256.8409423828125,20.246700286865234,3.8540860124405896,-258.7539367675781,19.576087951660156,-256.8409423828125,20.246700286865234
62,62,-256.56805419921875,21.774091720581055,-258.0520467853567,11.884816418300932,10.0,-257.5287170410156,6.667120933532715,15.137484581539338,-260.281494140625,15.477498054504395,7.310042954327147,-261.28350830078125,13.746071815490723,-260.281494140625,15.477498054504395
63,63,-259.78179931640625,22.02918815612793,-255.2610999774928,13.109363186592516,10.0,-253.72402954101562,9.222792625427246,14.166874783818294,-259.10760498046875,11.076400756835938,10.9735176591966,-261.3462219238281,10.955127716064453,-259.10760498046875,11.076400756835938
64,64,-262.99114990234375,22.283937454223633,-254.13824375653783,17.633555451253166,10.0,-253.81297302246094,9.30097770690918,15.89956523426986,-258.81036376953125,8.818704605102539,14.09934283466315,-260.436767578125,9.150513648986816,-258.81036376953125,8.818704605102539
65,65,-266.5252380371094,22.56446075439453,-256.61536032376154,23.90398444081888,10.0,-253.76712036132812,19.41098403930664,13.142069168197354,-257.4522399902344,12.129522323608398,13.827770377501029,-259.0713195800781,12.100736618041992,-257.4522399902344,12.129522323608398
66,66,-269.7339172363281,22.84096336364746,-262.43334207716146,29.674820425758064,10.0,-260.9812316894531,24.697643280029297,8.947444584593423,-257.42498779296875,16.8117733001709,13.706234963078805,-260.7874755859375,16.68744468688965,-257.42498779296875,16.8117733001709
67,67,-272.9421081542969,23.117422103881836,-270.95176794766945,32.91734791288071,10.0,-264.7270202636719,29.402376174926758,10.343515684999836,-260.0852355957031,22.169076919555664,12.891800905092959,-263.6844482421875,22.51050567626953,-260.0852355957031,22.169076919555664
68,68,-276.4721984863281,23.421621322631836,-280.5284426609674,32.562019738221004,10.0,-270.51568603515625,27.851486206054688,7.423189574997296,-264.9755554199219,25.56519317626953,11.694772425663299,-269.3060302734375,25.924213409423828,-264.9755554199219,25.56519317626953
69,69,-279.8583984375,23.757869720458984,-288.4605724465956,28.85714440586666,10.0,-278.7751770019531,23.99203109741211,1.1082419541259103,-271.3835754394531,26.070913314819336,8.784804808169369,-275.90716552734375,26.27823829650879,-271.3835754394531,26.070913314819336
70,70,-282.95196533203125,24.0650577545166,-292.91759519635065,23.23667293609881,10.0,-286.92510986328125,18.9967041015625,6.440037749704187,-278.35882568359375,25.08652114868164,4.705350071532162,-281.2091979980469,24.824663162231445,-278.35882568359375,25.08652114868164
71,71,-286.3374328613281,24.40123176574707,-293.97961830469404,17.951658008574732,10.0,-285.5872497558594,9.120587348937988,15.299047960075468,-283.36981201171875,18.345487594604492,6.7437979635635275,-285.72039794921875,19.247722625732422,-283.36981201171875,18.345487594604492
72,72,-289.56787109375,24.758047103881836,-292.0592970336884,15.073378974007586,10.0,-287.5326843261719,10.442302703857422,14.459686127497909,-288.49334716796875,15.900481224060059,8.922503851636002,-289.3685607910156,15.35927963256836,-288.49334716796875,15.900481224060059
73,73,-292.791015625,25.11405372619629,-289.2099501578485,15.777246449617486,10.0,-285.5852966308594,13.058355331420898,14.045008010261473,-287.58697509765625,14.127815246582031,12.156458108396262,-290.52557373046875,13.575028419494629,-287.58697509765625,14.127815246582031
74,74,-296.3150329589844,25.5032958984375,-287.9863327611003,19.968609546550372,10.0,-290.70709228515625,17.835277557373047,9.499868624358797,-290.3113098144531,15.31093978881836,11.829151054131941,-292.578125,14.338045120239258,-290.3113098144531,15.31093978881836
75,75,-299.6627502441406,25.858945846557617,-289.6677144885666,26.174001785713358,10.0,-292.15057373046875,23.39411163330078,7.906212979132599,-291.27362060546875,18.16486358642578,11.383162913712441,-294.0265197753906,17.314725875854492,-291.27362060546875,18.16486358642578
76,76,-303.0234375,26.21597671508789,-295.0598455132157,32.264216348900725,10.0,-298.7691955566406,28.10394287109375,4.654351804372086,-296.8378601074219,22.566017150878906,7.182170458846979,-297.4714660644531,21.653568267822266,-296.8378601074219,22.566017150878906
77,77,-306.37432861328125,26.571962356567383,-303.38840355380074,36.1157693296346,10.0,-304.7578125,32.54273223876953,6.185726903987128,-302.0294494628906,27.583335876464844,4.46103701265176,-301.9712219238281,26.725486755371094,-302.0294494628906,27.583335876464844
78,78,-309.93170166015625,26.87871551513672,-313.02812111247016,36.387247819090476,10.0,-315.2848815917969,32.634151458740234,7.860125843868101,-309.9089660644531,31.337921142578125,4.4592635866381665,-309.40673828125,30.242691040039062,-309.9089660644531,31.337921142578125
79,79,-313.1907958984375,27.159746170043945,-321.2240035967275,33.11521206921036,10.0,-323.9940185546875,32.65064239501953,12.11856266699828,-319.1849670410156,33.94561004638672,9.054172310861446,-317.879638671875,32.596675872802734,-319.1849670410156,33.94561004638672
80,80,-316.4438171386719,27.44025421142578,-326.4418347850627,27.63936006884009,10.0,-328.62774658203125,23.447513580322266,12.821470837155323,-324.8739929199219,31.516864776611328,9.364113273714521,-325.35260009765625,30.236324310302734,-324.8739929199219,31.516864776611328
81,81,-321.592041015625,27.871477127075195,-329.8559860985675,22.240561423025774,10.0,-333.2618713378906,18.349950790405273,15.061354637959003,-331.3992614746094,27.93609046936035,9.807433304138394,-332.00543212890625,26.304656982421875,-331.3992614746094,27.93609046936035
82,82,-326.2784423828125,28.264019012451172,-329.75097263458883,18.886304277479855,10.0,-333.26861572265625,18.34827995300293,12.131957979490773,-335.28790283203125,24.531070709228516,9.752193631207792,-336.0999450683594,23.150976181030273,-335.28790283203125,24.531070709228516
83,83,-329.66363525390625,28.562585830688477,-327.060047859078,18.907466324566784,10.0,-328.72369384765625,18.553693771362305,10.052930423633983,-335.1256103515625,22.010465621948242,8.530149541315156,-336.4809875488281,20.874765396118164,-335.1256103515625,22.010465621948242
84,84,-332.744140625,28.834280014038086,-325.0276629174874,22.473779106919125,10.0,-328.7806396484375,18.557374954223633,11.014722765446791,-334.12176513671875,20.76888656616211,8.182201461973975,-335.96527099609375,19.282371520996094,-334.12176513671875,20.76888656616211
85,85,-336.1232604980469,29.13231086730957,-326.1486928445387,28.419569591958776,10.0,-328.33538818359375,28.001670837402344,7.869517270039763,-334.430908203125,24.249034881591797,5.168214454027157,-334.7957458496094,22.1528263092041,-334.430908203125,24.249034881591797
86,86,-339.6257019042969,29.462242126464844,-331.08325121967533,34.66094737881464,10.0,-333.0030517578125,32.82048416137695,7.425448439507215,-334.5209045410156,28.07935905456543,5.288792084276821,-335.34674072265625,26.271728515625,-334.5209045410156,28.07935905456543
87,87,-342.8448791503906,29.765491485595703,-338.8949240777685,38.95232200129952,10.0,-341.8275146484375,37.40035629272461,7.702349716350838,-338.0841064453125,32.90678024291992,5.703740159431215,-339.0378723144531,31.19406509399414,-338.0841064453125,32.90678024291992
88,88,-346.0498046875,30.067394256591797,-348.15367688843935,39.8435756052634,10.0,-351.2802734375,37.33184051513672,8.95153521961534,-343.3166198730469,35.849063873291016,6.395154633519041,-345.1914978027344,34.71831512451172,-343.3166198730469,35.849063873291016
89,89,-349.5847473144531,30.437746047973633,-356.964094883024,37.186466627626245,10.0,-360.74334716796875,32.591949462890625,11.364635631806193,-351.8380432128906,36.466522216796875,6.43610786886658,-353.4333801269531,35.14690017700195,-351.8380432128906,36.466522216796875
90,90,-352.80938720703125,30.775583267211914,-362.7341349789952,32.00007567751788,10.0,-365.33026123046875,27.766643524169922,12.877344628767593,-359.32049560546875,34.77790451049805,7.642846845950977,-360.90313720703125,33.30523681640625,-359.32049560546875,34.77790451049805
91,91,-356.03759765625,31.113798141479492,-364.8359701593456,26.361047222614545,10.0,-365.4789733886719,22.914409637451172,12.504780988116364,-363.62567138671875,30.6315860748291,7.603380262505169,-365.78997802734375,29.612445831298828,-363.62567138671875,30.6315860748291
92,92,-359.28173828125,31.43756103515625,-363.6986756293263,22.465902076905078,10.0,-365.57000732421875,17.96509552001953,14.86773871889425,-367.7063293457031,26.319974899291992,9.857150828776716,-368.7001647949219,24.857973098754883,-367.7063293457031,26.319974899291992
93,93,-362.83331298828125,31.792009353637695,-361.23471801435585,21.920611574734224,10.0,-361.06439208984375,17.931514739990234,13.972916377044529,-367.4300231933594,22.784021377563477,10.113040694398846,-368.3827209472656,21.334383010864258,-367.4300231933594,22.784021377563477
94,94,-366.0764465332031,32.11567306518555,-359.05373797659354,24.996574489598714,10.0,-360.9071960449219,22.915576934814453,10.552863091060413,-365.85089111328125,21.98948097229004,10.12870384351698,-367.3730773925781,20.888336181640625,-365.85089111328125,21.98948097229004
95,95,-369.61279296875,32.450355529785156,-359.76410325755086,30.717349190350713,10.0,-360.86053466796875,27.881441116333008,9.873044326905713,-365.6917724609375,25.125593185424805,8.308221543991563,-366.1122131347656,22.782533645629883,-365.6917724609375,25.125593185424805
96,96,-372.840576171875,32.75583267211914,-363.8095422172073,37.050064350736356,10.0,-365.1639099121094,32.580894470214844,7.678659273487101,-365.91162109375,28.283235549926758,8.247093032827859,-366.5938720703125,26.35424041748047,-365.91162109375,28.283235549926758
97,97,-376.074462890625,33.0618896484375,-371.20222037934036,41.79465856277565,10.0,-373.46917724609375,37.19656753540039,4.887031258191472,-369.0742492675781,32.808509826660156,7.004797791683567,-370.018310546875,30.852027893066406,-369.0742492675781,32.808509826660156
98,98,-379.28497314453125,33.342430114746094,-380.37406466601215,43.28294718670158,10.0,-384.2208251953125,42.48712158203125,10.391728321075345,-375.40496826171875,37.72846984863281,5.855918581903434,-376.705078125,36.40292739868164,-375.40496826171875,37.72846984863281
99,99,-382.8072509765625,33.650211334228516,-389.4547544991863,41.120867056232036,10.0,-389.6722412109375,37.40077209472656,7.822710331864002,-382.1762390136719,39.940032958984375,6.32139479613143,-383.6141662597656,38.203468322753906,-382.1762390136719,39.940032958984375
100,100,-386.01123046875,33.930179595947266,-395.75782501560576,36.167118294079394,10.0,-399.0400390625,32.65812683105469,13.090759015780739,-390.59930419921875,38.865936279296875,6.738851133052856,-392.1144714355469,37.340824127197266,-390.59930419921875,38.865936279296875
101,101,-389.1904296875,34.22496032714844,-398.43024963686224,30.400600602519017,10.0,-399.201904296875,26.898426055908203,12.4059553554661,-396.11041259765625,35.63744354248047,7.062667506717931,-397.90765380859375,34.162052154541016,-396.11041259765625,35.63744354248047
102,102,-392.3679504394531,34.51958084106445,-397.682617305773,26.04878890051714,10.0,-399.62933349609375,21.902626037597656,14.55730855646027,-399.8246765136719,30.639759063720703,8.405699302847122,-401.7293395996094,29.248533248901367,-399.8246765136719,30.639759063720703
103,103,-395.8560485839844,34.84300231933594,-395.27933975975964,24.859645823043657,10.0,-399.70263671875,21.990110397338867,13.416149635311065,-401.9580993652344,27.284530639648438,9.714191570562715,-403.8883361816406,25.776960372924805,-401.9580993652344,27.284530639648438
104,104,-399.0557861328125,35.11958312988281,-392.8010617319804,27.31712052698393,10.0,-394.16656494140625,22.481544494628906,13.550811946325075,-400.04736328125,25.287466049194336,9.881991273507053,-402.18145751953125,23.548513412475586,-400.04736328125,25.287466049194336
105,105,-402.5732727050781,35.42363357543945,-392.9545405158875,32.68867634128956,10.0,-394.1615295410156,26.988208770751953,11.91275848381429,-398.898681640625,25.108837127685547,10.94977831965357,-400.4917297363281,23.83812713623047,-398.898681640625,25.108837127685547
106,106,-405.7723693847656,35.70016098022461,-396.34819086771927,39.04453824345941,10.0,-399.18359375,37.97443771362305,6.970243828257275,-399.6011047363281,30.001996994018555,8.399617858852276,-401.0635681152344,28.697660446166992,-399.6011047363281,30.001996994018555
107,107,-410.9620056152344,36.18172073364258,-405.2189648448268,44.368141362307846,10.0,-409.35821533203125,43.066165924072266,7.068785528825105,-403.97784423828125,36.24957275390625,6.984490964700122,-405.28082275390625,34.832908630371094,-403.97784423828125,36.24957275390625
108,108,-415.7295227050781,36.62411117553711,-415.7923241797498,46.62391397233161,10.0,-420.3352355957031,42.62134552001953,7.561706884924117,-410.718017578125,40.340843200683594,6.2393333445350505,-412.6109619140625,38.94861602783203,-410.718017578125,40.340843200683594
109,109,-418.8456726074219,36.940486907958984,-424.69108219370975,45.05412892425066,10.0,-428.6580505371094,42.000980377197266,11.040441784060167,-419.8103942871094,43.06454849243164,6.19958209959936,-421.3973083496094,41.49851989746094,-419.8103942871094,43.06454849243164
110,110,-422.2717590332031,37.288333892822266,-431.7371997027132,40.51407922250718,10.0,-432.5775146484375,37.20148468017578,10.306121558892665,-426.72198486328125,42.312992095947266,6.712056316578839,-428.6857604980469,41.109619140625,-426.72198486328125,42.312992095947266
111,111,-425.7071228027344,37.63711929321289,-435.2907450694142,34.781566063171695,10.0,-436.78759765625,33.5059700012207,11.825536666558506,-433.29150390625,40.07426452636719,7.966336272770037,-435.0855407714844,38.77216339111328,-433.29150390625,40.07426452636719
112,112,-429.1660461425781,37.977447509765625,-435.32227786870374,30.097040735096908,10.0,-436.4228820800781,27.07145881652832,13.099704469979903,-436.9400634765625,36.37086868286133,7.938289553559175,-438.8912658691406,34.943904876708984,-436.9400634765625,36.37086868286133
113,113,-432.6162414550781,38.31691360473633,-433.0675133589999,28.327101110563536,10.0,-435.2716064453125,27.385395050048828,11.249402701603294,-438.58941650390625,32.88338851928711,8.074776468618113,-440.4433288574219,31.495779037475586,-438.58941650390625,32.88338851928711
114,114,-435.776611328125,38.627864837646484,-430.355970138464,30.224493544352928,10.0,-433.07977294921875,26.303321838378906,12.616152241580519,-438.04248046875,30.34002685546875,8.59199751985908,-439.77459716796875,28.883272171020508,-438.04248046875,30.34002685546875
115,115,-439.2908630371094,38.962501525878906,-430.00373779059646,35.254496043738584,10.0,-432.7660217285156,32.411983489990234,9.24569308601763,-437.192626953125,31.06494903564453,8.171531680177301,-438.77337646484375,29.54036521911621,-437.192626953125,31.06494903564453
116,116,-442.5021057128906,39.26829147338867,-432.78437603805344,41.627471408618085,10.0,-436.96893310546875,37.4456672668457,5.825629416792676,-437.78216552734375,33.83992004394531,7.1934033482863455,-439.3553771972656,32.24207305908203,-437.78216552734375,33.83992004394531
117,117,-445.7133483886719,39.57407760620117,-439.16020101327075,47.12763699739376,10.0,-443.4207458496094,41.318702697753906,2.8809274743025393,-440.0434875488281,36.89338684082031,6.27163654262521,-441.9595947265625,35.737098693847656,-440.0434875488281,36.89338684082031
118,118,-449.110595703125,39.88394546508789,-448.1464434537592,49.83735746500244,10.0,-452.65362548828125,46.326438903808594,7.352467733112717,-446.023193359375,41.48130798339844,3.476150204910082,-447.72967529296875,40.31296920776367,-446.023193359375,41.48130798339844
119,119,-452.206787109375,40.16635513305664,-457.188329285824,48.83723960606514,10.0,-460.119873046875,46.03179931640625,9.849891599517735,-452.68658447265625,44.8852424621582,4.743216538865469,-454.45697021484375,43.57190704345703,-452.68658447265625,44.8852424621582
120,120,-455.5990295410156,40.475765228271484,-464.68328687591793,44.6562279626196,10.0,-465.30474853515625,42.38530731201172,9.891781040985345,-459.0818786621094,45.63272476196289,6.222898812646257,-460.7999572753906,44.212135314941406,-459.0818786621094,45.63272476196289
121,121,-459.1404724121094,40.788551330566406,-468.9666186122035,38.931981683508845,10.0,-471.3401184082031,40.286651611328125,12.209965837715425,-465.8383483886719,44.62834167480469,7.720461934697859,-467.6336669921875,43.09172439575195,-465.8383483886719,44.62834167480469
122,122,-462.3484802246094,41.07188034057617,-469.28121861200094,33.86513777184325,10.0,-471.1043701171875,38.399879455566406,9.15451782129702,-469.88458251953125,42.85572814941406,7.744349605010255,-472.00140380859375,41.355472564697266,-469.88458251953125,42.85572814941406
123,123,-465.55621337890625,41.35519027709961,-467.0306970324133,31.46449273064008,10.0,-471.2359619140625,33.67646026611328,9.551043817522338,-472.4992370605469,40.551918029785156,6.989336459716913,-474.54180908203125,39.24214553833008,-472.4992370605469,40.551918029785156
124,124,-468.9824523925781,41.67662048339844,-464.45317899439954,32.76114615588496,10.0,-465.41375732421875,30.71063995361328,11.532055908230745,-471.9668273925781,37.67546463012695,4.991567118931053,-473.88006591796875,36.110679626464844,-471.9668273925781,37.67546463012695
125,125,-472.1073913574219,41.96978759765625,-463.2500180983204,37.32791955246639,10.0,-465.2433776855469,34.57170867919922,10.091890574684472,-470.70758056640625,36.49909973144531,5.646936867023694,-472.5458984375,34.90647888183594,-470.70758056640625,36.49909973144531
126,126,-475.5235900878906,42.29027557373047,-465.6150048675572,43.63932669633107,10.0,-471.6488037109375,42.42603302001953,3.877163854061942,-471.38818359375,39.283939361572266,5.112694425869219,-473.4180908203125,37.593997955322266,-471.38818359375,39.283939361572266
127,127,-480.710693359375,42.825992584228516,-473.4166921267612,49.66686577546868,10.0,-476.5997314453125,45.91352844238281,5.141292204714784,-473.69769287109375,42.04357147216797,7.0565117901999646,-475.8125915527344,40.78835678100586,-473.69769287109375,42.04357147216797
128,128,-485.43988037109375,43.314414978027344,-483.45896342423345,53.11624991081629,10.0,-483.28131103515625,50.867801666259766,7.8557668015297155,-478.1396789550781,46.21077346801758,7.853778276532579,-480.1461486816406,45.13050842285156,-478.1396789550781,46.21077346801758
129,129,-488.66900634765625,43.66962432861328,-492.73403687110465,52.80611856017896,10.0,-491.9920654296875,51.28133773803711,8.305474260382299,-484.1681213378906,49.5906867980957,7.4375363285597595,-486.2987060546875,48.481224060058594,-484.1681213378906,49.5906867980957
130,130,-491.9098205566406,44.02613067626953,-500.5168933920062,49.11713226797158,10.0,-502.81903076171875,46.92145538330078,11.286884975834843,-492.96563720703125,50.4312629699707,6.491569032141283,-494.8658142089844,49.00164031982422,-492.96563720703125,50.4312629699707
131,131,-495.4583435058594,44.41647720336914,-505.42317229635046,43.578511108470295,10.0,-507.355712890625,44.594642639160156,11.89870334112373,-501.22943115234375,49.02420425415039,7.3848900599742064,-502.7937316894531,47.80349349975586,-501.22943115234375,49.02420425415039
132,132,-498.7073974609375,44.71101379394531,-506.3433782969246,38.25409528180364,10.0,-506.8843994140625,38.897560119628906,10.032926022095099,-506.2394714355469,45.96119689941406,7.635122537077408,-507.65228271484375,44.53538131713867,-506.2394714355469,45.96119689941406
133,133,-502.27886962890625,45.03477096557617,-504.7609828943304,35.34771187947551,10.0,-506.9541015625,39.063011169433594,7.584174885623327,-508.6036682128906,43.49849319458008,6.508703904590182,-510.458984375,42.0992317199707,-508.6036682128906,43.49849319458008
134,134,-505.52783203125,45.32929611206055,-501.93779115432505,35.99593623996689,10.0,-502.3403625488281,37.87702178955078,8.105328758249671,-508.7740478515625,41.837127685546875,4.7679301034291734,-510.4064025878906,40.180824279785156,-508.7740478515625,41.837127685546875
135,135,-509.0766296386719,45.60560607910156,-500.7426118526315,40.07893008516429,10.0,-502.65802001953125,41.364219665527344,7.693367802996067,-508.08135986328125,42.190452575683594,3.5572229867853564,-509.535888671875,40.25593566894531,-508.08135986328125,42.190452575683594
136,136,-512.3068237304688,45.85710525512695,-502.31209551172816,46.18177098092858,10.0,-502.5995178222656,43.83119583129883,9.916455868352912,-506.74151611328125,43.08857727050781,6.215898653899091,-508.2083435058594,41.29102325439453,-506.74151611328125,43.08857727050781
137,137,-515.5360717773438,46.1085319519043,-507.57829867556643,52.16442554910604,10.0,-506.94097900390625,47.13359451293945,8.65600213944252,-507.4178771972656,44.377445220947266,8.300707470457283,-508.5732116699219,43.22937774658203,-507.4178771972656,44.377445220947266
138,138,-518.6881713867188,46.37449264526367,-515.711423796466,55.92116608599288,10.0,-516.0687255859375,52.1522331237793,6.343798652251542,-511.3848876953125,48.098838806152344,7.504087043720375,-512.381591796875,46.87181854248047,-511.3848876953125,48.098838806152344
139,139,-522.1470947265625,46.66633605957031,-525.2526549212115,56.171886852523436,10.0,-526.2701416015625,52.74424743652344,7.344421164363022,-517.8510131835938,51.24770736694336,6.280547721326363,-518.7885131835938,49.86795425415039,-517.8510131835938,51.24770736694336
140,140,-525.2991943359375,46.93229675292969,-533.3381243260961,52.8800362069851,10.0,-535.9147338867188,52.95042419433594,12.202767630960114,-526.7185668945312,53.65625,6.872129635627981,-527.6571044921875,52.038421630859375,-526.7185668945312,53.65625
141,141,-528.637451171875,47.26866149902344,-538.6356556314663,47.45815446513952,10.0,-540.0546264648438,44.29426574707031,11.798259268197697,-534.2913208007812,51.28573226928711,6.935639794134011,-535.4238891601562,49.66547775268555,-534.2913208007812,51.28573226928711
142,142,-531.6807861328125,47.5753059387207,-539.9393134365785,41.93644729774102,10.0,-540.1006469726562,40.067344665527344,11.281114264207483,-538.8956298828125,47.81299591064453,7.218757985946558,-540.3890991210938,46.241790771484375,-538.8956298828125,47.81299591064453
143,143,-535.021484375,47.91190719604492,-538.4849966254246,38.53085806009225,10.0,-538.7760620117188,22.967580795288086,25.22531016296218,-540.400390625,35.353118896484375,13.662203189803172,-542.8756103515625,34.0829963684082,-540.400390625,35.353118896484375
144,144,-538.438232421875,48.356380462646484,-535.8253631176442,38.703768691783196,10.0,-535.5867309570312,34.634910583496094,14.014627938280684,-540.416748046875,33.6834831237793,14.805689460315751,-542.47705078125,32.08854293823242,-540.416748046875,33.6834831237793
145,145,-541.8419799804688,48.799163818359375,-534.1193904054693,42.4460850170135,10.0,-536.4168701171875,39.986045837402344,10.349051433582677,-539.9276733398438,34.83108139038086,14.098648751889067,-541.9671020507812,33.4432487487793,-539.9276733398438,34.83108139038086
146,146,-544.947998046875,49.203216552734375,-534.9727497240128,48.50006585961377,10.0,-536.0149536132812,47.80083084106445,9.042453678999756,-539.5435791015625,37.939964294433594,12.492741715515066,-540.9981079101562,38.02705383300781,-539.5435791015625,37.939964294433594
147,147,-550.000732421875,49.84299087524414,-541.4632840875493,55.04990703922432,10.0,-544.582763671875,53.23436737060547,6.391855748471319,-542.070556640625,43.85314178466797,9.938107468195353,-543.3641357421875,43.929725646972656,-542.070556640625,43.85314178466797
148,148,-555.058349609375,50.48339080810547,-551.117229229226,59.67401484291262,10.0,-556.5950317382812,58.35881423950195,8.02394455296699,-548.9067993164062,50.90302276611328,6.165846412870287,-549.5703125,50.50321960449219,-548.9067993164062,50.90302276611328
149,149,-558.309814453125,50.90394973754883,-560.423085191835,60.678103756435185,10.0,-566.888916015625,57.925682067871094,11.086284704010758,-558.4057006835938,55.773345947265625,4.870340195140152,-558.3888549804688,54.99122619628906,-558.4057006835938,55.773345947265625
150,150,-561.8694458007812,51.3643684387207,-569.2552786544371,58.10599087385145,10.0,-574.3278198242188,57.57225036621094,13.919370723330928,-567.3508911132812,58.47370147705078,8.977129773141291,-567.490478515625,57.800941467285156,-567.3508911132812,58.47370147705078
151,151,-565.1278686523438,51.78582763671875,-575.0537891503211,53.00077712860404,10.0,-578.498046875,49.38434600830078,13.584137061927064,-574.6378173828125,56.91483688354492,10.804899847299492,-575.2069702148438,55.99501419067383,-574.6378173828125,56.91483688354492
152,152,-568.2388916015625,52.20448684692383,-577.0326904080188,47.44327874901752,10.0,-578.45703125,45.207679748535156,12.384090093625472,-580.299072265625,53.513954162597656,12.131061878526753,-580.06494140625,52.90446853637695,-580.299072265625,53.513954162597656
153,153,-571.646484375,52.663055419921875,-576.0547936958679,43.68715385341899,10.0,-578.410400390625,45.2532958984375,10.032701332774575,-582.926025390625,51.55714416503906,11.333626305240664,-582.7603149414062,50.26382827758789,-582.926025390625,51.55714416503906
154,154,-575.0543823242188,53.12166213989258,-573.4462970311858,43.25180592562424,10.0,-574.48486328125,40.708370208740234,12.426349766054226,-582.3107299804688,47.53425216674805,9.158260288742609,-582.3367309570312,46.172237396240234,-582.3107299804688,47.53425216674805
155,155,-578.2078857421875,53.51676940917969,-571.1783356281238,46.40442625141037,10.0,-574.4429321289062,44.885589599609375,9.416588586919032,-581.3934936523438,46.5113410949707,7.6957211242853,-581.26806640625,45.00865936279297,-581.3934936523438,46.5113410949707
156,156,-581.67431640625,53.951080322265625,-571.8239650127283,52.22754400870998,10.0,-574.4888916015625,49.19868469238281,8.614847290970841,-579.8453979492188,47.60464096069336,6.604713112057431,-580.0000610351562,46.094703674316406,-579.8453979492188,47.60464096069336
157,157,-584.8276977539062,54.34617614746094,-575.8007967506827,58.64908891418086,10.0,-578.508544921875,57.50950241088867,7.066705424981308,-579.7714233398438,51.572872161865234,5.766899162186217,-580.363037109375,50.32930374145508,-579.7714233398438,51.572872161865234
158,158,-588.2053833007812,54.762908935546875,-583.341539341417,63.50035833104878,10.0,-583.1387329101562,61.904109954833984,8.756009260998283,-581.6909790039062,56.708431243896484,6.798714613471391,-582.2479248046875,55.27492904663086,-581.6909790039062,56.708431243896484
159,159,-591.295654296875,55.14418411254883,-592.3943028291253,65.08364946047294,10.0,-593.3972778320312,61.759918212890625,6.9415242684836835,-587.0764770507812,60.184730529785156,6.57332220557225,-587.6674194335938,58.810150146484375,-587.0764770507812,60.184730529785156
160,160,-594.662353515625,55.5595588684082,-601.3170367809613,63.02381975868078,10.0,-601.50390625,61.867210388183594,9.305552724699314,-593.4490966796875,62.854957580566406,7.3955956162643615,-594.70068359375,61.275108337402344,-593.4490966796875,62.854957580566406
161,161,-597.8855590820312,55.9515380859375,-607.6342998745084,58.179104686758066,10.0,-611.6702880859375,57.87081527709961,13.9177001924761,-601.4640502929688,62.477073669433594,7.442325846012833,-603.4313354492188,61.13941192626953,-601.4640502929688,62.477073669433594
162,162,-601.1062622070312,56.34321212768555,-610.3424008764798,52.50997035619282,10.0,-611.8895263671875,49.654666900634766,12.689185285195187,-608.0625610351562,58.871360778808594,7.401461273853193,-609.654296875,57.445003509521484,-608.0625610351562,58.871360778808594
163,163,-604.6399536132812,56.77294158935547,-609.9464736063248,48.297043668578645,10.0,-611.8812255859375,44.96833801269531,13.84863478412492,-612.1468505859375,53.416255950927734,8.223189200869854,-613.6233520507812,52.71656036376953,-612.1468505859375,53.416255950927734
164,164,-607.7582397460938,57.214786529541016,-607.1719324854259,47.231989136220434,10.0,-612.0056762695312,45.074188232421875,12.862147722392361,-614.3366088867188,49.297706604003906,10.293449135137841,-615.894775390625,49.15345001220703,-614.3366088867188,49.297706604003906
165,165,-611.1880493164062,57.70076370239258,-604.9258259687783,49.90431843904187,10.0,-606.4072875976562,49.56735610961914,9.434405210804233,-613.8692016601562,49.22481155395508,8.889901164411132,-614.739501953125,48.43643569946289,-613.8692016601562,49.22481155395508
166,166,-614.6174926757812,58.18669891357422,-604.9961353517267,55.46099107103841,10.0,-606.30908203125,53.66886901855469,9.457297415144158,-612.1914672851562,51.05609893798828,7.532002071679439,-613.1953125,49.81257629394531,-612.1914672851562,51.05609893798828
167,167,-619.5903930664062,58.86009979248047,-610.1694344254976,62.213536579761396,10.0,-611.4093017578125,57.8923454284668,8.238131068914582,-613.5857543945312,53.850502014160156,7.819958790193755,-613.626220703125,52.67494201660156,-613.5857543945312,53.850502014160156
168,168,-624.564453125,59.53366470336914,-618.8292860112342,67.7256033125861,10.0,-621.22314453125,67.37979888916016,8.527963694816368,-617.888916015625,59.366249084472656,6.67763608532939,-617.738037109375,58.60993957519531,-617.888916015625,59.366249084472656
169,169,-627.834228515625,59.956024169921875,-627.9066444769074,69.95576196291182,10.0,-630.307373046875,67.341796875,7.788843452241728,-624.1649169921875,64.1910171508789,5.6034821856401535,-623.9307861328125,63.030906677246094,-624.1649169921875,64.1910171508789
170,170,-631.1049194335938,60.378509521484375,-636.9581273457017,68.48652759852618,10.0,-639.7281494140625,67.49837493896484,11.18269103834535,-633.450439453125,67.86709594726562,7.8473174281672256,-632.5365600585938,66.15328216552734,-633.450439453125,67.86709594726562
171,171,-634.3888549804688,60.80270767211914,-643.8573927339837,64.01935076861933,10.0,-643.0985107421875,62.57898712158203,8.888941003866817,-639.5498657226562,66.99291229248047,8.059445708168615,-639.5831909179688,66.13511657714844,-639.5498657226562,66.99291229248047
172,172,-637.7803955078125,61.230003356933594,-647.3612678145572,58.36523707644007,10.0,-646.148681640625,58.317108154296875,8.860765839483966,-645.4650268554688,64.88787078857422,8.510790392016379,-645.2327880859375,63.91083908081055,-645.4650268554688,64.88787078857422
173,173,-640.8805541992188,61.62059020996094,-647.029206301021,53.73426804237213,10.0,-646.06298828125,54.16054153442383,9.083498734297377,-647.7050170898438,61.8992919921875,6.83015142064464,-648.746337890625,60.551605224609375,-647.7050170898438,61.8992919921875
174,174,-644.2847900390625,62.04948425292969,-644.7264568241437,52.05924249154293,10.0,-641.4024047851562,49.12439727783203,13.242583511753864,-648.2720336914062,58.7196159362793,5.194818086265161,-648.04931640625,56.14725875854492,-648.2720336914062,58.7196159362793
175,175,-647.5017700195312,62.45146942138672,-642.0730517415568,54.0533137989666,10.0,-642.1739501953125,54.11127471923828,9.896691959896659,-648.4896240234375,57.263973236083984,5.280717016235961,-647.65234375,54.634952545166016,-648.4896240234375,57.263973236083984
176,176,-651.04150390625,62.893795013427734,-641.750817814391,59.19472054235575,10.0,-643.2373046875,58.517730712890625,8.947371916287679,-648.1240844726562,57.946285247802734,5.743621595514909,-647.352294921875,55.54532241821289,-648.1240844726562,57.946285247802734
177,177,-654.2623291015625,63.296260833740234,-644.5468722003546,65.66478298917215,10.0,-641.8547973632812,62.52887725830078,12.431239736579403,-645.6441650390625,59.49359893798828,9.419818963311894,-645.9080810546875,57.906925201416016,-645.6441650390625,59.49359893798828
178,178,-657.6737060546875,63.72810745239258,-651.1278242329441,71.28796401027576,10.0,-647.1474609375,67.08314514160156,11.047991408537863,-646.3349609375,62.827816009521484,11.374430338027935,-647.0270385742188,61.44103240966797,-646.3349609375,62.827816009521484
179,179,-661.0394287109375,64.15418243408203,-660.0848468194699,74.10851683736999,10.0,-657.2391967773438,70.06196594238281,7.024504874370605,-651.3442993164062,66.85152435302734,10.063358654266649,-652.0562133789062,65.145751953125,-651.3442993164062,66.85152435302734
180,180,-664.1990966796875,64.5541763305664,-669.1889733534442,73.22026718981189,10.0,-667.259521484375,66.86981964111328,3.8377602747992237,-657.9680786132812,68.48626708984375,7.367966061476896,-659.3060913085938,66.75453186035156,-657.9680786132812,68.48626708984375
181,181,-667.5989379882812,65.00929260253906,-676.68721051602,69.18101915896037,10.0,-671.9539794921875,63.59054946899414,4.580307694874535,-665.8228759765625,68.58844757080078,3.995590889505956,-667.05517578125,66.49597930908203,-665.8228759765625,68.58844757080078
182,182,-670.9974365234375,65.46422576904297,-680.8217931447682,63.59820943017656,10.0,-676.85205078125,59.04217529296875,8.690180690010221,-673.1903076171875,65.58206176757812,2.1960348258520623,-674.1896362304688,63.752681732177734,-673.1903076171875,65.58206176757812
183,183,-674.094970703125,65.87887573242188,-681.0207768155592,58.66547087112582,10.0,-675.940185546875,57.63145446777344,8.45131796444617,-677.7899169921875,63.13340377807617,4.603286253444984,-677.6480712890625,61.49937438964844,-677.7899169921875,63.13340377807617
184,184,-677.2904663085938,66.33273315429688,-678.7554396664193,56.44062250687379,10.0,-676.9351806640625,52.869590759277344,13.467829485027728,-680.0116577148438,59.57366180419922,7.286283564696052,-679.947265625,58.11777114868164,-680.0116577148438,59.57366180419922
185,185,-680.7816772460938,66.82859802246094,-676.2438339756272,57.917482578663666,10.0,-672.7073974609375,57.49781799316406,12.339264564961246,-679.4542846679688,58.466732025146484,8.466568018595549,-679.3300170898438,57.20091247558594,-679.4542846679688,58.466732025146484
186,186,-683.970458984375,67.28150177001953,-675.1086267999623,62.64815197367265,10.0,-672.4736938476562,62.5643310546875,12.426878456251908,-677.99609375,59.93539047241211,9.468811496198667,-678.0157470703125,58.83054733276367,-677.99609375,59.93539047241211
187,187,-689.15234375,68.00431823730469,-679.2450601824326,69.36289554898376,10.0,-676.2388916015625,71.37268829345703,13.34552970942588,-677.0341186523438,65.2020492553711,12.438009927820968,-678.4392700195312,64.22792053222656,-677.0341186523438,65.2020492553711
188,188,-693.8663330078125,68.661865234375,-686.5789124445142,75.50974823086506,10.0,-687.2474365234375,77.89923095703125,11.363921689495065,-680.7938232421875,71.14762115478516,13.306746186360328,-682.0926513671875,70.37252044677734,-680.7938232421875,71.14762115478516
189,189,-697.0919189453125,69.0860824584961,-695.1204270894299,78.88981745400615,10.0,-703.7310791015625,80.82901000976562,13.489803373463326,-689.9838256835938,75.94305419921875,9.876388574289724,-694.1744995117188,75.87621307373047,-689.9838256835938,75.94305419921875
190,190,-700.6299438476562,69.5513916015625,-704.7037569620946,78.68397320309391,10.0,-710.2666015625,78.85818481445312,13.397073255773613,-699.5512084960938,79.26820373535156,9.776507965631748,-703.2963256835938,78.83985900878906,-699.5512084960938,79.26820373535156
191,191,-703.8541259765625,69.97543334960938,-712.4660896815979,75.05815714135278,10.0,-714.907958984375,75.04573059082031,12.161214506735599,-707.0274047851562,78.85843658447266,9.432785636685574,-711.0144653320312,78.9502944946289,-707.0274047851562,78.85843658447266
192,192,-707.1878662109375,70.38829040527344,-717.1518847158557,69.54074380853115,10.0,-718.5673828125,71.74376678466797,11.459961356842921,-714.3892822265625,76.98245239257812,9.764392707430112,-717.6669311523438,77.31327819824219,-714.3892822265625,76.98245239257812
193,193,-710.510009765625,70.7997055053711,-718.1397789353357,64.33544820720205,10.0,-717.9556884765625,67.48473358154297,8.150286517802712,-718.127685546875,75.22942352294922,8.81200238444697,-721.57275390625,74.24949645996094,-718.127685546875,75.22942352294922
194,194,-713.8317260742188,71.21107482910156,-716.3045243705992,61.52163374174167,10.0,-718.3001708984375,64.0306396484375,8.457283756077095,-721.413330078125,71.5124282836914,7.587590735974135,-723.5291137695312,70.09910583496094,-721.413330078125,71.5124282836914
195,195,-717.2101440429688,71.64702606201172,-713.6111310749968,62.317122222401714,10.0,-712.7060546875,62.804317474365234,9.923724909935975,-721.4732666015625,68.10659790039062,5.541556236039714,-722.501220703125,66.81901550292969,-721.4732666015625,68.10659790039062
196,196,-720.5869750976562,72.082763671875,-712.2476474276405,66.56410314488936,10.0,-715.8260498046875,67.35292053222656,6.71102270677942,-722.0916748046875,67.69941711425781,4.63441994779437,-721.8137817382812,66.21070861816406,-722.0916748046875,67.69941711425781
197,197,-723.6663208007812,72.48011779785156,-713.6719093582585,72.81439301016978,10.0,-715.7852172851562,71.41130065917969,7.953248562689052,-721.6239013671875,68.7347183227539,4.266086540470459,-720.9968872070312,67.7273941040039,-721.6239013671875,68.7347183227539
198,198,-726.9491577148438,72.90656280517578,-718.9972108544441,78.97010476754232,10.0,-721.152587890625,79.80089569091797,9.007332994092623,-723.3342895507812,73.7124252319336,3.7036044732682485,-722.0950927734375,72.37898254394531,-723.3342895507812,73.7124252319336
199,199,-730.236328125,73.33356475830078,-727.2687607557573,82.88309584150093,10.0,-728.2720336914062,82.64498901367188,9.516358247006075,-727.0277099609375,79.0754623413086,6.577584539669769,-726.02685546875,77.55970764160156,-727.0277099609375,79.0754623413086
200,200,-733.5213623046875,73.76029205322266,-736.6360603708117,83.26285254799889,10.0,-732.09423828125,81.49006652832031,7.860413247033751,-732.65673828125,83.10055541992188,9.38019693083299,-730.2862548828125,80.39189147949219,-732.65673828125,83.10055541992188
201,201,-736.914306640625,74.20057678222656,-744.9589514912582,80.14058429292722,10.0,-750.3053588867188,75.61669921875,13.465722521010061,-738.2288818359375,82.48216247558594,8.385270987904063,-737.1904296875,79.88153839111328,-738.2288818359375,82.48216247558594
202,202,-739.9992065429688,74.60089111328125,-749.9975885731626,74.78077101292685,10.0,-756.9998779296875,70.21826934814453,17.556486013307097,-747.0126953125,78.09209442138672,7.834380974835698,-748.4869995117188,76.58023071289062,-747.0126953125,78.09209442138672
203,203,-743.3866577148438,75.04046630859375,-751.6397596050376,69.39366994339005,10.0,-756.3665771484375,67.01461791992188,15.26081750302164,-750.8259887695312,74.09391021728516,7.499307633057283,-755.0733642578125,73.05187225341797,-750.8259887695312,74.09391021728516
204,204,-748.1880493164062,75.66339874267578,-751.6425403637191,66.27902387782542,10.0,-755.8602294921875,65.19800567626953,12.976393978453137,-753.8193359375,70.13128662109375,7.894026446286097,-758.8171997070312,69.31549835205078,-753.8193359375,70.13128662109375
205,205,-752.99658203125,76.28724670410156,-750.3744332330203,66.63715159161988,10.0,-756.3556518554688,68.5970687866211,8.391792805264036,-756.1799926757812,68.52162170410156,8.392796612115646,-760.7689208984375,68.15480041503906,-756.1799926757812,68.52162170410156
206,206,-755.71923828125,76.63848114013672,-747.9905439777247,70.29283031751383,10.0,-754.0162353515625,69.95829010009766,6.893850252938656,-757.5532836914062,68.58495330810547,8.259723549115744,-761.65478515625,68.0387191772461,-757.5532836914062,68.58495330810547
207,207,-758.19677734375,76.9581069946289,-748.2208575729106,76.2645475337492,10.0,-754.3706665039062,74.42230224609375,4.5901448649757555,-758.9826049804688,70.26013946533203,6.7439079247974805,-761.8671264648438,70.00422668457031,-758.9826049804688,70.26013946533203
208,208,-760.6763916015625,77.27799224853516,-752.1439535097697,82.493114510738,10.0,-757.3704833984375,74.80388641357422,4.129192261214889,-758.9406127929688,72.19857788085938,5.367809459259363,-760.6815185546875,72.00586700439453,-758.9406127929688,72.19857788085938
209,209,-761.981689453125,77.4145278930664,-758.0494074087223,86.60893695092699,10.0,-759.8931884765625,78.14459228515625,2.2124263480848416,-759.4902954101562,74.8839111328125,3.551206198549748,-761.3644409179688,74.90696716308594,-759.4902954101562,74.8839111328125
210,210,-763.4113159179688,77.5640640258789,-765.5339832408871,87.33618167950007,10.0,-766.5658569335938,77.95285034179688,3.1784090074604108,-762.67138671875,76.86934661865234,1.014951967218202,-764.1953735351562,76.77617645263672,-762.67138671875,76.86934661865234
211,211,-764.7205200195312,77.70100402832031,-772.1128313306174,84.43552208679995,10.0,-772.0655517578125,78.67561340332031,7.4094098732757905,-767.5667114257812,78.6207504272461,2.9911099878386778,-768.454833984375,78.271728515625,-767.5667114257812,78.6207504272461
212,212,-764.672607421875,77.7253646850586,-774.5996914700889,78.93077013539308,10.0,-777.6553955078125,74.48146057128906,13.38191691738114,-773.855224609375,78.66332244873047,9.23039669670826,-773.6993408203125,77.29553985595703,-773.855224609375,78.66332244873047
213,213,-764.6199951171875,77.75212860107422,-773.4092120977904,72.98246772551052,10.0,-776.6427612304688,74.76437377929688,12.388445580044241,-775.223388671875,77.48793029785156,10.60668447814934,-776.7610473632812,76.50611114501953,-775.223388671875,77.48793029785156
214,214,-764.5673217773438,77.7789306640625,-768.9669989958487,68.79879478686283,10.0,-768.774658203125,72.66778564453125,6.620081812967634,-773.8587646484375,76.37576293945312,9.39679681009355,-775.3078002929688,75.11840057373047,-773.8587646484375,76.37576293945312
215,215,-763.9747924804688,77.8553695678711,-762.3572183548841,67.98706404218741,10.0,-760.0244750976562,69.13818359375,9.570493129006682,-767.8414916992188,73.44461059570312,5.865676223492232,-769.48779296875,72.36866760253906,-767.8414916992188,73.44461059570312
216,216,-763.4349975585938,77.92499542236328,-756.3986123853736,70.81941425724473,10.0,-758.0309448242188,68.07892608642578,11.231601280494008,-762.867431640625,71.1894302368164,6.759435585904404,-764.640380859375,70.23038482666016,-762.867431640625,71.1894302368164
217,217,-762.8414306640625,78.0015640258789,-752.989426694137,76.28749933148325,10.0,-756.29248046875,71.10012817382812,9.51412452518126,-758.935791015625,70.053955078125,8.855422578842015,-760.2384033203125,69.91587829589844,-758.935791015625,70.053955078125
218,218,-762.160400390625,77.88436126708984,-753.1376406835454,82.19595114418877,10.0,-757.082763671875,72.57049560546875,7.349800195743694,-756.3033447265625,68.7246322631836,10.872246156012473,-757.7962036132812,70.52225494384766,-756.3033447265625,68.7246322631836
219,219,-761.5316162109375,77.77613830566406,-756.6761752997564,86.51826010520615,10.0,-759.763427734375,76.2167739868164,2.3575639052936888,-756.7328491210938,69.79143524169922,9.315774181583462,-757.3768920898438,72.92618560791016,-756.7328491210938,69.79143524169922
220,220,-760.9010620117188,77.66761016845703,-762.0092665391193,87.60601460405175,10.0,-762.4684448242188,77.46609497070312,1.5802839162144902,-758.5845336914062,71.79415893554688,6.313773265186491,-758.3035278320312,74.88960266113281,-758.5845336914062,71.79415893554688
221,221,-760.08837890625,77.45402526855469,-766.750235762538,84.9118844269412,10.0,-768.072021484375,76.89012908935547,8.003532202481969,-760.2592163085938,74.48059844970703,2.9783304828514336,-761.208251953125,76.21720123291016,-760.2592163085938,74.48059844970703
222,222,-759.1974487304688,77.2198715209961,-768.94832675658,79.43806396528524,10.0,-771.380615234375,77.92572021484375,12.203596537107808,-763.5477905273438,75.46989440917969,4.6891250400814535,-765.2972412109375,77.40220642089844,-763.5477905273438,75.46989440917969
223,223,-758.3172607421875,76.98856353759766,-767.5497095935978,73.14644326278928,10.0,-764.8330078125,73.18368530273438,7.545333542423572,-764.077880859375,75.55402374267578,5.936551908116345,-765.7144775390625,76.22662353515625,-764.077880859375,75.55402374267578
224,224,-756.294921875,76.8119888305664,-761.5932900892834,68.33099276489872,10.0,-760.6505126953125,69.29202270507812,8.69028549142557,-761.9850463867188,70.65557861328125,8.383251381317132,-763.9349365234375,73.4227294921875,-761.9850463867188,70.65557861328125
225,225,-754.1097412109375,76.62120819091797,-753.5138360558243,66.63897912892438,10.0,-756.4669189453125,68.97464752197266,8.001635891197164,-759.6849365234375,68.81314086914062,9.594202315665914,-760.5697021484375,71.31708526611328,-759.6849365234375,68.81314086914062
226,226,-751.9635009765625,76.39805603027344,-745.6937844710995,68.60763531370584,10.0,-754.5113525390625,70.97463989257812,5.992077284810972,-757.813720703125,69.4114761352539,9.112484264927547,-758.1417236328125,70.6428451538086,-757.813720703125,69.4114761352539
227,227,-749.6152954101562,76.1539077758789,-739.9913218454685,73.43745184467164,10.0,-738.220703125,77.56928253173828,11.482160904832606,-750.2637939453125,72.12964630126953,4.076178451211995,-751.5042724609375,72.80036926269531,-750.2637939453125,72.12964630126953
228,228,-747.4716186523438,75.93102264404297,-738.0538885965499,79.29351585536646,10.0,-733.5809326171875,78.54197692871094,14.13393932362492,-739.990234375,75.56537628173828,7.4903142769548,-741.576416015625,75.25859832763672,-739.990234375,75.56537628173828
229,229,-744.6644897460938,75.68321990966797,-738.9372015907061,83.88066892659737,10.0,-733.7386474609375,81.37138366699219,12.317842204308558,-734.0938110351562,78.38236236572266,10.909840439160613,-735.7609252929688,78.46283721923828,-734.0938110351562,78.38236236572266
230,230,-741.8558959960938,75.4352798461914,-741.9379263770437,85.43494339136137,10.0,-736.61376953125,81.56127166748047,8.06273313882555,-730.9834594726562,81.11045837402344,12.264482348592763,-732.6895751953125,80.51033020019531,-730.9834594726562,81.11045837402344
231,231,-738.7706298828125,75.16291809082031,-744.6316307098842,83.2653047333513,10.0,-753.5211791992188,77.6454849243164,14.958002648031178,-735.339599609375,80.56420135498047,6.39889284462095,-737.3713989257812,80.02088928222656,-735.339599609375,80.56420135498047
232,232,-735.8690185546875,74.86968231201172,-745.3406446392469,78.07722020177937,10.0,-753.5859375,76.19883728027344,17.76670678106744,-739.6631469726562,80.06568145751953,6.433802730279813,-741.9171142578125,79.13555908203125,-739.6631469726562,80.06568145751953
233,233,-732.69189453125,74.54859161376953,-742.2700080212542,71.67461493108749,10.0,-740.2655029296875,71.13053131103516,8.30919252430774,-740.2652587890625,78.25342559814453,8.430992885377844,-740.9480590820312,76.42371368408203,-740.2652587890625,78.25342559814453
234,234,-729.5181274414062,74.22783660888672,-735.6591942349127,66.33560633869736,10.0,-735.167724609375,69.0665283203125,7.652257928874683,-737.2318115234375,74.49162292480469,7.718193139449665,-737.885498046875,73.15888214111328,-737.2318115234375,74.49162292480469
235,235,-726.4802856445312,73.93629455566406,-726.9123469024837,63.9456327623004,10.0,-730.3490600585938,68.16590881347656,6.947284871123785,-734.7845458984375,72.05187225341797,8.515385239541988,-733.468505859375,70.52914428710938,-734.7845458984375,72.05187225341797
236,236,-723.4462280273438,73.6451187133789,-718.0094376795031,65.25218652530381,10.0,-725.4200439453125,68.47171020507812,5.537156749793682,-731.2028198242188,70.14799499511719,8.508501078578835,-729.1964721679688,68.80165100097656,-731.2028198242188,70.14799499511719
237,237,-720.1226196289062,73.3261489868164,-710.8283812802508,69.63600894633258,10.0,-713.70361328125,70.76454162597656,6.911257104345062,-722.0160522460938,68.6463851928711,5.048294389489477,-721.1388549804688,68.80107116699219,-722.0160522460938,68.6463851928711
238,238,-716.9819946289062,72.999755859375,-707.2688194825465,75.37761804548649,10.0,-714.4053344726562,72.67658996582031,2.596846887200567,-717.3130493164062,69.86136627197266,3.155802023009551,-716.0098876953125,69.71007537841797,-717.3130493164062,69.86136627197266
239,239,-713.8432006835938,72.67355346679688,-707.30459046669,80.23970020284433,10.0,-714.5048828125,76.2044677734375,3.5923779144952657,-714.5676879882812,72.14706420898438,0.8955851680579103,-713.0541381835938,71.8551254272461,-714.5676879882812,72.14706420898438
240,240,-710.696533203125,72.3465347290039,-709.7515225519957,82.30178233362189,10.0,-714.7078247070312,75.92732238769531,5.377034478776117,-713.6016845703125,73.70996856689453,3.2091831198260654,-711.6365966796875,73.51112365722656,-713.6016845703125,73.70996856689453
241,241,-707.4120483398438,72.00265502929688,-712.4102548981376,80.66394426362153,10.0,-718.57275390625,75.6269302368164,11.734424550008926,-713.1740112304688,74.74443054199219,6.381030427364788,-712.0267944335938,74.65423583984375,-713.1740112304688,74.74443054199219
242,242,-704.1277465820312,71.65879821777344,-713.2200259011728,75.82178473981632,10.0,-717.7506103515625,74.70487976074219,13.959263234484192,-713.6405639648438,75.183349609375,10.14476007950805,-712.7066650390625,75.03871154785156,-713.6405639648438,75.183349609375
243,243,-701.12744140625,71.34465789794922,-710.9499993669286,69.46919659226758,10.0,-715.365234375,70.38128662109375,14.270348027923394,-714.3096313476562,73.25703430175781,13.320184501768585,-713.1720581054688,73.38821411132812,-714.3096313476562,73.25703430175781
244,244,-697.9862670898438,71.02423095703125,-704.9051345249268,63.804170471429494,10.0,-711.2706298828125,68.4302978515625,13.535242287113268,-712.6271362304688,71.36613464355469,14.644860781986415,-711.6893920898438,71.41429138183594,-712.6271362304688,71.36613464355469
245,245,-694.5553588867188,70.67423248291016,-696.0108205946037,60.78071787904564,10.0,-704.161865234375,63.775901794433594,11.826746403603035,-708.57958984375,67.96111297607422,14.284259567598431,-708.0968017578125,68.17861938476562,-708.57958984375,67.96111297607422
246,246,-691.4153442382812,70.35391998291016,-686.8689352904262,61.447171660493964,10.0,-682.7960205078125,65.32649993896484,9.97836128173784,-699.5863037109375,65.76904296875,9.369401044824853,-699.4801635742188,66.31946563720703,-699.5863037109375,65.76904296875
247,247,-688.242919921875,70.04118347167969,-679.3766370042572,65.41635620736379,10.0,-677.4067993164062,67.23989868164062,11.192350345265673,-686.5988159179688,65.73090362548828,4.613197408321518,-688.6881103515625,66.16413879394531,-686.5988159179688,65.73090362548828
248,248,-684.7593994140625,69.69778442382812,-674.8534266578096,71.06588666868177,10.0,-674.9697265625,69.26045227050781,9.799436409964995,-677.5703125,65.66850280761719,8.24124268546195,-679.2227783203125,66.87682342529297,-677.5703125,65.66850280761719
249,249,-681.5909423828125,69.38543701171875,-674.3101092255092,76.24032348309912,10.0,-675.17822265625,68.82981872558594,6.436744982623514,-670.8427124023438,64.34960174560547,11.869460162133638,-673.8946533203125,67.31985473632812,-670.8427124023438,64.34960174560547
250,250,-678.333251953125,69.0370101928711,-676.371187010718,78.84263618827687,10.0,-677.359619140625,72.2084732055664,3.317550074146747,-668.8773193359375,66.852294921875,9.705031812215454,-671.7584838867188,69.04237365722656,-668.8773193359375,66.852294921875
251,251,-675.073974609375,68.68840789794922,-679.1565665488655,77.81706842705246,10.0,-682.994140625,75.21453857421875,10.26252460746416,-670.0634155273438,69.61509704589844,5.095532856478574,-672.0521240234375,71.44786071777344,-670.0634155273438,69.61509704589844
252,252,-671.807373046875,68.33903503417969,-680.4242196604588,73.41347632736353,10.0,-683.3147583007812,72.05728149414062,12.093191147039356,-672.4155883789062,69.8845443725586,1.6608807919698174,-673.7214965820312,72.1412353515625,-672.4155883789062,69.8845443725586
253,253,-666.7041015625,67.77984619140625,-676.6673005708495,66.92271987631443,10.0,-674.8764038085938,63.559776306152344,9.197581956032568,-672.324462890625,66.84687042236328,5.697271736919728,-672.9874267578125,68.82588958740234,-672.324462890625,66.84687042236328
254,254,-662.0545043945312,67.27037048339844,-669.6780548448104,60.798780374928334,10.0,-671.5394287109375,63.51556396484375,10.201096082271519,-671.6588745117188,66.37957763671875,9.645591596352187,-671.2152709960938,66.68085479736328,-671.6588745117188,66.37957763671875
255,255,-658.7772216796875,66.92166900634766,-661.240702721106,57.22985487489777,10.0,-666.308349609375,58.126731872558594,11.578808534586834,-669.2640380859375,63.46755599975586,11.04102418259741,-667.905029296875,63.3592529296875,-669.2640380859375,63.46755599975586
256,256,-655.4989624023438,66.57286071777344,-651.8909806703454,57.246421535450644,10.0,-661.3844604492188,55.70500946044922,12.359177893820165,-665.2617797851562,60.05720520019531,11.737391962181896,-663.1336059570312,59.62639617919922,-665.2617797851562,60.05720520019531
257,257,-652.2198486328125,66.22396850585938,-643.875218787911,60.71332854741721,10.0,-655.1751708984375,61.895050048828125,5.241513588776118,-660.30615234375,60.11310577392578,10.135627806606578,-657.6309814453125,59.627681732177734,-660.30615234375,60.11310577392578
258,258,-648.8101196289062,65.86872100830078,-638.816034201693,66.21260539812269,10.0,-648.3414306640625,62.12620544433594,3.7717492085616455,-655.03173828125,61.40682601928711,7.6561769538182025,-652.3701782226562,59.79128646850586,-655.03173828125,61.40682601928711
259,259,-645.6875,65.54338073730469,-637.7413867319625,71.61456545954127,10.0,-648.7652587890625,66.00176239013672,3.1117057867517763,-650.5745239257812,63.64760208129883,5.2418488688368114,-648.4531860351562,61.64518737792969,-650.5745239257812,63.64760208129883
260,260,-642.2831420898438,65.18869018554688,-639.3247576849066,74.74107008338514,10.0,-647.5241088867188,70.57369995117188,7.5143904038732785,-648.0382080078125,66.86119079589844,5.993166276000679,-645.5178833007812,64.99249267578125,-648.0382080078125,66.86119079589844
261,261,-639.0567626953125,64.85752868652344,-642.1805957536045,74.35709009871096,10.0,-653.6499633789062,70.31425476074219,15.580030989722063,-649.5647583007812,69.42115020751953,11.456204128394765,-647.3048095703125,67.39874267578125,-649.5647583007812,69.42115020751953
262,262,-635.5276489257812,64.49528503417969,-643.5780012002117,70.42755511042972,10.0,-650.3192749023438,66.34197998046875,14.906457703128805,-646.4349975585938,67.92335510253906,11.433368645823425,-646.9495239257812,67.52084350585938,-646.4349975585938,67.92335510253906
263,263,-632.3055419921875,64.16455078125,-642.3040923502217,64.33481744813979,10.0,-645.7622680664062,62.7149772644043,13.534575723579191,-644.7728271484375,66.50775909423828,12.685575444784087,-645.3468627929688,66.01314544677734,-644.7728271484375,66.50775909423828
264,264,-628.9029541015625,63.80475997924805,-637.1506229488043,58.15003110986472,10.0,-639.7306518554688,53.96823501586914,14.62861107573521,-641.6315307617188,62.079185485839844,12.84500958060271,-641.9285888671875,61.35039520263672,-641.6315307617188,62.079185485839844
265,265,-625.507568359375,63.44573211669922,-628.9530350101558,54.05804019810935,10.0,-630.7798461914062,53.57147216796875,11.19365548305069,-636.0855712890625,58.91521072387695,11.507378940110451,-636.35107421875,57.64264678955078,-636.0855712890625,58.91521072387695
266,266,-622.40966796875,63.1181526184082,-619.7782421005037,53.47058308510479,10.0,-621.29736328125,53.606956481933594,9.57601554219311,-627.834228515625,56.195220947265625,8.795046335865536,-628.4603271484375,55.0478630065918,-627.834228515625,56.195220947265625
267,267,-619.0294189453125,62.75886917114258,-611.2946270578657,56.4206521933257,10.0,-611.6356201171875,53.8514404296875,11.576292493492147,-618.6322631835938,54.64531326293945,8.123270411269358,-619.4032592773438,53.46340560913086,-618.6322631835938,54.64531326293945
268,268,-615.9420776367188,62.43071746826172,-605.9654956398996,61.746749880766856,10.0,-606.7291870117188,58.00269317626953,10.22177835793194,-610.3928833007812,55.56718444824219,8.826190757903392,-611.1814575195312,54.25935363769531,-610.3928833007812,55.56718444824219
269,269,-612.5648193359375,62.071746826171875,-604.0373993742836,67.29507036560413,10.0,-606.2962646484375,62.12876892089844,6.268814033728009,-604.0081176757812,57.507789611816406,9.697775453957885,-605.6046142578125,56.621551513671875,-604.0081176757812,57.507789611816406
270,270,-609.4505004882812,61.757423400878906,-605.5270604147281,70.95560898224426,10.0,-606.497802734375,67.09634399414062,6.101024268684487,-601.8112182617188,61.836978912353516,7.639696461017263,-602.40380859375,60.64323425292969,-601.8112182617188,61.836978912353516
271,271,-606.0428466796875,61.413490295410156,-608.1749086245661,71.18356255016857,10.0,-611.2222290039062,67.19029235839844,7.758701137134699,-601.2031860351562,64.652099609375,5.823307088135097,-602.6802368164062,63.72520446777344,-601.2031860351562,64.652099609375
272,272,-602.6383056640625,61.06987380981445,-610.037088598936,67.79728126608055,10.0,-611.4003295898438,67.30625915527344,10.754792673641768,-602.4783935546875,67.02701568603516,5.959287811152191,-603.7688598632812,65.93343353271484,-602.4783935546875,67.02701568603516
273,273,-599.4192504882812,60.74597930908203,-609.3474889098794,61.941839603557405,10.0,-611.373291015625,58.00593566894531,12.264050068359577,-604.09326171875,63.705604553222656,5.532247515097499,-605.12890625,63.59408950805664,-604.09326171875,63.705604553222656
274,274,-596.2077026367188,60.42283630371094,-604.9923296664891,55.64472705968695,10.0,-606.271728515625,53.652217864990234,12.12954619654171,-603.701171875,59.87824630737305,7.513232293039972,-604.4876098632812,59.88166046142578,-603.701171875,59.87824630737305
275,275,-592.6810913085938,60.067996978759766,-597.0721323575608,51.083635092332514,10.0,-597.1883544921875,49.272926330566406,11.698246522691573,-599.9886474609375,55.08502960205078,8.844791732822374,-600.4977416992188,55.34103775024414,-599.9886474609375,55.08502960205078
276,276,-587.6744995117188,59.57238006591797,-586.0474380489097,49.705634351334986,10.0,-588.6137084960938,49.297096252441406,10.318118576747612,-594.2989501953125,52.50483703613281,9.686769912474976,-594.5287475585938,52.029659271240234,-594.2989501953125,52.50483703613281
277,277,-582.6729125976562,59.07725524902344,-575.6296988698955,51.978442645137974,10.0,-579.060302734375,49.130916595458984,10.58208876525175,-586.1376953125,50.771217346191406,8.999721379262935,-586.3956909179688,49.73786163330078,-586.1376953125,50.771217346191406
278,278,-579.3577270507812,58.73963165283203,-569.5040796118986,57.03504016212183,10.0,-574.409912109375,53.547462463378906,7.17213312664435,-577.8925170898438,50.742008209228516,8.130733114258948,-579.0123291015625,50.0855598449707,-577.8925170898438,50.742008209228516
279,279,-576.0430908203125,58.402069091796875,-567.0244807502486,62.722332093529836,10.0,-569.657958984375,62.46478271484375,7.5680612144190045,-571.078125,55.496891021728516,5.752472965227867,-572.2724609375,54.175514221191406,-571.078125,55.496891021728516
280,280,-572.7259521484375,58.064247131347656,-567.8789187739342,66.81103325348707,10.0,-569.6643676757812,62.408233642578125,5.314463123680708,-566.595703125,58.412357330322266,6.140124901008656,-567.9885864257812,57.42899703979492,-566.595703125,58.412357330322266
281,281,-569.2215576171875,57.68186569213867,-570.3393171152853,67.61920002808672,10.0,-574.376708984375,66.86434936523438,10.530602643024961,-565.7451782226562,62.294960021972656,5.776318290283865,-567.4882202148438,61.59077835083008,-565.7451782226562,62.294960021972656
282,282,-566.0326538085938,57.333900451660156,-572.7016780974409,64.78535098392341,10.0,-574.2626342773438,62.30930709838867,9.617029157505803,-565.6309204101562,63.234806060791016,5.914564796440409,-567.7984008789062,62.790096282958984,-565.6309204101562,63.234806060791016
283,283,-562.8300170898438,56.98444747924805,-572.583023335626,59.19326371645161,10.0,-574.412841796875,57.67845916748047,11.603597735927284,-567.2825927734375,62.155426025390625,6.823814867271618,-568.6919555664062,61.60388946533203,-567.2825927734375,62.155426025390625
284,284,-559.4182739257812,56.62862014770508,-568.6470244244395,52.77762492133621,10.0,-570.3538818359375,49.075626373291016,13.290418929477337,-567.7894287109375,55.815128326416016,8.41058864648299,-568.1585083007812,56.96179962158203,-567.7894287109375,55.815128326416016
285,285,-556.011962890625,56.27336502075195,-561.3021744282003,47.78727865024491,10.0,-566.5166625976562,44.194435119628906,16.00778758889394,-566.9242553710938,50.34468460083008,12.418831615770456,-566.47900390625,51.70745849609375,-566.9242553710938,50.34468460083008
286,286,-552.9035034179688,55.94917678833008,-552.2980009192804,45.96752528549338,10.0,-556.111083984375,43.82411193847656,12.542159730410878,-561.3392944335938,46.35877990722656,12.772559743308289,-561.4834594726562,47.62211608886719,-561.3392944335938,46.35877990722656
287,287,-549.3648681640625,55.597801208496094,-543.0876642966523,47.813412240377275,10.0,-544.4308471679688,43.913902282714844,12.682982981056396,-553.2910766601562,43.870697021484375,12.366894750414371,-553.095947265625,44.77751159667969,-553.2910766601562,43.870697021484375
288,288,-546.1435546875,55.27793502807617,-536.5169737788284,52.57073351935922,10.0,-540.1057739257812,47.661258697509766,9.719493549110036,-545.3883666992188,43.647891998291016,11.654536017032106,-545.3735961914062,44.50357437133789,-545.3883666992188,43.647891998291016
289,289,-542.9259033203125,54.958431243896484,-533.5114105556258,58.329977770887005,10.0,-535.9822387695312,57.86280822753906,7.526611658434952,-539.2026977539062,48.43424987792969,7.511804189790018,-538.6901245117188,48.62196731567383,-539.2026977539062,48.43424987792969
290,290,-539.5918579101562,54.609130859375,-533.8724540075996,62.81208270608353,10.0,-535.9534912109375,62.59125518798828,8.772230106160233,-535.3482666015625,54.15700149536133,4.267609185032742,-534.4552001953125,53.972877502441406,-535.3482666015625,54.15700149536133
291,291,-536.2509765625,54.25911331176758,-536.3426212872863,64.25869336517076,10.0,-540.1251220703125,62.75004959106445,9.333006070649672,-534.0798950195312,58.29602813720703,4.583696802153521,-533.765625,58.070377349853516,-534.0798950195312,58.29602813720703
292,292,-532.9381103515625,53.91202926635742,-538.8068986755376,62.00877698432256,10.0,-540.1719360351562,58.04964065551758,8.333550385539672,-534.0353393554688,59.274532318115234,5.473604887743082,-534.001220703125,59.092552185058594,-534.0353393554688,59.274532318115234
293,293,-529.7330932617188,53.587547302246094,-539.2077989215071,56.78597702015062,10.0,-540.0086059570312,52.955841064453125,10.294912040537058,-534.8311767578125,57.93501281738281,6.700068039837092,-534.7381591796875,57.525569915771484,-534.8311767578125,57.93501281738281
294,294,-526.2388916015625,53.23379135131836,-535.8142374205711,50.350606923226074,10.0,-535.9541625976562,47.820030212402344,11.121838885579024,-534.072998046875,54.681461334228516,7.9667416285396095,-533.9998779296875,54.09618377685547,-534.072998046875,54.681461334228516
295,295,-523.042236328125,52.910152435302734,-529.1757121363752,45.01202135829406,10.0,-532.214599609375,44.45955276489258,12.471763425945808,-532.5045776367188,49.98157501220703,9.905173838120437,-532.2342529296875,49.92409896850586,-532.5045776367188,49.98157501220703
296,296,-519.6348266601562,52.55824279785156,-520.0572819915716,42.567170208136346,10.0,-518.8255004882812,30.673797607421875,21.899405246385182,-526.6407470703125,43.773040771484375,11.236667452475848,-525.6783447265625,42.788516998291016,-526.6407470703125,43.773040771484375
297,297,-516.5357055664062,52.23817443847656,-511.09084817460865,43.85047344338933,10.0,-510.948486328125,44.30244064331055,9.7053021428681,-517.896240234375,42.46448516845703,9.867930711635532,-518.0292358398438,42.13520431518555,-517.896240234375,42.46448516845703
298,298,-513.1259155273438,51.88601303100586,-503.8281335137255,48.20481083237064,10.0,-506.740478515625,47.009765625,8.034400699193846,-511.2612609863281,43.3481559753418,8.739104053636323,-510.9826965332031,42.72500228881836,-511.2612609863281,43.3481559753418
299,299,-508.12420654296875,51.36145782470703,-498.41332213056666,53.7486578433411,10.0,-502.7711181640625,51.88751220703125,5.378874269356336,-504.6490173339844,46.44095993041992,6.0239720754602875,-504.8792724609375,45.40486145019531,-504.6490173339844,46.44095993041992
300,300,-503.1483154296875,50.8396110534668,-496.6169828620833,58.41204097333751,10.0,-497.4712219238281,56.91582107543945,8.31563099863093,-498.807373046875,51.15252685546875,4.352206000414088,-498.8728942871094,49.758644104003906,-498.807373046875,51.15252685546875
301,301,-500.5922546386719,50.55217742919922,-499.65681610147317,60.50832903225969,10.0,-502.86224365234375,56.86219024658203,6.7059012725901646,-496.816650390625,54.22899627685547,5.2701218464424375,-497.25421142578125,53.01329040527344,-496.816650390625,54.22899627685547
302,302,-498.04425048828125,50.265647888183594,-503.05078231064135,58.922127490868256,10.0,-507.39410400390625,56.71660614013672,11.359340787743243,-498.4154357910156,56.9407958984375,6.685460304852815,-498.93743896484375,55.283077239990234,-498.4154357910156,56.9407958984375
303,303,-495.7238464355469,50.00471496582031,-504.82012414095396,54.15895760511259,10.0,-507.4835205078125,51.98289108276367,11.924894759936521,-499.6889343261719,56.836456298828125,7.899025991950424,-500.7431335449219,54.87383270263672,-499.6889343261719,56.836456298828125
304,304,-494.8492431640625,49.900848388671875,-504.66999338386324,48.01594384989964,10.0,-507.3445739746094,47.286643981933594,12.765866862270336,-501.37384033203125,54.36515808105469,7.905721297501509,-502.3919677734375,52.469818115234375,-501.37384033203125,54.36515808105469
305,305,-493.9747619628906,49.7969970703125,-500.88668432464294,42.57028763481502,10.0,-502.66668701171875,41.42144775390625,12.070600126174298,-500.5484619140625,48.92869186401367,6.630798215850243,-501.87432861328125,46.965633392333984,-500.5484619140625,48.92869186401367
306,306,-493.0992431640625,49.69301986694336,-494.5451918765404,39.798110452457365,10.0,-496.6231689453125,41.20661926269531,9.188963386995296,-498.2143859863281,45.865516662597656,6.388620106991193,-499.3089599609375,43.616371154785156,-498.2143859863281,45.865516662597656
307,307,-492.9938049316406,49.718162536621094,-488.43883450921453,40.81578956921383,10.0,-486.8526306152344,41.27156066894531,10.44313674599312,-492.0422058105469,44.00249099731445,5.794345694943161,-493.4201965332031,41.6268424987793,-492.0422058105469,44.00249099731445
308,308,-492.8882141113281,49.74333953857422,-484.01748865672573,45.12703908159901,10.0,-483.23626708984375,43.356224060058594,11.573907094902523,-486.43585205078125,43.1237907409668,9.243992776083859,-487.6300048828125,41.170963287353516,-486.43585205078125,43.1237907409668
309,309,-492.7724609375,49.77094268798828,-482.86780814989805,51.14856860130765,10.0,-483.2389831542969,45.91819763183594,10.282550418574854,-483.38189697265625,44.02602767944336,11.008484910886995,-483.9345397949219,41.92198944091797,-483.38189697265625,44.02602767944336
310,310,-492.80548095703125,49.76734161376953,-485.531241936313,56.629225223206504,10.0,-487.2628479003906,50.943519592285156,5.666054697733733,-482.6158752441406,46.16221618652344,10.808561140612085,-483.162353515625,44.73506546020508,-482.6158752441406,46.16221618652344
311,311,-492.83843994140625,49.76374816894531,-490.8858037262584,59.57125609967334,10.0,-492.47698974609375,56.705841064453125,6.951496242792014,-484.6676330566406,51.15877914428711,8.289040750913005,-485.1773681640625,49.516998291015625,-484.6676330566406,51.15877914428711
312,312,-492.87457275390625,49.75981140136719,-496.96593974439565,58.88454241927306,10.0,-497.4573974609375,56.883087158203125,8.47014402494448,-488.29937744140625,55.35291290283203,7.226008341623352,-489.09844970703125,53.21518325805664,-488.29937744140625,55.35291290283203
313,313,-492.7349548339844,49.67990493774414,-501.3566763904816,54.74605904142393,10.0,-502.84503173828125,51.86236572265625,10.342958478524231,-493.8854064941406,55.62023162841797,6.050704108968488,-494.4068908691406,53.786277770996094,-493.8854064941406,55.62023162841797
314,314,-492.6062927246094,49.60628128051758,-502.56866302615225,48.739576039425764,10.0,-502.7996826171875,46.81910705566406,10.567570092589955,-498.6722717285156,53.92991638183594,7.449155775333449,-498.44952392578125,51.88456344604492,-498.6722717285156,53.92991638183594
315,315,-492.466064453125,49.52604293823242,-500.08338913656587,43.04712600196581,10.0,-502.69989013671875,39.89223861694336,14.054941260036305,-500.7080993652344,49.39884567260742,8.243016355486157,-501.19287109375,47.206199645996094,-500.7080993652344,49.39884567260742
316,316,-492.15093994140625,49.391788482666016,-494.6051014505571,39.69761026648892,10.0,-496.82818603515625,39.31438446044922,11.109937121716348,-499.9987487792969,45.75534439086914,8.649383168113124,-500.6859436035156,43.560340881347656,-499.9987487792969,45.75534439086914
317,317,-491.8645324707031,49.2697868347168,-488.2475853099894,39.94682093128216,10.0,-486.93389892578125,40.14006423950195,10.376077381163139,-494.405517578125,43.04732894897461,6.721278706910977,-495.8545227050781,41.316314697265625,-494.405517578125,43.04732894897461
318,318,-491.5776062011719,49.14755630493164,-483.2276818953755,43.64494200921085,10.0,-483.2683410644531,42.853904724121094,10.423719937379781,-488.9815979003906,43.13898468017578,6.54539472205813,-490.3160705566406,41.0323600769043,-488.9815979003906,43.13898468017578
319,319,-491.0691833496094,49.08921813964844,-481.07543317649584,49.442711389078724,10.0,-483.2497253417969,45.93231201171875,8.432673350516017,-485.0619812011719,44.413299560546875,7.612535202583913,-486.5577392578125,42.122962951660156,-485.0619812011719,44.413299560546875
320,320,-490.607421875,49.03623580932617,-482.66714954491687,55.115057679073324,10.0,-483.26171875,50.82575988769531,7.560539056687538,-482.7027893066406,47.184471130371094,8.11863587476328,-484.06591796875,45.025394439697266,-482.7027893066406,47.184471130371094
321,321,-490.22491455078125,49.04342269897461,-487.2757158449567,58.59864258098481,10.0,-487.4078674316406,56.25189208984375,7.739365957916437,-482.6997985839844,51.87160873413086,8.039030200415601,-484.0616760253906,49.67192077636719,-482.6997985839844,51.87160873413086
322,322,-489.8061828613281,49.051292419433594,-492.93914802403634,58.547845967392796,10.0,-492.4468688964844,56.706825256347656,8.098172988602967,-485.46881103515625,55.36592483520508,7.660768688896797,-486.3851013183594,53.2603874206543,-485.46881103515625,55.36592483520508
323,323,-489.4227600097656,49.05849838256836,-497.4788122660404,54.98302554042414,10.0,-497.298828125,51.71002197265625,8.310416734713376,-488.9547424316406,54.93573760986328,5.895844416899771,-490.3023681640625,53.75847625732422,-488.9547424316406,54.93573760986328
324,324,-488.71112060546875,49.00653839111328,-498.7098300484256,49.167191667848066,10.0,-502.7822265625,46.766666412353516,14.248264783307247,-494.86749267578125,53.344268798828125,7.531057174005373,-495.625732421875,51.834468841552734,-494.86749267578125,53.344268798828125
325,325,-488.00054931640625,48.954654693603516,-496.242777496338,43.29199854741749,10.0,-496.63720703125,43.42213439941406,10.256736190864432,-495.9863586425781,50.125572204589844,8.071195599879124,-497.00860595703125,48.39676284790039,-495.9863586425781,50.125572204589844
326,326,-487.2883605957031,48.902652740478516,-490.72479966487333,39.511652446373496,10.0,-491.6558837890625,40.42711639404297,9.5346722651742,-495.3340148925781,45.7763557434082,8.631702380105214,-495.7640075683594,44.589942932128906,-495.3340148925781,45.7763557434082
327,327,-486.0506286621094,48.768524169921875,-483.4099281564041,39.12348913425882,10.0,-483.19439697265625,40.472686767578125,8.773766447197108,-490.4566650390625,43.761287689208984,6.669750649673212,-490.71636962890625,42.0975341796875,-490.4566650390625,43.761287689208984
328,328,-484.9228210449219,48.64630889892578,-477.18193872379436,42.31553162512631,10.0,-480.029296875,39.872005462646484,10.046640214196598,-485.6500549316406,42.410545349121094,6.278026455428873,-485.9787902832031,40.31398391723633,-485.6500549316406,42.410545349121094
329,329,-483.7956848144531,48.524166107177734,-473.8184498142638,47.849791025345276,10.0,-476.5767822265625,45.713314056396484,7.746834438971516,-481.1695861816406,42.78963851928711,6.307233996415413,-481.33197021484375,41.185089111328125,-481.1695861816406,42.78963851928711
330,330,-483.37109375,48.4775276184082,-474.8486998014519,53.709047606494934,10.0,-480.07440185546875,50.94469451904297,4.117655882059087,-478.7399597167969,45.963626861572266,5.269449634327341,-479.4809265136719,44.21779251098633,-478.7399597167969,45.963626861572266
331,331,-482.90374755859375,48.426185607910156,-478.98915308281926,57.62813920974035,10.0,-479.8843078613281,56.15983581542969,8.302190169930487,-477.3720703125,50.96389389038086,6.086001682703657,-478.3750915527344,48.969825744628906,-477.3720703125,50.96389389038086
332,332,-482.478271484375,48.379451751708984,-484.61972608028094,58.14746957589795,10.0,-487.3428039550781,56.20705795288086,9.216023817197383,-479.6613464355469,54.68339538574219,6.904692033087579,-480.6492614746094,52.60432434082031,-479.6613464355469,54.68339538574219
333,333,-482.8835754394531,48.53030014038086,-490.2888231584883,55.25059077544451,10.0,-491.9964904785156,51.299560546875,9.524390988832177,-483.45855712890625,55.08795166015625,6.582810752104215,-484.5986022949219,53.16997528076172,-483.45855712890625,55.08795166015625
334,334,-483.2887878417969,48.681129455566406,-493.2181714588596,49.86744348869858,10.0,-491.74383544921875,46.307254791259766,8.78197648400446,-486.0591735839844,53.481990814208984,5.542860898978365,-487.596923828125,51.283973693847656,-486.0591735839844,53.481990814208984
335,335,-483.7344055175781,48.84699249267578,-492.5144344757804,44.06043929719889,10.0,-491.5018310546875,43.98411560058594,9.164085941443382,-488.1261291503906,50.380821228027344,4.651867050593126,-489.7165832519531,48.19110107421875,-488.1261291503906,50.380821228027344
336,336,-484.56103515625,48.915199279785156,-488.9434359764873,39.92661968950597,10.0,-491.3522033691406,41.588104248046875,9.990309669870092,-490.03082275390625,47.570030212402344,5.632766299369935,-491.0975646972656,44.6611213684082,-490.03082275390625,47.570030212402344
337,337,-485.4703674316406,48.990230560302734,-483.83382013570446,39.12505377789463,10.0,-483.703125,39.508087158203125,9.645423231262184,-488.6955261230469,44.21333312988281,5.76371387609636,-488.6236572265625,42.18787384033203,-488.6955261230469,44.21333312988281
338,338,-486.2977294921875,49.05849838256836,-479.2476937208144,41.96646090224158,10.0,-480.0182800292969,38.598976135253906,12.199716849134793,-485.7128601074219,41.751075744628906,7.330791076460038,-485.2560729980469,39.98765563964844,-485.7128601074219,41.751075744628906
339,339,-487.18817138671875,49.01536178588867,-477.3328895878446,47.320245074632524,10.0,-480.16534423828125,42.878089904785156,9.32663965742296,-483.3708190917969,42.32941818237305,7.698962294552222,-482.8364562988281,40.289466857910156,-483.3708190917969,42.32941818237305
340,340,-488.1614074707031,48.96821212768555,-479.1469553746907,53.297144260290295,10.0,-480.02105712890625,51.219566345214844,8.445939823369537,-479.5474548339844,44.668861389160156,9.627283978386258,-481.1011657714844,43.56003189086914,-479.5474548339844,44.668861389160156
341,341,-489.05511474609375,48.9249153137207,-484.216493388991,57.67635767270297,10.0,-487.5722351074219,56.372642517089844,7.593916810091637,-481.60589599609375,49.92353820800781,7.515857081554034,-482.8664855957031,48.62521743774414,-481.60589599609375,49.92353820800781
342,342,-490.20257568359375,49.10414123535156,-491.32988911910337,59.04039628532484,10.0,-492.3233642578125,56.62125778198242,7.81055602067921,-485.40875244140625,54.28390121459961,7.057666379190561,-486.2805480957031,52.541072845458984,-485.40875244140625,54.28390121459961
343,343,-491.2519836425781,49.2680549621582,-497.92816919896677,56.71308997998501,10.0,-497.2491455078125,51.773738861083984,6.4995693887485615,-489.9272155761719,55.176456451416016,6.055098561380623,-490.8892822265625,53.3638916015625,-489.9272155761719,55.176456451416016
344,344,-492.4048156738281,49.448116302490234,-502.15994112335085,51.647554290721274,10.0,-502.83685302734375,46.846073150634766,10.751652519927493,-495.88470458984375,52.27082061767578,4.480768518767234,-496.6024169921875,51.68684387207031,-495.88470458984375,52.27082061767578
345,345,-493.2138671875,49.64497375488281,-502.4389108021112,45.78510713691248,10.0,-502.5179138183594,43.29922103881836,11.26205404189862,-500.3676452636719,48.808746337890625,7.202486866079438,-500.4532775878906,48.49605941772461,-500.3676452636719,48.808746337890625
346,346,-493.953369140625,49.82489776611328,-499.2354191110839,41.333728935523766,10.0,-502.6867980957031,40.11932373046875,13.056452377072965,-503.0161437988281,45.28476333618164,10.136404941951534,-503.0327453613281,44.87336349487305,-503.0161437988281,45.28476333618164
347,347,-494.6924133300781,50.00471496582031,-494.07731404755646,40.02365024943653,10.0,-496.8982849121094,39.451255798339844,10.781529104727705,-502.4214172363281,42.7238655090332,10.6182988371596,-502.266845703125,42.0958251953125,-502.4214172363281,42.7238655090332
348,348,-494.6389465332031,49.91730499267578,-488.35426110665446,42.13895496909579,10.0,-487.1792297363281,39.04045104980469,13.189136680773668,-497.663330078125,41.445194244384766,8.995752128538356,-497.1431884765625,40.0184326171875,-497.663330078125,41.445194244384766
349,349,-494.59027099609375,49.83773422241211,-484.9610916424978,47.13978963879262,10.0,-487.1441345214844,42.571067810058594,10.404296667576086,-492.4075927734375,41.49822235107422,8.620414286787117,-493.2591247558594,40.12608337402344,-492.4075927734375,41.49822235107422
350,350,-494.1343688964844,49.72277069091797,-484.7231221259048,53.10336741683124,10.0,-487.34429931640625,51.01401138305664,6.911754294485379,-490.13287353515625,45.17595672607422,6.056854163476998,-490.4640808105469,43.51795196533203,-490.13287353515625,45.17595672607422
351,351,-493.67791748046875,49.607669830322266,-487.9664031179076,57.816116923789906,10.0,-487.5250549316406,56.256019592285156,9.058602105301002,-487.9151306152344,50.21324920654297,5.79451799850701,-488.56292724609375,48.549495697021484,-487.9151306152344,50.21324920654297
352,352,-493.2218017578125,49.492645263671875,-493.32306074171674,59.49213258143865,10.0,-492.3652648925781,56.59611129760742,7.154920341749553,-488.5817565917969,53.95221710205078,6.43566625333595,-489.2580871582031,52.469722747802734,-488.5817565917969,53.95221710205078
353,353,-492.5882873535156,49.437400817871094,-498.4648577491351,57.52850212642787,10.0,-502.56512451171875,57.1334342956543,12.600246464750697,-493.20941162109375,57.365962982177734,7.952854415180078,-494.0617370605469,55.43986892700195,-493.20941162109375,57.365962982177734
354,354,-492.0122375488281,49.387168884277344,-501.49001402518337,52.57648747360757,10.0,-502.7601013183594,46.796295166015625,11.055731646181622,-496.8642578125,55.18279266357422,7.558528668347689,-497.8382873535156,53.22161102294922,-496.8642578125,55.18279266357422
355,355,-491.43463134765625,49.33679962158203,-501.00720064397274,46.44441011336925,10.0,-502.55517578125,43.050689697265625,12.774258744840036,-498.9926452636719,52.04130554199219,8.027323752547883,-500.4823303222656,49.5651741027832,-498.9926452636719,52.04130554199219
356,356,-490.5656433105469,49.16110610961914,-496.6915224635974,41.257081527026976,10.0,-496.87030029296875,38.38343048095703,12.486272126726139,-498.18719482421875,47.57360076904297,7.785128173762582,-500.0233154296875,45.12058639526367,-498.18719482421875,47.57360076904297
357,357,-489.7735900878906,49.0009651184082,-490.18643910224,39.009490968346526,10.0,-491.74530029296875,39.43869400024414,9.763435362109169,-495.7851867675781,43.96392059326172,7.842902025879066,-497.41058349609375,42.09217834472656,-495.7851867675781,43.96392059326172
358,358,-488.90191650390625,48.824729919433594,-483.44899710151805,40.44226787114143,10.0,-483.6141052246094,38.41740798950195,11.67361545874693,-491.36431884765625,41.85429000854492,7.392594798432765,-491.59478759765625,39.71091842651367,-491.36431884765625,41.85429000854492
359,359,-487.5537109375,48.620399475097656,-478.25239385402824,44.948138521309545,10.0,-480.0696105957031,41.989013671875,9.999351758852525,-485.2601013183594,40.685707092285156,8.259539230179678,-485.9784240722656,39.58964157104492,-485.2601013183594,40.685707092285156
360,360,-486.31463623046875,48.432613372802734,-476.6060515290162,50.82914901716986,10.0,-480.1751403808594,45.680999755859375,6.727911026783786,-481.4568176269531,42.609012603759766,7.5837146242366185,-482.2516174316406,41.193145751953125,-481.4568176269531,42.609012603759766
361,361,-485.08245849609375,48.24586868286133,-478.5584096155212,55.82457478640565,10.0,-480.1796875,51.009185791015625,5.6278845830699415,-479.32916259765625,46.21376419067383,6.101627845267719,-479.8647766113281,44.5850944519043,-479.32916259765625,46.21376419067383
362,362,-482.9926452636719,48.07215881347656,-482.066779705147,58.02920521125625,10.0,-483.2651062011719,56.11328125,8.04573707012751,-479.3625183105469,50.867469787597656,4.581657466228397,-479.77685546875,49.43678283691406,-479.3625183105469,50.867469787597656
363,363,-481.0910339355469,47.914093017578125,-486.10588639380586,56.56575498635001,10.0,-487.14385986328125,50.89976119995117,6.749141886691098,-480.921630859375,52.55220031738281,4.641199923157591,-481.3997802734375,50.85494613647461,-480.921630859375,52.55220031738281
364,364,-479.1898498535156,47.75606155395508,-488.2901175363545,51.901556470208,10.0,-487.0257263183594,45.87274169921875,8.059023119928137,-482.5046691894531,51.46989059448242,4.978006967870714,-482.9474182128906,49.673828125,-482.5046691894531,51.46989059448242
365,365,-476.6076354980469,47.51880645751953,-486.42656889841504,45.62446042811134,10.0,-486.86614990234375,43.014156341552734,11.203972083615977,-483.2882995605469,49.083526611328125,6.86145913605217,-484.2635192871094,47.13492965698242,-483.2882995605469,49.083526611328125
366,366,-473.7763366699219,47.2586669921875,-480.68130756878446,40.025315287351006,10.0,-483.18988037109375,40.93741989135742,11.339002157316372,-482.7370300292969,46.098731994628906,9.035456528549538,-483.78118896484375,43.99419021606445,-482.7370300292969,46.098731994628906
367,367,-471.1934814453125,47.02135467529297,-472.62991582571135,37.12505959729493,10.0,-476.1550598144531,38.03255844116211,10.267215671828914,-479.5685729980469,42.93981170654297,9.316713558032964,-480.6708068847656,41.0904426574707,-479.5685729980469,42.93981170654297
368,368,-466.7788391113281,46.553951263427734,-462.21531142506336,37.65596188061237,10.0,-465.1966247558594,36.992008209228516,9.691963538850116,-473.59759521484375,40.423431396484375,9.169444292770354,-474.5662841796875,38.67552185058594,-473.59759521484375,40.423431396484375
369,369,-461.94097900390625,46.04174041748047,-453.0658192126467,41.433971035272855,10.0,-455.70233154296875,38.93449020385742,9.45694071784881,-464.1513366699219,39.611236572265625,6.799783872671023,-465.27117919921875,37.88845443725586,-464.1513366699219,39.611236572265625
370,370,-458.90576171875,45.689697265625,-449.0024380559155,47.076845573896904,10.0,-452.5753173828125,41.37139129638672,7.6630471703077845,-456.56097412109375,39.956329345703125,6.194314859878521,-457.6446838378906,38.26982879638672,-456.56097412109375,39.956329345703125
371,371,-455.58038330078125,45.30400085449219,-448.3127451411419,52.17287525868344,10.0,-452.80645751953125,46.24525451660156,2.9292699937557365,-451.71905517578125,42.40130615234375,4.830682293713449,-452.870849609375,40.649169921875,-451.71905517578125,42.40130615234375
372,372,-452.5352783203125,44.950809478759766,-450.5920726374908,54.76019027849679,10.0,-452.68798828125,51.77098083496094,6.821880800784815,-450.04156494140625,46.460269927978516,2.9149746592194754,-449.9966125488281,44.95696258544922,-450.04156494140625,46.460269927978516
373,373,-449.3984375,44.6478385925293,-453.498575759323,53.76863166410129,10.0,-456.1429138183594,51.755699157714844,9.798451031822848,-450.99822998046875,50.15171813964844,5.731668696789859,-450.0375061035156,48.20451736450195,-450.99822998046875,50.15171813964844
374,374,-445.98248291015625,44.31790542602539,-454.609071439425,49.37576765691791,10.0,-456.24139404296875,45.99916076660156,10.395762461270465,-451.9717102050781,50.438533782958984,8.563465132406206,-450.6754455566406,48.24755096435547,-451.9717102050781,50.438533782958984
375,375,-442.8538513183594,44.01572799682617,-452.8153837036237,43.139444630939316,10.0,-455.97454833984375,41.643436431884766,13.333433826238501,-452.6929626464844,48.04167938232422,10.630917001163697,-451.4941101074219,46.13352584838867,-452.6929626464844,48.04167938232422
376,376,-439.480712890625,43.75991439819336,-447.0918047655764,37.273676623408306,10.0,-451.88800048828125,34.27907180786133,15.614965954289122,-451.9292907714844,43.429115295410156,12.452972307936104,-450.7682800292969,41.552852630615234,-451.9292907714844,43.429115295410156
377,377,-436.3991394042969,43.52621078491211,-438.84397911249016,33.82967744555617,10.0,-442.9831848144531,33.67353439331055,11.850100676391842,-447.9498596191406,39.458255767822266,12.246117568546632,-447.09765625,37.74938201904297,-447.9498596191406,39.458255767822266
378,378,-433.0192565917969,43.2698860168457,-429.39334734596724,33.950402010689174,10.0,-432.83770751953125,32.0898551940918,11.181504785285739,-439.7901916503906,36.137454986572266,9.834486970315297,-439.997802734375,34.56985855102539,-439.7901916503906,36.137454986572266
379,379,-429.57183837890625,42.875160217285156,-421.2166273311004,37.380576671044025,10.0,-425.3447570800781,32.412689208984375,11.284126723253193,-431.56488037109375,34.158199310302734,8.941902696657044,-432.2411804199219,32.56838607788086,-431.56488037109375,34.158199310302734
380,380,-426.43426513671875,42.51591110229492,-416.44085945618525,42.879012884555024,10.0,-420.1799621582031,42.52705383300781,6.254312904509748,-424.5238342285156,36.890106201171875,5.941332093101505,-424.8973083496094,35.3272705078125,-424.5238342285156,36.890106201171875
381,381,-423.2969665527344,42.15669250488281,-415.3625425007979,48.24314590272065,10.0,-419.9905090332031,47.05694580078125,5.911441760892874,-419.9327392578125,40.9077033996582,3.588592910440961,-419.93560791015625,39.506717681884766,-419.9327392578125,40.9077033996582
382,382,-420.17681884765625,41.7580451965332,-417.2368085672594,51.31609622962363,10.0,-419.9607238769531,47.053646087646484,5.300008097571452,-416.7425842285156,44.334468841552734,4.293241923991668,-416.9781799316406,42.76295852661133,-416.7425842285156,44.334468841552734
383,383,-417.0514831542969,41.358734130859375,-420.1935775252273,50.85227103573141,10.0,-424.4247131347656,46.951175689697266,9.254184077156689,-416.93035888671875,46.67280578613281,5.315451875953436,-417.3608703613281,45.07356262207031,-416.93035888671875,46.67280578613281
384,384,-413.6257629394531,40.921043395996094,-421.6875077303495,46.83782215867218,10.0,-424.8757629394531,42.09090805053711,11.310662372732393,-417.8759765625,46.544612884521484,7.049031822442496,-418.40740966796875,44.69367218017578,-417.8759765625,46.544612884521484
385,385,-410.409912109375,40.60945510864258,-420.40877139418967,40.76049484671033,10.0,-425.00738525390625,36.93864440917969,15.051945834230281,-418.7646789550781,44.06533432006836,9.041306883964564,-419.728515625,42.19957733154297,-418.7646789550781,44.06533432006836
386,386,-407.1916809082031,40.29763412475586,-415.42846080149667,34.62705593647247,10.0,-421.0242004394531,32.361663818359375,15.947357815212508,-418.4793395996094,39.418357849121094,11.321853448202427,-419.3778381347656,38.23853302001953,-418.4793395996094,39.418357849121094
387,387,-403.9749755859375,39.9859619140625,-407.40238389676426,30.59166192572512,10.0,-410.0428161621094,26.115938186645508,15.139228760308372,-414.8291015625,34.37102127075195,12.220458630632056,-415.02227783203125,33.11122512817383,-414.8291015625,34.37102127075195
388,388,-401.7965087890625,39.81899642944336,-399.14653608702986,30.176504807539725,10.0,-404.435302734375,26.674070358276367,13.407174008800796,-408.0170593261719,30.994176864624023,10.796883315862493,-409.5582580566406,29.45250129699707,-408.0170593261719,30.994176864624023
389,389,-399.6197814941406,39.65216827392578,-391.8728158952037,33.32883655647746,10.0,-394.5177001953125,32.306915283203125,8.943376044736787,-400.32427978515625,31.237506866455078,8.44410116261173,-401.622802734375,29.243900299072266,-400.32427978515625,31.237506866455078
390,390,-397.43896484375,39.485023498535156,-387.46108606340374,38.82024154577482,10.0,-389.63031005859375,37.321102142333984,8.102940527337413,-392.92095947265625,33.35456085205078,7.615441208043837,-394.53582763671875,31.369354248046875,-392.92095947265625,33.35456085205078
391,391,-396.7904357910156,39.443233489990234,-388.273075733894,44.682945090579466,10.0,-389.6390686035156,42.49296951293945,7.774505930290733,-388.1899108886719,37.720008850097656,8.771461209819483,-389.7373046875,35.540924072265625,-388.1899108886719,37.720008850097656
392,392,-396.0765686035156,39.39723587036133,-392.1708233442718,48.60294898613321,10.0,-394.62249755859375,46.50690460205078,7.256838986641698,-388.844970703125,42.69670867919922,7.948743863604784,-388.9486999511719,40.239871978759766,-388.844970703125,42.69670867919922
393,393,-395.3658447265625,39.3514404296875,-397.5166899938799,49.11739479349949,10.0,-399.3218994140625,46.336097717285156,8.027191670545918,-390.3662414550781,45.009708404541016,7.550631056242264,-390.7735595703125,43.55799102783203,-390.3662414550781,45.009708404541016
394,394,-395.610595703125,39.41072463989258,-403.02230136071995,46.12389224134385,10.0,-404.3241882324219,42.96711730957031,9.411409224316825,-394.70947265625,45.99091720581055,6.641608009373286,-394.6930236816406,44.40209197998047,-394.70947265625,45.99091720581055
395,395,-395.8563232421875,39.470252990722656,-405.7868428757366,40.64701966585235,10.0,-409.3418884277344,38.023292541503906,13.56297028365237,-398.816650390625,44.61518859863281,5.935814959659536,-399.9344177246094,42.94171142578125,-398.816650390625,44.61518859863281
396,396,-396.10113525390625,39.5295524597168,-404.8765580240552,34.734559737600186,10.0,-409.39263916015625,32.730438232421875,14.929568994638233,-402.8931579589844,41.59332275390625,7.098642141527884,-404.01947021484375,39.47528076171875,-402.8931579589844,41.59332275390625
397,397,-396.5494079589844,39.551109313964844,-400.9231644992876,30.55832032910844,10.0,-404.4022216796875,26.771635055541992,14.999388175980897,-403.4790344238281,36.54480743408203,7.553646399934923,-404.9787902832031,34.37821578979492,-403.4790344238281,36.54480743408203
398,398,-397.04034423828125,39.5747184753418,-395.3943126220845,29.711119744732336,10.0,-399.234619140625,27.030593872070312,12.734594787799754,-402.1251220703125,32.828895568847656,8.447549484134289,-403.5352478027344,30.671436309814453,-402.1251220703125,32.828895568847656
399,399,-397.49005126953125,39.596343994140625,-390.4331999717806,32.51108819343484,10.0,-394.2677917480469,26.999618530273438,13.002324747361017,-398.4171142578125,30.077125549316406,9.56425457547647,-399.9891052246094,28.067325592041016,-398.4171142578125,30.077125549316406
400,400,-398.0521545410156,39.57963180541992,-388.19524749262655,37.89399144062742,10.0,-389.7480163574219,37.50920104980469,8.558352323082824,-394.108642578125,32.77826690673828,7.861924133854269,-395.7660827636719,30.61423110961914,-394.108642578125,32.77826690673828
401,401,-398.6134033203125,39.56294631958008,-389.60311753154355,43.90054358128013,10.0,-394.6807556152344,42.59960174560547,4.968600824041482,-392.3611145019531,37.17564010620117,6.692559034078011,-394.5683288574219,35.0756721496582,-392.3611145019531,37.17564010620117
402,402,-399.29058837890625,39.66740036010742,-394.46038351215043,48.42349086587359,10.0,-399.31536865234375,46.31370544433594,6.6463512798070985,-393.911376953125,42.37150573730469,6.020639621688273,-395.692626953125,39.96351623535156,-393.911376953125,42.37150573730469
403,403,-400.033935546875,39.78206253051758,-401.17080187767885,49.71722910918572,10.0,-404.449951171875,46.68259048461914,8.192586895821199,-397.0454406738281,45.984066009521484,6.88447156721589,-398.7348327636719,43.521087646484375,-397.0454406738281,45.984066009521484
404,404,-400.7784423828125,39.89690399169922,-407.4617830351046,47.33551661270725,10.0,-409.5771484375,47.07733917236328,11.356754713407902,-401.64703369140625,48.462406158447266,8.609429611183895,-403.2125244140625,46.07998275756836,-401.64703369140625,48.462406158447266
405,405,-402.04217529296875,39.900394439697266,-411.7994109283426,42.09045214573859,10.0,-415.0054931640625,37.78224182128906,13.135226710715278,-406.72882080078125,46.01060485839844,7.700605007186347,-408.5860595703125,44.17681884765625,-406.72882080078125,46.01060485839844
406,406,-403.4256286621094,39.90420913696289,-412.6469568648053,36.03547469555131,10.0,-414.98541259765625,32.70539093017578,13.618061103214993,-411.0491027832031,41.798789978027344,7.8553672249179165,-412.44287109375,40.2434196472168,-411.0491027832031,41.798789978027344
407,407,-404.8123779296875,39.90803909301758,-410.0862614501669,31.41179565180098,10.0,-414.6742858886719,28.009933471679688,15.45387155272075,-414.3318176269531,37.03246307373047,9.944278233867744,-414.8909912109375,35.259559631347656,-414.3318176269531,37.03246307373047
408,408,-406.7642822265625,40.04542541503906,-406.13958672882114,30.064956711861758,10.0,-409.09417724609375,27.314525604248047,12.942342168032617,-414.0209655761719,33.39317321777344,9.844384822452,-414.0265808105469,31.349712371826172,-414.0209655761719,33.39317321777344
409,409,-408.7123718261719,40.18254089355469,-402.4202106502098,32.41023700502102,10.0,-404.2588806152344,26.75873374938965,14.14327339089625,-410.75592041015625,29.062698364257812,11.306059821682533,-411.05780029296875,28.399608612060547,-410.75592041015625,29.062698364257812
410,410,-410.66412353515625,40.31991958618164,-401.0323546380977,37.63123442170915,10.0,-404.12109375,32.70622634887695,10.038902503820871,-408.1747741699219,29.210060119628906,11.385334322221029,-408.651123046875,28.786270141601562,-408.1747741699219,29.210060119628906
411,411,-414.7387390136719,41.05551528930664,-405.3307469371987,44.44515908903215,10.0,-409.3481750488281,43.06340026855469,5.752371854197354,-408.4520568847656,34.43016052246094,9.133328964647792,-408.8816223144531,33.8963508605957,-408.4520568847656,34.43016052246094
412,412,-418.803466796875,41.789337158203125,-413.0998472541805,50.003271910329744,10.0,-414.76593017578125,47.13435745239258,6.698577752924142,-410.4560852050781,40.1951789855957,8.498242154608231,-411.20684814453125,39.29709243774414,-410.4560852050781,40.1951789855957
413,413,-421.87646484375,42.42189025878906,-421.987337993166,52.42127559713555,10.0,-424.1458435058594,51.95943832397461,9.803820816791886,-415.4660339355469,46.76693344116211,7.744225247597879,-416.8746337890625,45.132362365722656,-415.4660339355469,46.76693344116211
414,414,-424.9527893066406,43.05513000488281,-430.83713634145124,51.140577424408555,10.0,-432.6274108886719,46.95439910888672,8.608374757921455,-423.1072998046875,49.31624221801758,6.5274311675638925,-424.3713073730469,47.287147521972656,-423.1072998046875,49.31624221801758
415,415,-428.3215026855469,43.748558044433594,-437.80234121696816,46.92876255690093,10.0,-443.3179931640625,41.371681213378906,15.183684340179573,-432.3998718261719,48.673431396484375,6.39433126925265,-433.44549560546875,46.300846099853516,-432.3998718261719,48.673431396484375
416,416,-431.564697265625,44.14375305175781,-441.1344811901194,41.24216113722398,10.0,-443.1401672363281,37.71576690673828,13.240487563651607,-438.4446716308594,45.46159744262695,7.005052541189637,-439.9580383300781,43.47654724121094,-438.4446716308594,45.46159744262695
417,417,-434.81207275390625,44.53945541381836,-440.93034958883624,36.62954463232664,10.0,-442.7544250488281,33.49858093261719,13.600803994113363,-442.5321044921875,42.064125061035156,8.107166607112477,-444.0989990234375,39.6480712890625,-442.5321044921875,42.064125061035156
418,418,-438.3705749511719,44.97307586669922,-438.77381726680693,34.98120939266739,10.0,-442.7409362792969,33.501312255859375,12.27605060601168,-445.1094970703125,38.90279769897461,9.06980420744554,-446.4764404296875,36.81517028808594,-445.1094970703125,38.90279769897461
419,419,-441.7141418457031,45.21406936645508,-436.2531654735434,36.83685401392218,10.0,-436.6996765136719,33.47422409057617,12.765924552014223,-443.6887512207031,36.847042083740234,8.596873136991869,-444.87371826171875,34.78692626953125,-443.6887512207031,36.847042083740234
420,420,-445.0566101074219,45.454986572265625,-435.751766552474,41.79167025805732,10.0,-437.03082275390625,37.20082473754883,11.512795066253316,-441.78094482421875,37.08430862426758,8.988783697290918,-443.38946533203125,34.94964599609375,-441.78094482421875,37.08430862426758
421,421,-448.4094543457031,45.696651458740234,-438.7031783300663,48.10252051342164,10.0,-443.2231750488281,46.53443145751953,5.253510090553637,-442.9474182128906,40.90290069580078,7.2673162235678115,-444.47222900390625,38.76460266113281,-442.9474182128906,40.90290069580078
422,422,-451.7923889160156,45.97942352294922,-445.2756297534739,53.56439880421601,10.0,-448.43963623046875,51.95112228393555,6.848513463694689,-445.4998474121094,46.376129150390625,6.305034015231513,-447.06976318359375,44.10711669921875,-445.4998474121094,46.376129150390625
423,423,-455.1790466308594,46.262508392333984,-454.2627549069029,56.22044038028253,10.0,-455.99700927734375,51.94845962524414,5.744484686555988,-450.0188293457031,50.41488265991211,6.623447326586836,-452.0147705078125,48.05674743652344,-450.0188293457031,50.41488265991211
424,424,-458.2644958496094,46.520416259765625,-463.2876643079086,55.1672525968052,10.0,-465.13897705078125,51.82523727416992,8.683295329546896,-456.80908203125,53.228416442871094,6.864072831724211,-458.5548095703125,50.78034973144531,-456.80908203125,53.228416442871094
425,425,-461.3623352050781,46.86849594116211,-470.4665844528269,51.00523930217277,10.0,-476.5771179199219,45.774803161621094,15.25404133192015,-466.69134521484375,52.434539794921875,7.705789503104733,-468.156005859375,50.08657455444336,-466.69134521484375,52.434539794921875
426,426,-464.4605407714844,47.21662139892578,-474.2776482755447,45.31283563006367,10.0,-476.4698486328125,42.802791595458984,12.794739889584674,-472.99298095703125,49.97838592529297,8.968270670482429,-474.5169982910156,47.63267135620117,-472.99298095703125,49.97838592529297
427,427,-467.8744201660156,47.600215911865234,-474.7724332188549,40.36022862438615,10.0,-479.9278869628906,40.68424987792969,13.896641608889475,-477.9561462402344,47.52931594848633,10.081975373922976,-479.8681945800781,44.41545104980469,-477.9561462402344,47.52931594848633
428,428,-470.9468994140625,48.043270111083984,-472.37381813450446,38.1455985179641,10.0,-476.1537780761719,37.663639068603516,11.612421193702634,-479.8105773925781,44.57500076293945,9.518071211022837,-481.5563659667969,41.56830978393555,-479.8105773925781,44.57500076293945
429,429,-474.31005859375,48.52824783325195,-469.7379778622887,39.63465026055955,10.0,-471.4264831542969,40.06742858886719,8.938706259922007,-478.7899475097656,43.21525955200195,6.949622232649735,-480.4456481933594,40.36236572265625,-478.7899475097656,43.21525955200195
430,430,-477.67840576171875,49.013973236083984,-468.7988198382282,44.414739188185536,10.0,-471.4945373535156,42.49364471435547,8.986373713642173,-477.2388916015625,43.28701400756836,5.743799674610713,-478.8739318847656,40.5355224609375,-477.2388916015625,43.28701400756836
431,431,-480.89501953125,49.441471099853516,-470.9930341480707,50.83814052076285,10.0,-476.44488525390625,45.69892501831055,5.814666478729662,-477.1669921875,44.22567367553711,6.411141134560472,-479.0240783691406,41.9424934387207,-477.1669921875,44.22567367553711
432,432,-484.1122741699219,49.869056701660156,-476.85124358975406,56.74491555084171,10.0,-480.11181640625,50.909141540527344,4.133453615436365,-478.4001770019531,47.74994659423828,6.092510295739693,-480.3767395019531,45.22787094116211,-478.4001770019531,47.74994659423828
433,433,-487.6457824707031,50.33867263793945,-485.71200911655757,60.149917238641066,10.0,-487.25714111328125,56.19794845581055,5.87215081674404,-482.1922607421875,52.78611755371094,5.977531753084022,-483.97991943359375,50.03472137451172,-482.1922607421875,52.78611755371094
434,434,-490.85565185546875,50.7122688293457,-494.9645575933526,59.829115523087204,10.0,-497.5522155761719,56.78425598144531,9.03952397201866,-488.65435791015625,56.32807922363281,6.031834001218254,-490.5080871582031,53.7555046081543,-488.65435791015625,56.32807922363281
435,435,-494.0801086425781,51.087562561035156,-502.7115561699778,56.13712824352165,10.0,-503.06695556640625,51.84117889404297,9.01838983464871,-495.5421447753906,56.934669494628906,6.0271227917248735,-497.3312683105469,54.29750442504883,-495.5421447753906,56.934669494628906
436,436,-497.5927429199219,51.496395111083984,-507.5534281802102,50.61053443046017,10.0,-507.18780517578125,47.22631072998047,10.502325471797253,-502.020263671875,55.1348991394043,5.730763611690741,-503.81866455078125,52.52051544189453,-502.020263671875,55.1348991394043
437,437,-502.5533142089844,52.07494354248047,-510.1581662395564,45.581390925221974,10.0,-511.04620361328125,44.72732925415039,11.230165010528138,-506.8350524902344,51.37670135498047,4.338297461162211,-509.4718933105469,49.40613555908203,-506.8350524902344,51.37670135498047
438,438,-507.5192565917969,52.654117584228516,-509.954772238959,42.95523808541894,10.0,-510.87646484375,41.81049728393555,11.351429357746447,-510.8163757324219,48.09591293334961,5.625675449825543,-512.8942260742188,45.94533920288086,-510.8163757324219,48.09591293334961
439,439,-510.8130798339844,53.07411193847656,-507.1782118549224,43.75811844476964,10.0,-507.3602294921875,44.57216262817383,9.176345544812703,-511.7419128417969,47.193931579589844,5.953087586239527,-513.2446899414062,44.87599563598633,-511.7419128417969,47.193931579589844
440,440,-514.106201171875,53.494014739990234,-505.7457111058318,48.00746702256418,10.0,-507.503662109375,47.35626983642578,9.014734304075178,-511.544189453125,47.576210021972656,6.448590289947365,-512.9428100585938,45.19766616821289,-511.544189453125,47.576210021972656
441,441,-517.384521484375,53.91202926635742,-507.3914695345834,54.28473924578726,10.0,-507.45233154296875,51.99794387817383,10.114945373328984,-510.6498718261719,49.90781784057617,7.835127003507511,-512.2343139648438,47.436038970947266,-510.6498718261719,49.90781784057617
442,442,-520.5798950195312,54.30464172363281,-512.6513265805281,60.39872102308756,10.0,-516.126220703125,56.70770263671875,5.060624138247979,-513.404541015625,53.48455047607422,7.2220672065341285,-514.856689453125,51.15036392211914,-513.404541015625,53.48455047607422
443,443,-523.7677612304688,54.69633102416992,-520.8369420933215,64.25720437263193,10.0,-520.9865112304688,61.83812713623047,7.664241858706126,-517.0140380859375,58.334991455078125,7.671546522340469,-518.47705078125,55.92792892456055,-517.0140380859375,58.334991455078125
444,444,-527.260009765625,55.12541198730469,-530.4112304401453,64.61592347301901,10.0,-531.6770629882812,62.4821891784668,8.580939914262366,-523.7763671875,62.202701568603516,7.888205970287943,-525.173583984375,59.697265625,-523.7763671875,62.202701568603516
445,445,-530.6104736328125,55.52003479003906,-538.6779035058462,61.429059687912165,10.0,-540.4044189453125,58.092933654785156,10.126261568439384,-531.8560791015625,62.843467712402344,7.428607053286255,-533.4537353515625,60.49016571044922,-531.8560791015625,62.843467712402344
446,446,-533.94384765625,55.91264724731445,-543.9428475397192,56.054073307089865,10.0,-544.6937255859375,53.16267395019531,11.096045630676306,-539.5341186523438,61.419124603271484,7.846809713599186,-540.6937866210938,58.708168029785156,-539.5341186523438,61.419124603271484
447,447,-537.2784423828125,56.305397033691406,-545.5097663751761,50.62690204533935,10.0,-544.5259399414062,47.9465446472168,11.063301228869014,-543.9519653320312,57.83220672607422,6.84595182502064,-545.3499755859375,55.01081466674805,-543.9519653320312,57.83220672607422
448,448,-540.4957885742188,56.66831588745117,-543.9141629583172,47.27072488921446,10.0,-544.55078125,44.13841247558594,13.169716971572003,-547.6353759765625,53.20486831665039,7.9353120512927156,-548.0773315429688,50.334373474121094,-547.6353759765625,53.20486831665039
449,449,-543.7133178710938,57.03125762939453,-541.0540754224368,47.391318335018184,10.0,-544.473876953125,43.88179397583008,13.17144048666177,-548.3530883789062,49.81664276123047,8.57776999348319,-549.3505249023438,47.02878189086914,-548.3530883789062,49.81664276123047
450,450,-547.2457885742188,57.429725646972656,-539.4927468589669,51.11384533132658,10.0,-539.992431640625,47.780643463134766,12.07128716403393,-546.0767822265625,48.241302490234375,9.262488647666181,-547.56396484375,46.31850051879883,-546.0767822265625,48.241302490234375
451,451,-550.5067749023438,57.833740234375,-540.528261565649,57.17855202522836,10.0,-540.1737670898438,52.97541809082031,11.418158542590826,-544.5346069335938,50.27913284301758,9.630102963339265,-545.9498901367188,48.083251953125,-544.5346069335938,50.27913284301758
452,452,-553.7797241210938,58.23923110961914,-545.267405829066,63.487129478986624,10.0,-545.037841796875,62.865943908691406,9.890752140034008,-544.8707275390625,56.09112548828125,9.164310004526687,-546.5025024414062,53.628543853759766,-544.8707275390625,56.09112548828125
453,453,-557.03955078125,58.64310836791992,-553.1426583491085,67.85257248763493,10.0,-556.0694580078125,67.91856384277344,9.326047086256091,-549.274169921875,62.52363586425781,8.680992658733334,-551.0433349609375,59.760902404785156,-549.274169921875,62.52363586425781
454,454,-560.0980224609375,59.04023742675781,-562.2582564113698,68.80411930229276,10.0,-566.0250854492188,66.82138061523438,9.78142448657805,-556.76611328125,66.38928985595703,8.069088572373262,-558.3983154296875,63.83879470825195,-556.76611328125,66.38928985595703
455,455,-563.4530639648438,59.47587966918945,-570.8712207094267,66.18191803120312,10.0,-574.1874389648438,62.07545471191406,11.044663736093629,-564.9718017578125,67.21434020996094,7.886084961808925,-566.829833984375,64.61869812011719,-564.9718017578125,67.21434020996094
456,456,-566.8129272460938,59.91215133666992,-576.7445737161008,61.0793695659634,10.0,-578.4806518554688,57.414947509765625,11.931966498164519,-572.40283203125,65.00025177001953,7.558822760652959,-574.2850341796875,62.959957122802734,-572.40283203125,65.00025177001953
457,457,-571.9577026367188,60.5113410949707,-580.7285111065873,55.707913278829274,10.0,-582.996337890625,53.35636901855469,13.154660530894548,-578.9832763671875,62.25664520263672,7.239114080499661,-580.8502197265625,59.714111328125,-578.9832763671875,62.25664520263672
458,458,-576.65771484375,61.05874252319336,-581.0228230609056,52.06175245692562,10.0,-583.135986328125,49.40380859375,13.33437236336815,-583.368408203125,58.19378662109375,7.296668944424923,-585.1294555664062,55.597965240478516,-583.368408203125,58.19378662109375
459,459,-580.2291259765625,61.46540451049805,-578.5736115617392,51.60339294985221,10.0,-578.6201171875,49.31544494628906,12.256036337054233,-583.6685180664062,55.113121032714844,7.223636433943587,-585.4126586914062,52.51472091674805,-583.6685180664062,55.113121032714844
460,460,-583.4779663085938,61.83534622192383,-576.4143060080006,54.756878650632366,10.0,-578.524169921875,53.4763298034668,9.716648296871815,-582.60546875,53.937896728515625,7.945499385858987,-584.9351806640625,52.07540512084961,-582.60546875,53.937896728515625
461,461,-586.7272338867188,62.20532989501953,-576.8687107007938,60.529167434940085,10.0,-578.6624755859375,57.61008071899414,9.282060193716807,-581.9874267578125,55.717044830322266,8.035148704286941,-584.1810913085938,53.569374084472656,-581.9874267578125,55.717044830322266
462,462,-590.1856689453125,62.6106071472168,-581.1795577931275,66.95686552822566,10.0,-583.0047607421875,61.9069938659668,7.215297240672716,-583.392333984375,59.00006103515625,7.693207596237816,-584.9922485351562,56.565731048583984,-583.392333984375,59.00006103515625
463,463,-593.3360595703125,62.97978210449219,-588.5142756590695,71.74051266268644,10.0,-593.4203491210938,67.03550720214844,4.056600891895788,-587.430419921875,63.28921127319336,5.913740446421376,-589.46240234375,60.899986267089844,-587.430419921875,63.28921127319336
464,464,-596.7967529296875,63.385318756103516,-597.9431711048373,73.31938767914235,10.0,-602.1529541015625,71.79329681396484,9.969101565089638,-595.3887329101562,68.4907455444336,5.296027102120906,-596.08935546875,66.04335021972656,-595.3887329101562,68.4907455444336
465,465,-600.1932983398438,63.81617736816406,-606.8837879097869,71.24836071590803,10.0,-606.787109375,67.10987854003906,7.370672382962025,-601.5722045898438,70.53990173339844,6.86366168935616,-602.3773193359375,67.7889175415039,-601.5722045898438,70.53990173339844
466,466,-603.2990112304688,64.21014404296875,-613.0583480318536,66.39081944227428,10.0,-616.81689453125,62.26904296875,13.65653844551663,-609.6057739257812,67.50434112548828,7.1152645849234295,-610.7481689453125,66.81493377685547,-609.6057739257812,67.50434112548828
467,467,-606.7130737304688,64.64322662353516,-615.9306779968159,60.76562793504019,10.0,-616.740966796875,57.90849304199219,12.079539551060758,-615.6009521484375,64.37995147705078,8.891776907646248,-616.227783203125,63.98955535888672,-615.6009521484375,64.37995147705078
468,468,-610.1902465820312,65.0831298828125,-615.4559587772169,56.581819685115164,10.0,-616.8056640625,53.64280700683594,13.215322014521028,-618.794921875,60.68796157836914,9.66219133125661,-619.555419921875,59.9852409362793,-618.794921875,60.68796157836914
469,469,-613.3834838867188,65.48711395263672,-612.7491927512423,55.507250488868486,10.0,-616.8265991210938,53.65104675292969,12.326699853292682,-620.5597534179688,58.08155059814453,10.312187594421694,-621.2755737304688,57.0095329284668,-620.5597534179688,58.08155059814453
470,470,-616.568115234375,65.89000701904297,-610.2684841256357,58.123756450473536,10.0,-611.54345703125,57.93646240234375,9.4077660487523,-620.1121826171875,57.74098205566406,8.886339036278553,-620.0079956054688,56.65966033935547,-620.1121826171875,57.74098205566406
471,471,-620.0184326171875,66.31086730957031,-610.3840830805217,63.63144404973471,10.0,-611.3685913085938,62.35976028442383,9.509521617201191,-617.3531494140625,59.34947967529297,7.454170131378125,-618.3233642578125,58.290069580078125,-617.3531494140625,59.34947967529297
472,472,-623.1597900390625,66.69403839111328,-613.7550613536861,70.09272613117665,10.0,-616.8179321289062,67.36940002441406,6.377717074968605,-617.96630859375,62.78373718261719,6.500977239151912,-618.6886596679688,61.70341110229492,-617.96630859375,62.78373718261719
473,473,-626.6069946289062,67.11451721191406,-620.9112751786514,75.3339320295266,10.0,-621.1338500976562,71.89044189453125,7.263936097873099,-619.9952392578125,67.89512634277344,6.657676749615295,-620.5154418945312,66.05571746826172,-619.9952392578125,67.89512634277344
474,474,-631.3349609375,67.62935638427734,-631.4554481499335,77.6286304995139,10.0,-635.9058837890625,77.3062973022461,10.702173669156847,-626.3953857421875,72.91753387451172,7.236312892514257,-627.3690795898438,71.35317993164062,-626.3953857421875,72.91753387451172
475,475,-636.5232543945312,68.19432067871094,-642.415372628891,76.27410673480959,10.0,-642.282958984375,72.02780151367188,6.918798470419555,-634.5213012695312,74.5956039428711,6.707029427601624,-635.736572265625,73.0395736694336,-634.5213012695312,74.5956039428711
476,476,-640.0193481445312,68.58922576904297,-649.5032399666869,71.76031326478463,10.0,-645.1587524414062,67.27308654785156,5.305252018169876,-640.2041625976562,73.46001434326172,4.874293560796663,-642.099853515625,72.03085327148438,-640.2041625976562,73.46001434326172
477,477,-643.1995239257812,68.94844055175781,-652.7665136318986,66.0376489132093,10.0,-648.661376953125,62.34245300292969,8.571517367862956,-645.6744384765625,71.0364761352539,3.238069584121785,-647.5061645507812,68.84458923339844,-645.6744384765625,71.0364761352539
478,478,-646.3782958984375,69.3075180053711,-652.4889647593544,61.39172833710547,10.0,-649.5865478515625,58.204471588134766,11.557271318872584,-649.812744140625,66.71534729003906,4.30288086584904,-651.2932739257812,64.5062255859375,-649.812744140625,66.71534729003906
479,479,-649.6551513671875,69.70439147949219,-650.0487866113407,59.71214191822919,10.0,-650.804931640625,58.20646667480469,11.555270204172384,-652.337158203125,63.83836364746094,6.450073115413555,-653.9427490234375,61.421260833740234,-652.337158203125,63.83836364746094
480,480,-652.9340209960938,70.10150909423828,-647.46499270243,61.72954818157836,10.0,-647.6553955078125,58.480812072753906,12.763404181904932,-652.2724609375,61.709434509277344,8.418110093760585,-653.8721313476562,59.43488311767578,-652.2724609375,61.709434509277344
481,481,-656.2129516601562,70.4986343383789,-646.9045902353695,66.84426605021446,10.0,-645.7742919921875,62.456687927246094,13.177196884892075,-650.0224609375,61.32265090942383,11.068913554443872,-652.131591796875,59.72724151611328,-650.0224609375,61.32265090942383
482,482,-659.6201171875,70.93849182128906,-649.9161588304106,73.35369206223709,10.0,-646.8317260742188,71.84062957763672,12.820171597825,-648.5418701171875,65.985595703125,12.135021141646689,-650.427978515625,63.68709945678711,-648.5418701171875,65.985595703125
483,483,-662.7206420898438,71.33876037597656,-656.211178669593,78.92999782321913,10.0,-649.404052734375,79.551513671875,15.645474385951813,-647.8831787109375,72.0902328491211,14.856481090698363,-650.2830810546875,69.68357849121094,-647.8831787109375,72.0902328491211
484,484,-666.1292724609375,71.77880859375,-665.2225554185928,81.73761696649831,10.0,-661.7437744140625,76.14130401611328,6.185786888447178,-652.2794189453125,75.09379577636719,14.241052714781532,-654.5348510742188,73.08686065673828,-652.2794189453125,75.09379577636719
485,485,-669.2618408203125,72.16944885253906,-674.2933206351055,80.81145156448788,10.0,-672.7910766601562,74.77355194091797,4.385984326025593,-660.32470703125,76.85953521728516,10.093030787250173,-662.8009643554688,74.95165252685547,-660.32470703125,76.85953521728516
486,486,-672.70361328125,72.59864807128906,-681.8118356777059,76.72663605294551,10.0,-676.3480224609375,67.64836120605469,6.147117887034744,-668.4512939453125,73.98973083496094,4.474073199018197,-671.1258544921875,73.37286376953125,-668.4512939453125,73.98973083496094
487,487,-676.1272583007812,73.02558898925781,-685.9425308333465,71.11236524085042,10.0,-683.7991943359375,67.88465118408203,9.235141798814709,-676.494384765625,71.88742065429688,1.1959134583641167,-677.8226928710938,71.97219848632812,-676.494384765625,71.88742065429688
488,488,-679.365478515625,73.39656829833984,-686.2565273457401,66.14995212104928,10.0,-681.24658203125,64.93692016601562,8.666267764108918,-680.81787109375,68.82154846191406,4.800026114999997,-682.5501708984375,69.05796813964844,-680.81787109375,68.82154846191406
489,489,-682.907470703125,73.80236053466797,-684.3248724445307,63.90332157608921,10.0,-681.4400024414062,65.64130401611328,8.291942269347743,-683.9988403320312,66.99449920654297,6.894785241751831,-685.6026000976562,67.44255828857422,-683.9988403320312,66.99449920654297
490,490,-686.135498046875,74.17218017578125,-681.5548684967667,65.28298263468258,10.0,-675.9068603515625,66.23580169677734,12.946471815284818,-681.1727294921875,65.72666931152344,9.795699336223617,-682.5859985351562,66.59339904785156,-681.1727294921875,65.72666931152344
491,491,-689.63525390625,74.60263061523438,-680.7512500590472,70.01193615329463,10.0,-675.9263916015625,70.89144134521484,14.202317820932961,-680.219482421875,67.51192474365234,11.787063349420723,-681.201171875,67.95165252685547,-680.219482421875,67.51192474365234
492,492,-692.81494140625,74.99372100830078,-682.9143034563765,76.39991025073004,10.0,-683.6857299804688,75.75566101074219,9.160952670106713,-682.1412353515625,70.01483154296875,11.77783262106687,-683.29638671875,70.80247497558594,-682.1412353515625,70.01483154296875
493,493,-696.000732421875,75.38555908203125,-688.7463161334618,82.26839601998108,10.0,-698.5721435546875,80.96566772460938,6.144083957509626,-688.7066650390625,73.39221954345703,7.5615356575931365,-690.1913452148438,75.19491577148438,-688.7066650390625,73.39221954345703
494,494,-699.5145874023438,75.7957992553711,-697.590248164504,85.60889858726978,10.0,-706.57958984375,84.76687622070312,11.41904030183742,-699.229736328125,78.12071228027344,2.342298168005974,-699.9221801757812,79.66230773925781,-699.229736328125,78.12071228027344
495,495,-702.7139282226562,76.1693115234375,-706.8315976407215,85.28220341150083,10.0,-711.1730346679688,83.40184783935547,11.129513170583866,-706.9166870117188,81.20201873779297,6.556776902142368,-707.7327270507812,82.46867370605469,-706.9166870117188,81.20201873779297
496,496,-705.9170532226562,76.54328155517578,-714.5533517690542,81.58454602130779,10.0,-712.7423095703125,79.76461791992188,7.5472599124488555,-712.0503540039062,81.56999969482422,7.930023564199069,-713.0050659179688,82.71734619140625,-712.0503540039062,81.56999969482422
497,497,-709.013427734375,76.92333221435547,-718.9732566617731,76.02789503790828,10.0,-717.9409790039062,76.4334716796875,8.940980651669827,-717.5885620117188,80.17572021484375,9.171202515493587,-718.229736328125,81.15013885498047,-717.5885620117188,80.17572021484375
498,498,-712.4081420898438,77.34000396728516,-720.0067472459152,70.8391425103609,10.0,-719.20166015625,70.66511535644531,9.523971109033646,-720.5061645507812,76.5938949584961,8.132321097377085,-721.9547729492188,77.3471908569336,-720.5061645507812,76.5938949584961
499,499,-715.802734375,77.75666809082031,-718.2289237096785,68.05545139845165,10.0,-720.1264038085938,64.71665954589844,13.738119966815999,-724.3374633789062,73.05317687988281,9.744969406903486,-724.1458740234375,72.37654876708984,-724.3374633789062,73.05317687988281
500,500,-720.8231201171875,78.341796875,-717.179296765059,69.02930250568717,10.0,-718.9456787109375,71.05890655517578,7.520989140032798,-724.1160278320312,71.72076416015625,7.394681563766535,-724.6571655273438,71.09891510009766,-724.1160278320312,71.72076416015625
501,501,-725.8314208984375,78.92552185058594,-717.4656595428102,73.44701503388016,10.0,-721.421875,74.63153076171875,6.154872419611782,-724.2665405273438,72.6325454711914,6.484628153367933,-725.43359375,71.83565521240234,-724.2665405273438,72.6325454711914
502,502,-729.2422485351562,79.33480072021484,-719.2495595539415,79.71711855227142,10.0,-721.428955078125,81.46525573730469,8.098542660598302,-724.8397827148438,76.32540893554688,5.33274265389273,-725.6538696289062,75.43352508544922,-724.8397827148438,76.32540893554688
503,503,-732.3546142578125,79.70825958251953,-724.4319087611151,85.80995915006626,10.0,-725.8439331054688,83.59988403320312,7.58509788550171,-726.7376708984375,80.17345428466797,5.636174129082057,-727.0340576171875,79.11446380615234,-726.7376708984375,80.17345428466797
504,504,-735.7579345703125,80.11663818359375,-732.8363092857393,89.68032500910944,10.0,-731.3460693359375,83.41607666015625,5.509160472059953,-734.4860229492188,83.93343353271484,4.0231437842744,-730.5685424804688,81.86009979248047,-734.4860229492188,83.93343353271484
505,505,-738.9482421875,80.51222229003906,-742.1085862525396,89.99969958332251,10.0,-734.8056030273438,83.1250228881836,4.897773593881663,-737.418701171875,84.35578155517578,4.136718934505639,-733.404296875,83.23072052001953,-737.418701171875,84.35578155517578
506,506,-742.4500732421875,80.9464340209961,-750.523180739618,86.84769959161147,10.0,-756.5478515625,78.07644653320312,14.386944837204364,-747.3798217773438,83.45692443847656,5.532177035863589,-745.1549072265625,82.23326873779297,-747.3798217773438,83.45692443847656
507,507,-745.6333618164062,81.34114837646484,-755.6324930551966,81.47296062721087,10.0,-759.6592407226562,74.50850677490234,15.60161114591026,-756.203125,81.69750213623047,10.57576861317195,-753.9567260742188,79.84748840332031,-756.203125,81.69750213623047
508,508,-748.9249267578125,81.73445129394531,-757.1507872399981,76.04804475487175,10.0,-759.2069702148438,73.31791687011719,13.287530596757358,-761.93603515625,79.26264190673828,13.243820574236713,-759.5914916992188,77.24079132080078,-761.93603515625,79.26264190673828
509,509,-752.21435546875,82.12748718261719,-755.6236927660875,72.72661386185685,10.0,-759.1705932617188,69.09393310546875,14.77371910232083,-762.5664672851562,74.93680572509766,12.604448376779253,-762.8384399414062,73.54644775390625,-762.5664672851562,74.93680572509766
510,510,-755.5088500976562,82.5211410522461,-752.8403403606474,72.88376299680547,10.0,-756.641845703125,70.12235260009766,12.450447145510115,-762.238037109375,73.12298583984375,11.55886150254815,-762.9061889648438,71.27574157714844,-762.238037109375,73.12298583984375
511,511,-758.73681640625,82.91249084472656,-750.9777057417955,76.60406776944467,10.0,-756.9007568359375,72.05977630615234,11.006930889285911,-759.90234375,72.92912292480469,10.051173514249674,-762.1741943359375,70.7073974609375,-759.90234375,72.92912292480469
512,512,-761.9700927734375,83.30448913574219,-751.9909541047892,82.65889527588213,10.0,-757.177734375,74.30429077148438,10.19658127094878,-757.66357421875,72.9561767578125,11.208642698073684,-761.4454345703125,71.52587127685547,-757.66357421875,72.9561767578125
513,513,-765.51708984375,83.7345199584961,-757.0098211858225,88.99060024534903,10.0,-758.4609375,81.43618774414062,7.421025324424701,-756.4808349609375,75.82581329345703,12.008394706237217,-761.4215698242188,75.8326416015625,-756.4808349609375,75.82581329345703
514,514,-768.8599243164062,84.16539001464844,-764.9718883137549,93.3785966248405,10.0,-768.7593994140625,84.30470275878906,0.17179434411880887,-760.2633056640625,80.4397201538086,9.369229859801436,-764.7900390625,80.14319610595703,-760.2633056640625,80.4397201538086
515,515,-772.1983032226562,84.5956802368164,-774.3679238592272,94.35748059809022,10.0,-779.0487060546875,86.44538116455078,7.0957319906520695,-768.2802124023438,84.03987884521484,3.957316118674791,-771.7012329101562,83.41535949707031,-768.2802124023438,84.03987884521484
516,516,-775.5355224609375,85.02582550048828,-782.9601234349731,91.7247284238296,10.0,-787.033935546875,85.69347381591797,11.51778007117495,-777.90673828125,87.16081237792969,3.1907418311965148,-779.4068603515625,85.46765899658203,-777.90673828125,87.16081237792969
517,517,-778.75,85.43509674072266,-788.682764125395,86.59276544517357,10.0,-790.9571533203125,84.99230194091797,12.215181514015686,-785.954833984375,88.19554901123047,7.71555114558621,-786.4961547851562,86.49891662597656,-785.954833984375,88.19554901123047
518,518,-782.2817993164062,85.88475799560547,-791.047985378033,81.07289952585174,10.0,-788.8028564453125,81.01134490966797,8.140905427816115,-789.5401000976562,87.04447937011719,7.350366242412259,-790.373291015625,85.01577758789062,-789.5401000976562,87.04447937011719
519,519,-785.5029296875,86.29486846923828,-789.8593855462897,77.2936856386089,10.0,-787.1415405273438,78.45608520507812,8.008218812378368,-790.4161376953125,84.37554931640625,5.274788994686019,-791.6332397460938,81.99191284179688,-790.4161376953125,84.37554931640625
520,520,-788.888916015625,86.66548919677734,-787.2239203325754,76.80507392279289,10.0,-787.648193359375,78.038818359375,8.715437019829821,-790.290771484375,81.31541442871094,5.530687007882935,-792.294189453125,80.12984466552734,-790.290771484375,81.31541442871094
521,521,-791.9781494140625,87.00361633300781,-784.9076866404569,79.93194353464841,10.0,-783.7658081054688,79.9891586303711,10.800239193226922,-788.724609375,81.52142333984375,6.374948062539801,-790.6556396484375,79.75799560546875,-788.724609375,81.52142333984375
522,522,-795.3681640625,87.37467193603516,-785.5080338525121,85.70798893015656,10.0,-784.887939453125,82.11041259765625,11.728066091417583,-787.91357421875,82.3719482421875,8.97764746999599,-789.65771484375,80.3055191040039,-787.91357421875,82.3719482421875
523,523,-800.046630859375,87.89310455322266,-791.0447026692553,92.24802003574678,10.0,-792.5118408203125,87.64405059814453,7.538905013680403,-790.08056640625,85.24996185302734,10.31060832431518,-791.5446166992188,83.05618286132812,-790.08056640625,85.24996185302734
524,524,-805.2129516601562,88.4655990600586,-800.3995931618075,97.23096157203572,10.0,-804.6435546875,94.759521484375,6.319625969611098,-795.5571899414062,89.6649169921875,9.729958780570652,-797.7479858398438,87.98829650878906,-795.5571899414062,89.6649169921875
525,525,-808.7314453125,88.91055297851562,-809.887414272217,98.84351506261575,10.0,-812.735595703125,99.28291320800781,11.118411625816593,-802.6228637695312,95.14849090576172,8.730786794514787,-805.33154296875,93.69058990478516,-802.6228637695312,95.14849090576172
526,526,-811.9453735351562,89.3169937133789,-818.6430058378893,96.74274091735691,10.0,-827.8880615234375,86.79960632324219,16.14021497885659,-815.3103637695312,94.30370330810547,6.015848390674176,-817.4899291992188,92.76377868652344,-815.3103637695312,94.30370330810547
527,527,-815.159912109375,89.7235107421875,-824.9213410549881,91.89480181888494,10.0,-835.9895629882812,82.70001983642578,21.98189664793367,-825.4091186523438,87.97994995117188,10.396453192911535,-830.0819702148438,87.85144805908203,-825.4091186523438,87.97994995117188
528,528,-818.3681640625,90.09294891357422,-827.5820358715074,86.20648956254807,10.0,-836.4814453125,79.64009857177734,20.91298730238233,-837.2687377929688,86.24413299560547,19.288469905912574,-836.9276123046875,84.30570220947266,-837.2687377929688,86.24413299560547
529,529,-821.5830078125,90.46314239501953,-826.8405438146322,81.95677329967195,10.0,-836.5165405273438,73.55178833007812,22.5611235459389,-842.0093383789062,82.074951171875,22.08159261475814,-839.7548828125,80.21125030517578,-842.0093383789062,82.074951171875
530,530,-825.1171264648438,90.87010192871094,-824.4732402779873,80.89085292999488,10.0,-835.3679809570312,70.67269897460938,22.649836730324374,-842.9003295898438,77.81832122802734,22.05881440249558,-839.1597290039062,75.40013122558594,-842.9003295898438,77.81832122802734
531,531,-828.6018676757812,91.27427673339844,-822.2947724578063,83.51408666411551,10.0,-834.2675170898438,78.36534881591797,14.097517627645422,-843.4165649414062,76.5647201538086,20.87693248157573,-839.5178833007812,75.30569458007812,-843.4165649414062,76.5647201538086
532,532,-831.8092651367188,91.64629364013672,-822.1723438666869,88.97613476186595,10.0,-833.5015869140625,83.05635070800781,8.755059827054483,-842.87548828125,79.14933776855469,16.69236953643274,-838.818603515625,78.44322204589844,-842.87548828125,79.14933776855469
533,533,-835.0028076171875,92.01669311523438,-825.6013510168814,95.42442165380102,10.0,-836.8226318359375,84.8145980834961,7.428454282913659,-840.7620849609375,80.9002456665039,12.519771539553675,-838.9474487304688,81.4381332397461,-840.7620849609375,80.9002456665039
534,534,-838.4090576171875,92.437744140625,-832.7212435246422,100.66263142548448,10.0,-842.6845703125,87.54823303222656,6.495177263703438,-842.2581787109375,83.8375015258789,9.422308964730775,-841.2996215820312,85.07257080078125,-842.2581787109375,83.8375015258789
535,535,-841.5066528320312,92.82064819335938,-841.6367539961008,102.81980184189922,10.0,-843.7559814453125,91.59636688232422,2.560926382986382,-845.31787109375,88.25794219970703,5.9450542994130435,-843.2277221679688,87.56363677978516,-845.31787109375,88.25794219970703
536,536,-844.9088745117188,93.24120330810547,-850.8087584988015,101.31532053161449,10.0,-848.2764892578125,87.65205383300781,6.525290869615889,-846.4107666015625,86.7690200805664,6.644158003868751,-845.87841796875,88.25359344482422,-846.4107666015625,86.7690200805664
537,537,-848.1234741210938,93.64689636230469,-857.6104104668296,96.80886390988563,10.0,-861.4085693359375,85.89708709716797,15.380289285753477,-853.7116088867188,85.94438934326172,9.516084517131665,-853.9210815429688,87.92031860351562,-853.7116088867188,85.94438934326172
538,538,-851.3408813476562,94.05294036865234,-860.9050679914246,91.1329516969,10.0,-859.4420166015625,83.32650756835938,13.441902879476682,-857.7387084960938,84.44338989257812,11.544507463443477,-858.29736328125,86.33984375,-857.7387084960938,84.44338989257812
539,539,-854.8762817382812,94.49911499023438,-860.9793369763252,86.5774537527549,10.0,-858.8246459960938,81.67369842529297,13.419422132738976,-860.3585815429688,84.92350006103516,11.033948179177731,-860.6314086914062,84.80467987060547,-860.3585815429688,84.92350006103516
540,540,-858.0994873046875,94.91182708740234,-858.4835151134722,84.91920367600132,10.0,-858.563232421875,81.00296020507812,13.916595757725043,-862.0809936523438,83.35770416259766,12.220889875861095,-861.679443359375,83.14630126953125,-862.0809936523438,83.35770416259766
541,541,-861.3253173828125,95.32487487792969,-855.8482422233556,86.95817614439926,10.0,-849.36767578125,81.85833740234375,18.00924274512337,-859.613525390625,82.70408630371094,12.736347045352046,-858.8706665039062,82.2086181640625,-859.613525390625,82.70408630371094
542,542,-864.874267578125,95.77928924560547,-855.5623968883887,92.13387236167715,10.0,-848.1799926757812,85.58514404296875,19.56065977740694,-855.6466674804688,82.18212127685547,16.432637655978017,-855.541259765625,83.49810028076172,-855.6466674804688,82.18212127685547
543,543,-869.8644409179688,96.3421859741211,-860.1628091900161,98.76671516866236,10.0,-861.2274780273438,90.16473388671875,10.61875897956936,-858.2508544921875,82.8607177734375,17.793970172930308,-858.2318725585938,85.34706115722656,-858.2508544921875,82.8607177734375
544,544,-874.8416748046875,96.90361785888672,-868.3395131442436,104.50111045456941,10.0,-864.765625,100.43492126464844,10.676932303339163,-861.6746826171875,88.4333724975586,15.656140640234,-862.2105712890625,90.5179443359375,-861.6746826171875,88.4333724975586
545,545,-878.0565795898438,97.2630386352539,-877.1594380673035,107.22271418662274,10.0,-872.240234375,103.9147720336914,8.836030152852846,-870.6693115234375,94.12068176269531,8.027835087958756,-869.402587890625,96.37358093261719,-870.6693115234375,94.12068176269531
546,546,-881.5836181640625,97.65735626220703,-886.6234046841196,106.29451736017496,10.0,-879.5655517578125,104.14312744140625,6.792482595411343,-882.2559204101562,100.14263916015625,2.5746109206910406,-877.3368530273438,101.2684326171875,-882.2559204101562,100.14263916015625
547,547,-884.798828125,98.01681518554688,-893.9110152502873,102.13604397183057,10.0,-883.9288330078125,96.4449234008789,1.7965899049690621,-887.7926635742188,100.46794891357422,3.8692515102629423,-882.7843627929688,100.84738159179688,-887.7926635742188,100.46794891357422
548,548,-888.1559448242188,98.4212875366211,-897.9693733117979,96.4986275773018,10.0,-891.3104858398438,91.43101501464844,7.6690963581576135,-889.9495239257812,96.71932983398438,2.4725666856783057,-888.2113037109375,97.75811767578125,-889.9495239257812,96.71932983398438
549,549,-891.2242431640625,98.79096221923828,-898.1083214011902,91.53772385109508,10.0,-890.4111328125,87.94249725341797,10.878894270947246,-893.7745971679688,93.3802719116211,5.981628135397854,-892.571044921875,94.6412582397461,-893.7745971679688,93.3802719116211
550,550,-894.5925903320312,99.1968002319336,-896.0004737841175,89.29640305882272,10.0,-890.0653076171875,88.8490219116211,11.294813187762442,-894.8831787109375,90.4772720336914,8.724368951729174,-894.9996337890625,92.37994384765625,-894.8831787109375,90.4772720336914
551,551,-897.966796875,99.63601684570312,-893.3776227406968,90.75122755360158,10.0,-884.1192626953125,92.98992919921875,15.359839968644392,-889.4971313476562,91.43016052246094,11.792850043257943,-887.52197265625,92.28414916992188,-889.4971313476562,91.43016052246094
552,552,-901.052734375,100.0377197265625,-892.1643208166868,95.45556909433827,10.0,-884.2578125,95.37781524658203,17.429403620029447,-887.1649780273438,92.37962341308594,15.859262767176467,-886.6966552734375,93.6196060180664,-887.1649780273438,92.37962341308594
553,553,-904.4271850585938,100.47697448730469,-894.527903694431,101.8926822513363,10.0,-884.2778930664062,97.92862701416016,20.30980163936402,-885.3558349609375,93.80242919921875,20.205592031664978,-885.7366333007812,95.6087417602539,-885.3558349609375,93.80242919921875
554,554,-907.7351684570312,100.85946655273438,-900.4873731665426,107.74927521678096,10.0,-903.4608154296875,107.33518981933594,7.759193619698344,-888.6787109375,98.21862030029297,19.238571727722746,-891.1024780273438,99.76099395751953,-888.6787109375,98.21862030029297
555,555,-911.0386352539062,101.24142456054688,-909.1237319112811,111.05636955216059,10.0,-905.882568359375,107.37994384765625,8.016635507436703,-898.8651123046875,103.63690185546875,12.406972735749918,-898.0498657226562,103.40351867675781,-898.8651123046875,103.63690185546875
556,556,-914.343505859375,101.62356567382812,-918.4699351511424,110.73249433202082,10.0,-914.0941772460938,106.53865051269531,4.92140465016471,-903.8038940429688,105.79877471923828,11.336480397963252,-904.3824462890625,105.82962036132812,-903.8038940429688,105.79877471923828
557,557,-917.4921875,101.99253845214844,-926.133329081779,107.02549704165112,10.0,-928.83642578125,102.72284698486328,11.367721527849548,-917.0303955078125,104.14217376708984,2.198677746121914,-917.6437377929688,105.76565551757812,-917.0303955078125,104.14217376708984
558,558,-920.9600830078125,102.39891815185547,-930.9190463951977,101.49390530734956,10.0,-931.6672973632812,98.24569702148438,11.484497595093876,-926.5960083007812,101.53788757324219,5.701318055084457,-927.742431640625,103.69065856933594,-926.5960083007812,101.53788757324219
559,559,-924.4130249023438,102.80355072021484,-932.0053761595683,96.29538643318877,10.0,-932.6475219726562,92.24598693847656,13.389140936089106,-932.3765869140625,97.95326232910156,9.324356138171591,-934.023681640625,99.70278930664062,-932.3765869140625,97.95326232910156
560,560,-927.5686645507812,103.18769073486328,-929.9855253301437,93.48414581699024,10.0,-932.5127563476562,92.22052764892578,12.030075222103843,-936.1400146484375,95.3037109375,11.645822424450072,-937.2685546875,96.55391693115234,-936.1400146484375,95.3037109375
561,561,-931.0220336914062,103.60806274414062,-927.3692583346556,94.29907610793178,10.0,-930.3399658203125,92.79064178466797,10.83890274867418,-937.1931762695312,92.76172637939453,12.479022928769735,-938.3140258789062,94.4430923461914,-937.1931762695312,92.76172637939453
562,562,-934.4722900390625,104.02806091308594,-926.1012651273761,98.55760006157388,10.0,-929.2640380859375,98.74186706542969,7.420898449798997,-936.0532836914062,93.89959716796875,10.251113050049955,-937.5184936523438,95.48023223876953,-936.0532836914062,93.89959716796875
563,563,-939.4464111328125,104.6528091430664,-929.4540943576739,105.04473447432525,10.0,-930.9191284179688,102.8209457397461,8.721827447691068,-934.7715454101562,96.95691680908203,9.004506002060625,-935.6962890625,98.08473205566406,-934.7715454101562,96.95691680908203
564,564,-944.3988647460938,105.27484130859375,-936.4820295156555,111.38415550366452,10.0,-932.2872924804688,106.98808288574219,12.232145332979279,-934.7637939453125,101.90435028076172,10.207585370927037,-935.8956909179688,101.66664123535156,-934.7637939453125,101.90435028076172
565,565,-947.5548706054688,105.6239013671875,-944.6424418742953,115.19039282883818,10.0,-956.1226196289062,113.87933349609375,11.897835221736424,-944.7027587890625,108.38522338867188,3.9698162576646685,-944.9934692382812,107.06049346923828,-944.7027587890625,108.38522338867188
566,566,-951.0125732421875,106.0063247680664,-954.1820377762433,115.49075909845018,10.0,-961.5703735351562,111.4805908203125,11.892633679592803,-952.9880981445312,110.05796813964844,4.507606088631181,-955.9420166015625,110.0243911743164,-952.9880981445312,110.05796813964844
567,567,-954.1619873046875,106.35464477539062,-962.2407649635262,112.24814556346624,10.0,-964.2837524414062,107.481689453125,10.18431927958391,-959.6199340820312,108.7768783569336,5.971297894752154,-962.3592529296875,110.2791748046875,-959.6199340820312,108.7768783569336
568,568,-957.5895385742188,106.74481201171875,-967.5887919248756,106.86701033158418,10.0,-966.2553100585938,102.97632598876953,9.449713346158735,-965.1002807617188,106.96808624267578,7.514060126809057,-967.374755859375,108.4608383178711,-965.1002807617188,106.96808624267578
569,569,-960.7161865234375,107.10072326660156,-968.9365758912475,101.40641043346731,10.0,-968.55126953125,96.43807983398438,13.231798468479129,-969.4091796875,103.44261169433594,9.43132601629172,-971.248779296875,104.39363861083984,-969.4091796875,103.44261169433594
570,570,-963.8433837890625,107.45670318603516,-967.2436808479592,98.05255623316067,10.0,-974.3729248046875,83.08001708984375,26.553607269672053,-972.199951171875,91.18730163574219,18.290042242383176,-975.5269165039062,92.97593688964844,-972.199951171875,91.18730163574219
571,571,-967.2383422851562,107.90827941894531,-964.5605677266345,98.27347151148115,10.0,-971.54296875,82.85383605957031,25.421544820289014,-972.872314453125,84.44194030761719,24.13318697721655,-976.3773803710938,86.43378448486328,-972.872314453125,84.44194030761719
572,572,-970.6275024414062,108.35908508300781,-962.8623300004707,102.05812507975949,10.0,-967.1341552734375,97.77435302734375,11.146301051297586,-973.0333862304688,87.00315856933594,21.491018451060597,-975.4503784179688,87.08534240722656,-973.0333862304688,87.00315856933594
573,573,-973.7188720703125,108.77027130126953,-963.7391172946839,108.13427238749965,10.0,-964.7037963867188,107.39694213867188,9.119080138356308,-969.0911865234375,92.97206115722656,16.462044747724928,-972.4156494140625,93.24718475341797,-969.0911865234375,92.97206115722656
574,574,-977.2118530273438,109.20694732666016,-968.7096418678547,114.47120467214192,10.0,-966.748291015625,111.53526306152344,10.719476859170678,-970.1712036132812,101.8309326171875,10.196878795302787,-970.8529663085938,100.10098266601562,-970.1712036132812,101.8309326171875
575,575,-980.3840942382812,109.60352325439453,-976.5049182593208,118.82046383813793,10.0,-976.8786010742188,118.42510986328125,9.49256933719098,-972.7474975585938,108.86019897460938,7.672687914488134,-973.8532104492188,108.19537353515625,-972.7474975585938,108.86019897460938
576,576,-983.8700561523438,110.03931427001953,-986.0490614693995,119.7990240929724,10.0,-987.2388305664062,117.8632583618164,8.518376735294428,-977.00732421875,113.20896911621094,7.559351919070316,-979.0510864257812,113.84751892089844,-977.00732421875,113.20896911621094
577,577,-987.0606689453125,110.40101623535156,-994.491707285308,117.09277752738194,10.0,-997.5836181640625,113.00381469726562,10.840065502280577,-983.7115478515625,114.5042953491211,5.296556578202338,-987.1434936523438,115.78353881835938,-983.7115478515625,114.5042953491211
578,578,-990.5753784179688,110.7994613647461,-1000.5092510166484,111.94757947417622,10.0,-1007.9981689453125,105.57936096191406,18.187992686807036,-995.4951171875,112.53289031982422,5.216186873831506,-999.0651245117188,113.6296615600586,-995.4951171875,112.53289031982422
579,579,-994.08251953125,111.19703674316406,-1002.8440750809465,106.37675206800407,10.0,-1007.97705078125,101.05128479003906,17.204484338438228,-1004.3707885742188,108.88957214355469,10.54385474003505,-1006.0283203125,109.6421890258789,-1004.3707885742188,108.88957214355469
580,580,-998.8058471679688,111.76438903808594,-1003.1536466411729,102.75902176402066,10.0,-1009.5218505859375,88.29014587402344,25.804511647761384,-1009.908935546875,97.22750091552734,18.29206625391424,-1010.9589233398438,98.84770202636719,-1009.908935546875,97.22750091552734
581,581,-1003.9988403320312,112.3881607055664,-1002.3243649199202,102.52935083346543,10.0,-1009.2129516601562,89.29948425292969,23.67010640611112,-1012.4180908203125,92.54733276367188,21.553241802668268,-1013.6859741210938,93.82575225830078,-1012.4180908203125,92.54733276367188
582,582,-1007.0537719726562,112.75003051757812,-999.9765132621565,105.68515902938704,10.0,-1008.5628051757812,100.6065673828125,12.236865534667997,-1013.82763671875,93.59944152832031,20.31330357755366,-1014.28271484375,94.52228546142578,-1013.82763671875,93.59944152832031
583,583,-1010.4085693359375,113.1474380493164,-1000.5468412168453,111.49023603836342,10.0,-1007.7709350585938,105.97891235351562,7.638381715545169,-1013.3306884765625,97.17545318603516,16.23708966363407,-1013.6257934570312,97.66190338134766,-1013.3306884765625,97.17545318603516
584,584,-1013.772216796875,113.54588317871094,-1004.7744798904348,117.90945173695366,10.0,-1007.8286743164062,118.81636810302734,7.943784271654357,-1010.8534545898438,104.61502838134766,9.395708607272827,-1012.212158203125,105.42914581298828,-1010.8534545898438,104.61502838134766
585,585,-1016.8726196289062,113.92255401611328,-1012.0676909930444,122.69254037894618,10.0,-1009.8043212890625,123.3819580078125,11.808520876858923,-1011.6858520507812,112.9674072265625,5.273979834913843,-1012.5271606445312,113.43634033203125,-1011.6858520507812,112.9674072265625
586,586,-1020.2666015625,114.33488464355469,-1021.4321202381761,124.26673070642991,10.0,-1028.8328857421875,122.20218658447266,11.630806699310929,-1018.6845092773438,118.47801971435547,4.43492775743307,-1019.2434692382812,118.62959289550781,-1018.6845092773438,118.47801971435547
587,587,-1023.6680908203125,114.74813079833984,-1030.3728596643714,122.1674349939997,10.0,-1036.9913330078125,117.05960083007812,13.522265937867216,-1028.234130859375,120.27997589111328,7.172867750681274,-1029.3348388671875,120.08601379394531,-1028.234130859375,120.27997589111328
588,588,-1027.07763671875,115.1801986694336,-1036.8411487848748,117.34210341632605,10.0,-1042.6318359375,111.50482940673828,15.98253586117449,-1036.724853515625,119.17168426513672,10.440342388380405,-1037.576171875,118.19178771972656,-1036.724853515625,119.17168426513672
589,589,-1030.489501953125,115.61255645751953,-1039.6996327872519,111.71724003670543,10.0,-1048.37255859375,108.37066650390625,19.293747300927492,-1042.981201171875,114.92091369628906,12.510832069885755,-1045.0623779296875,115.18022155761719,-1042.981201171875,114.92091369628906
590,590,-1033.5946044921875,116.00604248046875,-1038.8439594410647,107.49462235097812,10.0,-1049.35595703125,105.70700073242188,18.82791796212806,-1049.5985107421875,113.13755798339844,16.25894272604224,-1050.339599609375,111.67547607421875,-1049.5985107421875,113.13755798339844
591,591,-1036.8675537109375,116.4144058227539,-1036.2140730679262,106.43578051416509,10.0,-1042.31640625,104.0400390625,13.520907762044848,-1049.6270751953125,109.332275390625,14.593216231109357,-1050.370849609375,108.40531921386719,-1049.6270751953125,109.332275390625
592,592,-1040.1373291015625,116.8223648071289,-1033.8227756047936,109.06824241085191,10.0,-1042.871337890625,107.58404541015625,9.634383703130794,-1048.828857421875,108.14845275878906,12.27922696121907,-1049.8035888671875,107.47486114501953,-1048.828857421875,108.14845275878906
593,593,-1043.4088134765625,117.23055267333984,-1033.769329381783,114.56966064499761,10.0,-1042.1241455078125,111.76038360595703,5.618996477635842,-1047.55029296875,109.03443908691406,9.183034918032432,-1048.5555419921875,108.63748168945312,-1047.55029296875,109.03443908691406
594,594,-1046.894287109375,117.64918518066406,-1037.496111285088,121.06595136754133,10.0,-1050.37841796875,115.55978393554688,4.062605741189567,-1050.14697265625,112.2502670288086,6.303037400911087,-1050.5272216796875,111.12049102783203,-1050.14697265625,112.2502670288086
595,595,-1050.0638427734375,118.0298843383789,-1044.3839392965638,126.26023648718744,10.0,-1050.8065185546875,120.37389373779297,2.458850825202044,-1050.3494873046875,114.74925994873047,3.2930364687001594,-1051.7606201171875,114.5792236328125,-1050.3494873046875,114.74925994873047
596,596,-1053.233154296875,118.4105453491211,-1053.3728692923112,128.40956928748878,10.0,-1055.0147705078125,127.8516845703125,9.607771131588947,-1052.39306640625,121.08878326416016,2.806903274701062,-1054.20751953125,120.32239532470703,-1052.39306640625,121.08878326416016
597,597,-1056.390869140625,118.7763442993164,-1062.2985134264259,126.84478522631365,10.0,-1063.8426513671875,122.01374053955078,8.12464108551242,-1057.8487548828125,123.20207214355469,4.6596671328046195,-1058.5953369140625,122.2853012084961,-1057.8487548828125,123.20207214355469
598,598,-1059.8594970703125,119.17814636230469,-1069.34946916966,122.3309910387206,10.0,-1072.66162109375,119.00064086914062,12.803354549163238,-1067.0635986328125,123.58839416503906,8.44685533227238,-1066.286865234375,122.0971450805664,-1067.0635986328125,123.58839416503906
599,599,-1063.3231201171875,119.57939910888672,-1072.8844948572262,116.65021610324334,10.0,-1074.6666259765625,114.41927337646484,12.462023220812796,-1072.3641357421875,121.4030990600586,9.22311471485628,-1072.0408935546875,119.91059112548828,-1072.3641357421875,121.4030990600586
600,600,-1066.690185546875,119.97277069091797,-1072.7856215202244,112.04524520721255,10.0,-1075.107421875,109.39463806152344,13.518385899528408,-1076.5135498046875,118.10588836669922,9.999186714635773,-1075.83935546875,116.14226531982422,-1076.5135498046875,118.10588836669922
601,601,-1070.0577392578125,120.36619567871094,-1070.4321592762235,110.37320765461058,10.0,-1075.72265625,109.76193237304688,12.02254901359225,-1078.37451171875,115.09883117675781,9.844482361376055,-1078.2205810546875,113.39769744873047,-1078.37451171875,115.09883117675781
602,602,-1073.4232177734375,120.75938415527344,-1067.9381008113369,112.39795533526453,10.0,-1072.2435302734375,110.01103210449219,10.812896670420455,-1077.249267578125,112.64697265625,8.969385566327102,-1078.057373046875,111.48009490966797,-1077.249267578125,112.64697265625
603,603,-1078.150390625,121.32188415527344,-1068.8350192784474,117.68542204549861,10.0,-1072.3714599609375,115.03652954101562,8.5382505378452,-1077.14208984375,113.75336456298828,7.635388613834507,-1077.427978515625,112.23194122314453,-1077.14208984375,113.75336456298828
604,604,-1083.339599609375,121.93936920166016,-1073.6403034789976,124.37322510849737,10.0,-1074.902587890625,122.59541320800781,8.462479570468073,-1076.4619140625,115.80007934570312,9.219188598632213,-1077.4559326171875,116.0614013671875,-1076.4619140625,115.80007934570312
605,605,-1086.4246826171875,122.29830932617188,-1079.9298287273164,129.90205004697668,10.0,-1084.468994140625,126.86771392822266,4.970329549899303,-1079.85888671875,120.095703125,6.925398895181381,-1080.911865234375,120.65859985351562,-1079.85888671875,120.095703125
606,606,-1089.806396484375,122.69175720214844,-1088.9188313109798,132.65229072515694,10.0,-1090.670654296875,133.57830810546875,10.920802724024073,-1085.25537109375,126.49940490722656,5.93380258789422,-1085.9608154296875,126.31501007080078,-1085.25537109375,126.49940490722656
607,607,-1093.194580078125,123.0859603881836,-1098.2426686445376,131.71827188775623,10.0,-1099.33544921875,127.55606842041016,7.595534189381077,-1092.3404541015625,128.45115661621094,5.432758208228826,-1093.1036376953125,128.22474670410156,-1092.3404541015625,128.45115661621094
608,608,-1096.380126953125,123.43822479248047,-1105.496270383703,127.54869057547013,10.0,-1107.61328125,123.09156799316406,11.238501963959145,-1100.7745361328125,128.41378784179688,6.638302470981911,-1101.3331298828125,127.55567169189453,-1100.7745361328125,128.41378784179688
609,609,-1099.8731689453125,123.82450103759766,-1109.6847443161193,121.89240664472288,10.0,-1111.0350341796875,118.84188842773438,12.223488206331197,-1108.0108642578125,126.01189422607422,8.426551724167966,-1108.3896484375,124.9739761352539,-1108.0108642578125,126.01189422607422
610,610,-1103.0599365234375,124.17689514160156,-1109.9370378037584,116.91704128768627,10.0,-1109.8504638671875,113.73855590820312,12.452718079107127,-1112.297119140625,123.35188293457031,9.273952115739087,-1111.8927001953125,120.9535903930664,-1112.297119140625,123.35188293457031
611,611,-1106.2470703125,124.5609130859375,-1107.645434173783,114.65916685047692,10.0,-1106.898681640625,114.18756103515625,10.393797674208807,-1113.455810546875,119.63179779052734,8.732818179839958,-1113.078857421875,117.937255859375,-1113.455810546875,119.63179779052734
612,612,-1109.7498779296875,124.98295593261719,-1105.1521634535402,116.10258310284107,10.0,-1107.828857421875,114.14161682128906,11.010220411883184,-1113.8944091796875,117.46640014648438,8.583457937700471,-1113.499755859375,115.76339721679688,-1113.8944091796875,117.46640014648438
613,613,-1112.945556640625,125.36801147460938,-1104.05274158788,120.79440890795885,10.0,-1107.2720947265625,118.63967895507812,8.801058378609897,-1112.3741455078125,117.78857421875,7.600945980482374,-1112.7166748046875,116.16258239746094,-1112.3741455078125,117.78857421875
614,614,-1116.3902587890625,125.82833862304688,-1106.4923431617615,127.25356359996405,10.0,-1107.8822021484375,123.15507507324219,8.918148115320664,-1111.8548583984375,120.17353057861328,7.248911002534952,-1112.077392578125,118.36422729492188,-1111.8548583984375,120.17353057861328
615,615,-1119.86865234375,126.29315185546875,-1112.6274847512348,133.18992587649532,10.0,-1108.9892578125,131.97891235351562,12.275548778272304,-1110.23974609375,125.07102966308594,9.706153626664047,-1111.2408447265625,123.64190673828125,-1110.23974609375,125.07102966308594
616,616,-1123.0252685546875,126.71497344970703,-1121.119802877463,136.53175502784757,10.0,-1115.0458984375,131.64291381835938,9.378429705662791,-1111.9951171875,129.3209686279297,11.333818864442295,-1113.4459228515625,127.5802993774414,-1111.9951171875,129.3209686279297
617,617,-1126.539306640625,127.19230651855469,-1130.6744919915168,136.29726352634825,10.0,-1130.6358642578125,132.5138397216797,6.7156905782576635,-1118.4730224609375,131.84231567382812,9.310613600166405,-1119.40478515625,130.6423797607422,-1118.4730224609375,131.84231567382812
618,618,-1129.741943359375,127.6273193359375,-1138.3879199884411,132.65196739621416,10.0,-1149.6324462890625,128.6614532470703,19.917367791504525,-1134.291259765625,132.3477020263672,6.5557831346288165,-1135.0438232421875,131.02793884277344,-1134.291259765625,132.3477020263672
619,619,-1132.941650390625,128.0619354248047,-1142.8997390316747,127.14734774885726,10.0,-1151.0538330078125,123.56791687011719,18.661386924026427,-1144.174560546875,130.09519958496094,11.415447153894599,-1145.96240234375,129.13375854492188,-1144.174560546875,130.09519958496094
620,620,-1136.119873046875,128.46043395996094,-1143.7059633866872,121.94497285914791,10.0,-1151.78369140625,119.00186920166016,18.298077846660913,-1150.77734375,127.21161651611328,14.71057417033835,-1152.36474609375,125.64329528808594,-1150.77734375,127.21161651611328
621,621,-1139.302490234375,128.85948181152344,-1141.710020224213,119.15361763835313,10.0,-1152.320556640625,118.80303192138672,16.4499920167265,-1154.342529296875,124.3614730834961,15.698243771802503,-1155.8929443359375,122.8130111694336,-1154.342529296875,124.3614730834961
622,622,-1142.796630859375,129.29759216308594,-1139.1349068747218,119.99212186544833,10.0,-1150.455078125,120.0892333984375,11.976881299354885,-1155.2379150390625,122.3523941040039,14.248555299384542,-1157.2762451171875,121.23875427246094,-1155.2379150390625,122.3523941040039
623,623,-1146.016357421875,129.68194580078125,-1137.6400766925208,124.21953597149798,10.0,-1150.02001953125,124.90791320800781,6.230625769768888,-1155.2701416015625,122.95145416259766,11.442553881712506,-1157.345703125,122.14390563964844,-1155.2701416015625,122.95145416259766
624,624,-1149.2388916015625,130.06666564941406,-1139.2469562696551,130.4681981175693,10.0,-1148.1357421875,128.539794921875,1.8836859739250869,-1154.136962890625,125.64826202392578,6.596468217953177,-1156.265625,124.53256225585938,-1154.136962890625,125.64826202392578
625,625,-1152.774169921875,130.48870849609375,-1144.8632122762228,136.605631671081,10.0,-1148.540771484375,132.58473205566406,4.723873102963419,-1152.73046875,129.11300659179688,1.3763958449186398,-1153.856201171875,127.7799301147461,-1152.73046875,129.11300659179688
626,626,-1157.5660400390625,130.9765625,-1154.662810553613,140.54584975427431,10.0,-1150.5484619140625,137.76695251464844,9.76502940556329,-1150.6507568359375,133.48312377929688,7.355541531817569,-1152.032470703125,132.15277099609375,-1150.6507568359375,133.48312377929688
627,627,-1162.83349609375,131.51284790039062,-1166.0120781668872,140.9942305002191,10.0,-1162.180419921875,132.60641479492188,1.2737335039503461,-1154.2255859375,134.5414276123047,9.125152729104832,-1155.6478271484375,133.35874938964844,-1154.2255859375,134.5414276123047
628,628,-1166.059814453125,131.87962341308594,-1174.1442548051416,137.7653539705177,10.0,-1169.185302734375,126.3174819946289,6.380132769398006,-1157.777587890625,131.25315856933594,8.305885565852401,-1159.8233642578125,130.13343811035156,-1157.777587890625,131.25315856933594
629,629,-1169.593994140625,132.28140258789062,-1179.5933603595806,132.39398686391218,10.0,-1185.3994140625,119.98098754882812,20.02776844883119,-1169.3135986328125,126.1526870727539,6.135126364328527,-1170.9312744140625,125.99742889404297,-1169.3135986328125,126.1526870727539
630,630,-1172.8212890625,132.64830017089844,-1181.0361997167945,126.9460863076731,10.0,-1186.0401611328125,116.10223388671875,21.17807565128984,-1178.2730712890625,122.47090911865234,11.54561466861776,-1179.5596923828125,121.21487426757812,-1178.2730712890625,122.47090911865234
631,631,-1176.306640625,133.05859375,-1179.6978943021336,123.65118185844729,10.0,-1185.8907470703125,115.9030990600586,19.651109241253746,-1183.6934814453125,118.33847045898438,16.469591585929983,-1185.385986328125,117.89529418945312,-1183.6934814453125,118.33847045898438
632,632,-1179.4820556640625,133.43240356445312,-1176.7950187594317,123.80017471163028,10.0,-1181.8023681640625,116.30351257324219,17.285333571743518,-1186.4566650390625,116.82025909423828,18.016895399405733,-1187.56005859375,115.98477172851562,-1186.4566650390625,116.82025909423828
633,633,-1182.6558837890625,133.8060302734375,-1174.8846567499716,127.51253916699262,10.0,-1181.12890625,116.32067108154297,17.551907203331833,-1186.2156982421875,114.84297943115234,19.294288693490866,-1187.986572265625,114.9888687133789,-1186.2156982421875,114.84297943115234
634,634,-1185.9276123046875,134.1812286376953,-1175.947250647621,133.5548252579494,10.0,-1176.080810546875,127.54634094238281,11.873552104870242,-1184.1214599609375,119.20024871826172,15.089464723286449,-1184.98291015625,118.63467407226562,-1184.1214599609375,119.20024871826172
635,635,-1189.1968994140625,134.55615234375,-1180.6997536126753,139.82858188144587,10.0,-1176.952392578125,132.7246551513672,12.380724115374928,-1181.464111328125,124.34394836425781,12.80957148778885,-1182.5960693359375,123.44278717041016,-1181.464111328125,124.34394836425781
636,636,-1192.4599609375,134.93035888671875,-1188.5896485682406,144.15102492363596,10.0,-1187.14013671875,143.75750732421875,10.3062640785135,-1183.85888671875,132.5695037841797,8.919199209101153,-1185.03076171875,131.7734832763672,-1183.85888671875,132.5695037841797
637,637,-1195.830322265625,135.3661651611328,-1198.0187102488374,145.12377542363723,10.0,-1197.3873291015625,144.1772918701172,8.947637910025971,-1190.1224365234375,138.7376708984375,6.629254149792854,-1191.2276611328125,138.34754943847656,-1190.1224365234375,138.7376708984375
638,638,-1198.9063720703125,135.763916015625,-1206.3438409068247,142.44852949030778,10.0,-1202.871826171875,140.04808044433594,5.837712829853055,-1195.517822265625,140.84396362304688,6.106484542887209,-1197.1468505859375,141.1641387939453,-1195.517822265625,140.84396362304688
639,639,-1202.2740478515625,136.19940185546875,-1212.2090197403988,137.33796830852754,10.0,-1211.7227783203125,136.7099609375,9.462514361803061,-1205.22412109375,141.3881378173828,5.9687446767918395,-1206.668701171875,141.82760620117188,-1205.22412109375,141.3881378173828
640,640,-1205.513671875,136.6173858642578,-1214.2705888133585,131.78867943968697,10.0,-1213.095458984375,128.8343505859375,10.865502009362634,-1211.54541015625,138.6453857421875,6.363540696686046,-1212.2689208984375,139.35328674316406,-1211.54541015625,138.6453857421875
641,641,-1209.05029296875,137.07369995117188,-1213.38943203715,128.06415655846413,10.0,-1214.57373046875,120.5340576171875,17.43754943656173,-1216.505615234375,131.9503173828125,9.046042174680183,-1216.146240234375,132.51629638671875,-1216.505615234375,131.9503173828125
642,642,-1212.2823486328125,137.49070739746094,-1210.5983950395682,127.63351204098149,10.0,-1209.4658203125,125.92170715332031,11.906913891854941,-1218.1773681640625,129.96177673339844,9.562220046520554,-1217.05322265625,129.56690979003906,-1218.1773681640625,129.96177673339844
643,643,-1217.07568359375,138.0948028564453,-1209.9916354887562,131.03673920937229,10.0,-1209.6170654296875,131.96153259277344,9.656499834024993,-1217.9765625,129.9888916015625,8.155818786348926,-1216.469482421875,129.80181884765625,-1217.9765625,129.9888916015625
644,644,-1222.351806640625,138.75975036621094,-1212.4884897288644,137.1120308821438,10.0,-1211.751708984375,138.26573181152344,10.611603302725383,-1217.2581787109375,132.77392578125,7.859716371982856,-1215.256591796875,133.20999145507812,-1217.2581787109375,132.77392578125
645,645,-1225.7900390625,139.18380737304688,-1216.7965017574795,143.55602497321343,10.0,-1208.997802734375,144.1171875,17.501926761834454,-1215.276123046875,137.47805786132812,10.65138542070207,-1212.6944580078125,137.95103454589844,-1215.276123046875,137.47805786132812
646,646,-1228.926513671875,139.57064819335938,-1224.1300193403001,148.34525029984655,10.0,-1215.8433837890625,142.64476013183594,13.439436436875825,-1219.939453125,138.639404296875,9.035179714202512,-1215.196044921875,140.9458465576172,-1219.939453125,138.639404296875
647,647,-1232.3702392578125,139.99539184570312,-1233.5453065720128,149.92611270609882,10.0,-1227.44482421875,140.66934204101562,4.971309905124081,-1218.6805419921875,141.5943603515625,13.782761389039235,-1218.334228515625,141.79981994628906,-1218.6805419921875,141.5943603515625
648,648,-1235.4542236328125,140.3231964111328,-1242.1661228201363,147.73605073987844,10.0,-1254.0906982421875,137.30194091796875,18.87978205967572,-1233.302001953125,142.5376739501953,3.088036419721955,-1232.419677734375,141.1837615966797,-1233.302001953125,142.5376739501953
649,649,-1238.84326171875,140.68341064453125,-1248.6088478797442,142.83592706309767,10.0,-1257.7979736328125,133.77027893066406,20.176037614912875,-1246.412841796875,139.82618713378906,7.617963947572608,-1245.5985107421875,138.939453125,-1246.412841796875,139.82618713378906
650,650,-1242.215087890625,141.0417938232422,-1251.4214692357891,137.13762393357106,10.0,-1261.3677978515625,127.14447021484375,23.663514158390402,-1258.5205078125,134.37974548339844,17.61390379532865,-1257.216552734375,134.3502655029297,-1258.5205078125,134.37974548339844
651,651,-1245.4859619140625,141.40354919433594,-1250.7271309570453,132.88708589887818,10.0,-1261.46533203125,125.8090591430664,22.32774931114216,-1263.7650146484375,128.21055603027344,22.54282230540493,-1263.91455078125,130.04054260253906,-1263.7650146484375,128.21055603027344
652,652,-1248.7310791015625,141.76246643066406,-1248.0680046064904,131.784474036701,10.0,-1257.4847412109375,125.98458099365234,18.04351044527018,-1265.915283203125,124.64175415039062,24.257280548075936,-1267.1544189453125,127.21831512451172,-1265.915283203125,124.64175415039062
653,653,-1251.978271484375,142.12159729003906,-1245.656265546148,134.37354973487902,10.0,-1258.2464599609375,127.93377685546875,15.510784488907124,-1266.236083984375,123.14437866210938,23.73647075993813,-1267.138916015625,126.23330688476562,-1266.236083984375,123.14437866210938
654,654,-1255.0576171875,142.5076904296875,-1245.4155791789606,139.856067711071,10.0,-1258.998779296875,134.92535400390625,8.545442320096859,-1264.1114501953125,125.32188415527344,19.424825081195582,-1264.7806396484375,128.33775329589844,-1264.1114501953125,125.32188415527344
655,655,-1258.449462890625,142.93296813964844,-1249.0545765302734,146.3587688162901,10.0,-1258.9244384765625,141.29554748535156,1.7049188269107354,-1263.373779296875,129.7107391357422,14.109437689029374,-1262.95703125,132.76979064941406,-1263.373779296875,129.7107391357422
656,656,-1261.833251953125,143.35723876953125,-1256.161264342572,151.59304817393914,10.0,-1267.0885009765625,149.4080810546875,8.014382986741756,-1266.0281982421875,137.84124755859375,6.92991582973841,-1265.7689208984375,139.7556610107422,-1266.0281982421875,137.84124755859375
657,657,-1264.9708251953125,143.75038146972656,-1265.1201538929597,153.74926645456657,10.0,-1279.2528076171875,146.77383422851562,14.59850295350094,-1271.9671630859375,142.12319946289062,7.183067949223765,-1272.6666259765625,143.7361602783203,-1271.9671630859375,142.12319946289062
658,658,-1268.41943359375,144.18252563476562,-1274.3348327170904,152.24528280657628,10.0,-1288.04052734375,149.15957641601562,20.242488839701267,-1284.3543701171875,146.41065979003906,16.089959099384885,-1284.1773681640625,147.49229431152344,-1284.3543701171875,146.41065979003906
659,659,-1271.8720703125,144.6151580810547,-1281.3650693926843,147.7588769717352,10.0,-1289.10302734375,146.0222930908203,17.288317128873242,-1290.7452392578125,147.03233337402344,19.027328830796158,-1289.559326171875,148.51324462890625,-1290.7452392578125,147.03233337402344
660,660,-1275.4356689453125,145.05332946777344,-1284.9942229428402,142.11495483605134,10.0,-1289.29052734375,141.4353485107422,14.31945835030763,-1293.0277099609375,144.9071807861328,17.592648081871516,-1292.7325439453125,147.3329315185547,-1293.0277099609375,144.9071807861328
661,661,-1278.6759033203125,145.45175170898438,-1284.7637143941895,137.51836930746228,10.0,-1289.3160400390625,137.88442993164062,13.05667906764783,-1294.561767578125,140.71170043945312,16.577960346659946,-1293.95849609375,143.8710174560547,-1294.561767578125,140.71170043945312
662,662,-1281.9212646484375,145.85079956054688,-1282.2860765303515,135.85745616152298,10.0,-1289.0849609375,137.6602325439453,10.88135711092,-1294.170166015625,139.53219604492188,13.782609879509629,-1293.3590087890625,141.4007110595703,-1294.170166015625,139.53219604492188
663,663,-1287.15234375,146.4442901611328,-1281.6591900558396,138.08813898416548,10.0,-1288.6103515625,136.62973022460938,9.922266551999193,-1293.5042724609375,137.09637451171875,11.30179301426957,-1292.590087890625,139.2222900390625,-1293.5042724609375,137.09637451171875
664,664,-1291.929443359375,146.9862518310547,-1282.6105799673758,143.35874785707267,10.0,-1288.847900390625,145.31771850585938,3.5042703271208815,-1292.2926025390625,139.13189697265625,7.862746010869131,-1291.5377197265625,141.09056091308594,-1292.2926025390625,139.13189697265625
665,665,-1295.079345703125,147.35333251953125,-1285.3823941366022,149.7965128887447,10.0,-1289.787109375,149.35702514648438,5.658847011188083,-1291.7423095703125,142.85568237304688,5.600416680200423,-1291.16650390625,144.29397583007812,-1291.7423095703125,142.85568237304688
666,666,-1298.24267578125,147.72198486328125,-1291.755135665962,155.3319666801142,10.0,-1290.39208984375,153.2306671142578,9.590478596206601,-1292.0772705078125,147.3717041015625,6.175347666144895,-1291.03515625,148.2217559814453,-1292.0772705078125,147.3717041015625
667,667,-1301.38623046875,148.08831787109375,-1300.5082424649877,158.04970015796786,10.0,-1294.7467041015625,157.16665649414062,11.247201542396343,-1293.691650390625,151.69178771972656,8.496561512087341,-1292.6390380859375,152.73130798339844,-1293.691650390625,151.69178771972656
668,668,-1303.9444580078125,148.41761779785156,-1309.0008439539974,157.0450717190976,10.0,-1304.2186279296875,155.54934692382812,7.13699723079415,-1298.6859130859375,154.61419677734375,8.127108080028332,-1297.7403564453125,155.1855010986328,-1298.6859130859375,154.61419677734375
669,669,-1306.722412109375,148.77520751953125,-1315.8425034180455,152.87690649940686,10.0,-1308.7115478515625,151.13128662109375,3.0834671611138287,-1304.650634765625,155.1227569580078,6.677098564195374,-1303.1353759765625,155.03604125976562,-1304.650634765625,155.1227569580078
670,670,-1309.515380859375,149.1347198486328,-1319.325094043336,147.19319280828043,10.0,-1314.7900390625,143.5911865234375,7.651978887016407,-1309.7294921875,151.52532958984375,2.400178867418859,-1308.7445068359375,151.1745147705078,-1309.7294921875,151.52532958984375
671,671,-1311.37646484375,149.42196655273438,-1318.2465828098948,142.15550392424348,10.0,-1315.7220458984375,131.75930786132812,18.18938115362828,-1314.4931640625,145.9305877685547,4.680121775635426,-1313.58544921875,144.5607147216797,-1314.4931640625,145.9305877685547
672,672,-1313.2392578125,149.70947265625,-1314.6281007902962,139.80638651186922,10.0,-1310.517578125,134.6871795654297,15.266853966284534,-1314.4661865234375,140.43357849121094,9.356685664418169,-1314.2637939453125,140.21290588378906,-1314.4661865234375,140.43357849121094
673,673,-1315.285400390625,150.02528381347656,-1310.67914982288,141.14933565527122,10.0,-1306.948974609375,137.20640563964844,15.291161906203753,-1313.1553955078125,137.7915802001953,12.417746369547729,-1312.864013671875,137.8163299560547,-1313.1553955078125,137.7915802001953
674,674,-1316.1864013671875,150.5006103515625,-1307.2891930407584,145.93556007844182,10.0,-1306.548583984375,144.53773498535156,11.333287543224516,-1311.537109375,139.548095703125,11.898465999987428,-1311.2149658203125,139.68209838867188,-1311.537109375,139.548095703125
675,675,-1317.1728515625,151.02105712890625,-1307.276310821949,152.45579800119373,10.0,-1306.4879150390625,148.91513061523438,10.890491035342476,-1310.274169921875,141.45639038085938,11.792991918079569,-1309.8333740234375,142.8419189453125,-1310.274169921875,141.45639038085938
676,676,-1318.155029296875,151.5392303466797,-1310.9204960962552,158.44296334913054,10.0,-1307.0509033203125,157.5343017578125,12.61913209883913,-1310.3902587890625,147.5640411376953,8.723175470333072,-1309.072021484375,148.4883270263672,-1310.3902587890625,147.5640411376953
677,677,-1318.270751953125,152.68544006347656,-1316.3747257027621,162.50404915325782,10.0,-1315.7725830078125,163.80853271484375,11.400177113107608,-1313.8350830078125,155.39657592773438,5.198597567313194,-1312.215087890625,155.47767639160156,-1313.8350830078125,155.39657592773438
678,678,-1318.3973388671875,153.93800354003906,-1322.541276454532,163.0389804805765,10.0,-1321.1141357421875,163.4989776611328,9.939477421083774,-1314.58837890625,160.30487060546875,7.4192433719940905,-1316.1412353515625,160.31382751464844,-1314.58837890625,160.30487060546875
679,679,-1318.5125732421875,155.0791778564453,-1327.1633769259768,160.09551074258223,10.0,-1327.4788818359375,157.3582305908203,9.251419953953947,-1319.8465576171875,162.03506469726562,7.082646119568683,-1321.4302978515625,161.2522735595703,-1319.8465576171875,162.03506469726562
680,680,-1318.345703125,156.9526824951172,-1328.3029078142006,156.02852083319667,10.0,-1328.178955078125,150.81845092773438,11.589721346775876,-1323.7227783203125,159.71771240234375,6.046348323070901,-1325.800048828125,158.8896484375,-1323.7227783203125,159.71771240234375
681,681,-1318.178955078125,158.82598876953125,-1325.758777487748,152.30323687799194,10.0,-1327.6724853515625,146.58566284179688,15.490406575356268,-1325.641845703125,155.2042236328125,8.295295002967904,-1328.2418212890625,154.53622436523438,-1325.641845703125,155.2042236328125
682,682,-1318.0120849609375,160.70082092285156,-1320.410281935668,150.99264646673504,10.0,-1316.5294189453125,148.043701171875,12.743664265212354,-1325.2401123046875,152.96607971191406,10.586340296919072,-1326.582763671875,151.90394592285156,-1325.2401123046875,152.96607971191406
683,683,-1317.7344970703125,164.33676147460938,-1314.0638278427489,155.03481611775968,10.0,-1312.1134033203125,153.46514892578125,12.238817522870672,-1321.1253662109375,152.99398803710938,11.838771168634796,-1321.9234619140625,152.17881774902344,-1321.1253662109375,152.99398803710938
684,684,-1317.429931640625,168.32620239257812,-1309.048402836853,162.8718486351161,10.0,-1307.5078125,162.90103149414062,11.308444964627547,-1315.7750244140625,157.1456756591797,11.302340287071786,-1315.974365234375,156.2259063720703,-1315.7750244140625,157.1456756591797
685,685,-1317.1402587890625,171.25146484375,-1307.1487141371892,171.66260407761467,10.0,-1307.878173828125,169.10498046875,9.50755557416015,-1310.43017578125,161.92991638183594,11.485489963408025,-1311.75048828125,161.7657928466797,-1310.43017578125,161.92991638183594
686,686,-1316.8477783203125,174.20419311523438,-1308.9427055725394,180.3287196154966,10.0,-1307.57568359375,180.36878967285156,11.13436084095238,-1307.126708984375,170.13473510742188,10.538485541644665,-1308.8394775390625,170.02566528320312,-1307.126708984375,170.13473510742188
687,687,-1316.53125,177.39874267578125,-1313.6372224440947,186.97081687658334,10.0,-1317.1180419921875,192.88958740234375,15.501954560137396,-1308.8817138671875,182.25558471679688,9.061143286505343,-1310.450927734375,182.00022888183594,-1308.8817138671875,182.25558471679688
688,688,-1316.0787353515625,180.78321838378906,-1319.266432025418,190.2615404882277,10.0,-1320.6817626953125,194.8179931640625,14.770333911605029,-1313.0032958984375,190.60986328125,10.296663429025584,-1314.026123046875,190.7664031982422,-1313.0032958984375,190.60986328125
689,689,-1315.6666259765625,183.8644256591797,-1323.7567215482918,189.74238054504653,10.0,-1324.451904296875,195.70013427734375,14.739915659848121,-1317.729248046875,194.4467315673828,10.781447404673038,-1319.22998046875,196.37527465820312,-1317.729248046875,194.4467315673828
690,690,-1315.2138671875,187.25051879882812,-1325.2133370310826,187.35348892693,10.0,-1324.49169921875,196.08322143554688,12.809949378072767,-1321.761474609375,199.4527130126953,13.847913437912819,-1322.2088623046875,199.6614990234375,-1321.761474609375,199.4527130126953
691,691,-1314.7470703125,190.73597717285156,-1322.9564946592038,185.02586755080864,10.0,-1321.016845703125,188.51991271972656,6.649889105037096,-1322.3182373046875,199.87246704101562,11.865834009232309,-1322.7076416015625,199.2529296875,-1322.3182373046875,199.87246704101562
692,692,-1314.2811279296875,194.21517944335938,-1317.6633350900959,184.80451130958252,10.0,-1315.4046630859375,186.75506591796875,7.544244498890916,-1320.0867919921875,197.4071044921875,6.625263822968896,-1320.826171875,196.6276092529297,-1320.0867919921875,197.4071044921875
693,693,-1313.8555908203125,197.3917236328125,-1311.159294053539,187.76208273891166,10.0,-1311.786376953125,190.7960205078125,6.9126656031733384,-1316.4698486328125,196.54820251464844,2.746975024823858,-1317.5252685546875,195.6871337890625,-1316.4698486328125,196.54820251464844
694,694,-1313.488037109375,200.5451202392578,-1305.7107626560512,194.25910384748184,10.0,-1309.1572265625,191.54542541503906,9.987513550528655,-1313.3028564453125,195.7104949951172,4.83817043205636,-1313.594970703125,194.9138641357422,-1313.3028564453125,195.7104949951172
695,695,-1313.083740234375,204.0124969482422,-1303.1027809219743,203.3956896815837,10.0,-1312.577880859375,202.5386505126953,1.5582416445627487,-1312.8912353515625,198.9148406982422,5.10128977544608,-1312.425537109375,198.4144287109375,-1312.8912353515625,198.9148406982422
696,696,-1312.68115234375,207.4661407470703,-1304.1890797554454,212.74673760301047,10.0,-1313.21728515625,208.34535217285156,1.0297820759090044,-1312.7664794921875,203.78036499023438,3.686763302944739,-1312.1478271484375,203.6389923095703,-1312.7664794921875,203.78036499023438
697,697,-1312.3173828125,210.70709228515625,-1308.4559376307584,219.93147525142584,10.0,-1315.0455322265625,216.53997802734375,6.439359852257349,-1312.2760009765625,209.96981811523438,0.7384345996630629,-1312.7674560546875,209.71939086914062,-1312.2760009765625,209.96981811523438
698,698,-1311.955322265625,213.93289184570312,-1314.153090891992,223.68839352757257,10.0,-1317.8052978515625,217.39207458496094,6.7961871354196814,-1314.199951171875,215.02500915527344,2.496212960593741,-1314.494873046875,214.66026306152344,-1314.199951171875,215.02500915527344
699,699,-1311.557861328125,217.4737548828125,-1319.001753785766,224.15121436071863,10.0,-1317.7984619140625,217.30474853515625,6.242888659807379,-1315.0125732421875,217.96759033203125,3.4898292021344637,-1315.8494873046875,217.92733764648438,-1315.0125732421875,217.96759033203125
700,700,-1311.2078857421875,220.6290740966797,-1321.1439477370363,221.75808784084694,10.0,-1320.6695556640625,216.73426818847656,10.23194560057314,-1317.7208251953125,219.03106689453125,6.70611715810203,-1318.297119140625,219.54324340820312,-1317.7208251953125,219.03106689453125
701,701,-1310.824462890625,224.08761596679688,-1319.5767331225254,219.25049225659592,10.0,-1313.157958984375,215.68116760253906,8.724309607096677,-1315.9652099609375,218.0863037109375,7.902090181290928,-1316.524169921875,219.15231323242188,-1315.9652099609375,218.0863037109375
702,702,-1310.475341796875,227.23648071289062,-1314.805816449259,218.22276953019465,10.0,-1309.160400390625,216.39163208007812,10.924276304199097,-1314.29443359375,217.7522735595703,10.224267576704461,-1313.494873046875,219.0027618408203,-1314.29443359375,217.7522735595703
703,703,-1309.9725341796875,231.8890838623047,-1308.2791039620004,222.03351213369228,10.0,-1305.986328125,220.84121704101562,11.745007450460259,-1308.9541015625,219.8990478515625,12.033211064991995,-1309.9189453125,220.75709533691406,-1308.9541015625,219.8990478515625
704,704,-1309.515380859375,236.11976623535156,-1302.424549908564,229.06851695405263,10.0,-1299.5634765625,236.52749633789062,9.960253157961176,-1303.450927734375,226.9318084716797,11.008912733432878,-1303.577392578125,228.3671875,-1303.450927734375,226.9318084716797
705,705,-1309.2618408203125,238.41241455078125,-1299.3969442337877,236.77417911679436,10.0,-1298.7630615234375,238.1078643798828,10.503195586633879,-1299.5274658203125,233.0878448486328,11.095453985919734,-1299.92236328125,234.61424255371094,-1299.5274658203125,233.0878448486328
706,706,-1309.0076904296875,240.71124267578125,-1300.0183610399447,245.09210527608093,10.0,-1298.3658447265625,240.3465576171875,10.648092559753675,-1298.03857421875,237.4813690185547,11.434753792307815,-1297.648681640625,239.40853881835938,-1298.03857421875,237.4813690185547
707,707,-1308.72900390625,243.23309326171875,-1303.9409483129648,252.01230300039177,10.0,-1303.9072265625,243.7640838623047,4.850926485797473,-1298.40673828125,242.49755859375,10.348438475482208,-1297.8934326171875,243.64852905273438,-1298.40673828125,242.49755859375
708,708,-1308.31494140625,244.74012756347656,-1309.499556272712,254.6697140411783,10.0,-1307.7891845703125,247.27566528320312,2.5894732627874704,-1300.9671630859375,247.88690185546875,7.993249319844672,-1299.9544677734375,247.64930725097656,-1300.9671630859375,247.88690185546875
709,709,-1307.9373779296875,246.1139678955078,-1314.6564012556235,253.52036550470552,10.0,-1316.2801513671875,248.09075927734375,8.573772378408258,-1304.6646728515625,250.99935913085938,5.880276018252462,-1304.8348388671875,250.3690185546875,-1304.6646728515625,250.99935913085938
710,710,-1307.52392578125,247.61907958984375,-1317.291577009554,249.76220569024247,10.0,-1321.431640625,245.76724243164062,14.030460898900147,-1311.8333740234375,251.27951049804688,5.654210695209517,-1312.1790771484375,250.6332550048828,-1311.8333740234375,251.27951049804688
711,711,-1306.6920166015625,248.06166076660156,-1315.8946399471474,244.14864101718874,10.0,-1323.568359375,242.5669403076172,17.748321000278803,-1317.99560546875,249.2124786376953,11.3620202011277,-1318.559326171875,248.82777404785156,-1317.99560546875,249.2124786376953
712,712,-1305.861328125,248.50364685058594,-1311.0943064170165,239.9821482619993,10.0,-1311.97314453125,238.11953735351562,12.049233578566419,-1317.451416015625,243.32583618164062,12.69408762518426,-1317.7861328125,244.7697296142578,-1317.451416015625,243.32583618164062
713,713,-1304.9503173828125,248.98831176757812,-1304.277649648643,239.01096151215424,10.0,-1310.005126953125,237.68426513671875,12.382752925935574,-1315.1380615234375,238.40585327148438,14.689402931922924,-1315.6951904296875,241.7938232421875,-1315.1380615234375,238.40585327148438
714,714,-1303.3963623046875,248.9347686767578,-1297.0669097692275,241.19280312520965,10.0,-1299.2384033203125,239.44717407226562,10.358719722771442,-1308.8778076171875,236.53677368164062,13.555682299791444,-1308.3946533203125,240.48013305664062,-1308.8778076171875,236.53677368164062
715,715,-1301.979248046875,248.88595581054688,-1292.3346650379242,246.24360485288452,10.0,-1298.4320068359375,240.42007446289062,9.179001427234192,-1305.213134765625,236.1584930419922,13.131882265488576,-1303.87744140625,240.08358764648438,-1305.213134765625,236.1584930419922
716,716,-1300.42626953125,248.83245849609375,-1291.0346813197089,252.26729049560134,10.0,-1299.01318359375,242.50930786132812,6.47912384637747,-1302.10888671875,237.3638153076172,11.591418255945227,-1300.9208984375,240.69602966308594,-1302.10888671875,237.3638153076172
717,717,-1298.364013671875,248.7283172607422,-1292.6999471709744,256.9695763073549,10.0,-1301.5416259765625,245.64393615722656,4.428388730749105,-1301.7734375,240.09768676757812,9.279652663183029,-1300.04150390625,241.99388122558594,-1301.7734375,240.09768676757812
718,718,-1296.296875,248.62393188476562,-1296.455817261815,258.62266867285086,10.0,-1300.0081787109375,257.3451232910156,9.478024835337123,-1301.3580322265625,246.6588134765625,5.429272771766454,-1298.979248046875,247.18771362304688,-1301.3580322265625,246.6588134765625
719,719,-1294.033203125,248.50962829589844,-1299.9563516175324,256.5666942591019,10.0,-1301.9224853515625,247.5581817626953,7.94644729145668,-1302.063232421875,248.51890563964844,8.030034656075767,-1299.4444580078125,248.2211151123047,-1302.063232421875,248.51890563964844
720,720,-1291.376953125,248.23370361328125,-1300.872970410448,251.368293812091,10.0,-1303.5194091796875,242.99061584472656,13.226080613272584,-1302.413818359375,247.2142791748047,11.083845018201886,-1300.6273193359375,246.42300415039062,-1302.413818359375,247.2142791748047
721,721,-1288.4647216796875,247.93118286132812,-1298.0204460985303,244.98361931983655,10.0,-1302.812255859375,240.5172119140625,16.14988242199304,-1302.9007568359375,243.7964324951172,15.0164999791352,-1301.220703125,243.796875,-1302.9007568359375,243.7964324951172
722,722,-1285.781494140625,247.6524658203125,-1291.8616746872997,239.71323383479665,10.0,-1294.873291015625,237.21578979492188,13.841422501868196,-1299.699951171875,241.62229919433594,15.168597682969713,-1298.9920654296875,240.80563354492188,-1299.699951171875,241.62229919433594
723,723,-1281.015869140625,246.943603515625,-1281.3710725488002,236.94991397978185,10.0,-1284.232666015625,232.30088806152344,14.991894410140251,-1292.7156982421875,237.9516143798828,14.756079073489486,-1292.6793212890625,236.69692993164062,-1292.7156982421875,237.9516143798828
724,724,-1276.2022705078125,246.2275848388672,-1270.7010851596049,237.87671902958337,10.0,-1276.6932373046875,230.21922302246094,16.01588887450857,-1284.4581298828125,233.6316680908203,15.060422727915148,-1285.0391845703125,232.83425903320312,-1284.4581298828125,233.6316680908203
725,725,-1272.9423828125,245.7168731689453,-1263.6200359896516,242.0983306841143,10.0,-1275.007568359375,232.97689819335938,12.90627574947852,-1277.7723388671875,232.87608337402344,13.719123807575402,-1278.916259765625,231.68673706054688,-1277.7723388671875,232.87608337402344
726,726,-1269.3646240234375,245.1563720703125,-1259.6700259848812,247.6088746433638,10.0,-1269.51953125,236.29672241210938,8.861003798381988,-1272.4840087890625,233.62982177734375,11.94118599521636,-1272.5015869140625,231.8493194580078,-1272.4840087890625,233.62982177734375
727,727,-1266.1123046875,244.6468505859375,-1259.6320843440444,252.26306646393516,10.0,-1269.15576171875,248.42013549804688,4.847711803419972,-1268.9376220703125,237.7274932861328,7.473949675772703,-1268.541015625,236.3715057373047,-1268.9376220703125,237.7274932861328
728,728,-1262.7342529296875,244.1944580078125,-1261.8658429071932,254.15667984999368,10.0,-1267.379638671875,255.9622039794922,12.651460546027973,-1264.9622802734375,244.3343963623047,2.2324176552687587,-1265.587646484375,244.22828674316406,-1264.9622802734375,244.3343963623047
729,729,-1259.3560791015625,243.74205017089844,-1264.4207577532661,252.36463853837702,10.0,-1272.4127197265625,246.71371459960938,13.390543450034667,-1265.4068603515625,247.58010864257812,7.165378326884337,-1265.65625,246.4034423828125,-1265.4068603515625,247.58010864257812
730,730,-1255.9713134765625,243.2887420654297,-1265.0953442324783,247.38167045047442,10.0,-1274.079833984375,239.03726196289062,18.600903151302933,-1267.8848876953125,246.16867065429688,12.256722210388846,-1267.21923828125,244.75135803222656,-1267.8848876953125,246.16867065429688
731,731,-1252.4781494140625,242.8521270751953,-1262.2859913428263,240.901169182163,10.0,-1266.845947265625,234.74281311035156,16.49832076557411,-1266.8985595703125,243.1755828857422,14.424037324405907,-1265.9736328125,241.4464874267578,-1266.8985595703125,243.1755828857422
732,732,-1249.275390625,242.45179748535156,-1256.138518926054,235.17873279959005,10.0,-1260.0531005859375,227.9097442626953,18.10056197836571,-1262.1878662109375,236.06082153320312,14.407518848794597,-1262.6273193359375,234.36488342285156,-1262.1878662109375,236.06082153320312
733,733,-1246.0855712890625,242.0531005859375,-1247.4648920994896,232.1486836873047,10.0,-1253.14404296875,224.08843994140625,19.30158165866519,-1258.130126953125,230.00982666015625,17.032667671157757,-1257.521484375,228.87718200683594,-1258.130126953125,230.00982666015625
734,734,-1242.6258544921875,241.62266540527344,-1238.011072090981,232.75115012379442,10.0,-1238.9927978515625,225.04031372070312,16.975673416532295,-1249.677490234375,228.1746826171875,15.1846569835855,-1249.1934814453125,225.8097686767578,-1249.677490234375,228.1746826171875
735,735,-1239.47900390625,241.2311553955078,-1230.5774105309454,236.67466163596714,10.0,-1234.5479736328125,227.23861694335938,14.835976270283318,-1241.2086181640625,226.8934326171875,14.441670954179555,-1240.685302734375,225.16880798339844,-1241.2086181640625,226.8934326171875
736,736,-1236.332763671875,240.8397216796875,-1226.4376069666914,242.2839771210344,10.0,-1231.433349609375,230.04483032226562,11.854701074863264,-1234.0836181640625,228.30331420898438,12.736568132225191,-1233.654541015625,226.48788452148438,-1234.0836181640625,228.30331420898438
737,737,-1233.1434326171875,240.44107055664062,-1225.915540496252,247.35175615852697,10.0,-1232.7392578125,234.10443115234375,6.349516218802188,-1230.450439453125,231.05703735351562,9.762801408358147,-1230.0374755859375,228.67889404296875,-1230.450439453125,231.05703735351562
738,738,-1229.9393310546875,240.04058837890625,-1228.0527459839225,249.86101590375293,10.0,-1233.797607421875,240.19143676757812,3.8612241273930827,-1228.7196044921875,234.6014862060547,5.574187414680875,-1228.4091796875,232.45114135742188,-1228.7196044921875,234.6014862060547
739,739,-1226.447021484375,239.60406494140625,-1230.5997074774093,248.7010534015098,10.0,-1237.9954833984375,241.02452087402344,11.635491723045462,-1228.855224609375,237.4095458984375,3.2581215632956737,-1229.533935546875,235.72677612304688,-1228.855224609375,237.4095458984375
740,740,-1223.0186767578125,239.1536407470703,-1231.6742994992992,244.16165382183954,10.0,-1236.2554931640625,235.12356567382812,13.836719758264138,-1229.7882080078125,238.6836700439453,6.785825359270777,-1230.5487060546875,236.2596893310547,-1229.7882080078125,238.6836700439453
741,741,-1219.8787841796875,238.74110412597656,-1229.8350957123419,237.80736933240183,10.0,-1231.3236083984375,227.36279296875,16.13846232417305,-1228.4609375,234.74449157714844,9.467115055749629,-1229.7547607421875,232.43495178222656,-1228.4609375,234.74449157714844
742,742,-1216.448974609375,238.29049682617188,-1224.0225220818247,231.76046017370584,10.0,-1228.353515625,224.15579223632812,18.47993427030648,-1227.0731201171875,230.92440795898438,12.927943880233862,-1228.1947021484375,228.79783630371094,-1227.0731201171875,230.92440795898438
743,743,-1213.281494140625,237.8629608154297,-1215.670355883293,228.15248505085376,10.0,-1223.689697265625,222.28810119628906,18.73251036159321,-1223.7783203125,228.2365264892578,14.242597990488257,-1225.441650390625,225.5316619873047,-1223.7783203125,228.2365264892578
744,744,-1209.8184814453125,237.39552307128906,-1206.1388703681002,228.0971112541852,10.0,-1209.497802734375,223.6805419921875,13.71872956347498,-1217.2161865234375,225.84616088867188,13.715458696237048,-1218.5955810546875,223.89512634277344,-1217.2161865234375,225.84616088867188
745,745,-1206.634765625,236.96580505371094,-1198.2479964949114,231.5195124102154,10.0,-1202.340087890625,226.96615600585938,10.882887389031232,-1208.9647216796875,226.3063507080078,10.911125614019122,-1210.4320068359375,224.1712646484375,-1208.9647216796875,226.3063507080078
746,746,-1203.2822265625,236.51808166503906,-1193.2910818271023,236.93882728454489,10.0,-1195.679931640625,232.86627197265625,8.433896021919375,-1201.267578125,228.60679626464844,8.1637763941178,-1202.067626953125,226.36436462402344,-1201.267578125,228.60679626464844
747,747,-1200.229736328125,236.11044311523438,-1192.3305557858841,242.2425672791014,10.0,-1191.8814697265625,240.637451171875,9.4967024379862,-1194.1513671875,233.67608642578125,6.547722039090196,-1194.7030029296875,231.458251953125,-1194.1513671875,233.67608642578125
748,748,-1196.8819580078125,235.66336059570312,-1193.9971350567646,245.23821289436063,10.0,-1197.847412109375,246.92459106445312,11.302540125676494,-1191.124755859375,241.00045776367188,7.850476594342118,-1192.246826171875,238.6726531982422,-1191.124755859375,241.00045776367188
749,749,-1192.1932373046875,235.04371643066406,-1195.3900456324725,244.51896927770753,10.0,-1196.4293212890625,247.33462524414062,13.000417184993497,-1188.1888427734375,245.48094177246094,11.179036112176748,-1190.7725830078125,243.87307739257812,-1188.1888427734375,245.48094177246094
750,750,-1187.02685546875,234.36093139648438,-1195.1225987814987,240.2311051770537,10.0,-1195.0892333984375,242.59165954589844,11.521580783497946,-1188.2958984375,246.41058349609375,12.116294226295201,-1189.953125,245.52186584472656,-1188.2958984375,246.41058349609375
751,751,-1183.5159912109375,233.8721923828125,-1193.5155554353794,233.96554826780647,10.0,-1195.7769775390625,235.53115844726562,12.372710056470057,-1188.8424072265625,244.8427276611328,12.195218401667804,-1190.17041015625,243.75169372558594,-1188.8424072265625,244.8427276611328
752,752,-1180.3145751953125,233.42657470703125,-1188.5185056454225,227.7085746047438,10.0,-1190.4864501953125,224.23403930664062,13.710205983246926,-1187.808349609375,235.69300842285156,7.8290086701360115,-1188.767333984375,234.5896759033203,-1187.808349609375,235.69300842285156
753,753,-1177.110595703125,232.98056030273438,-1180.4837532202084,223.56664462619767,10.0,-1174.1787109375,221.85340881347656,11.506930457067876,-1180.0845947265625,228.64633178710938,5.256444332156871,-1181.078857421875,227.78744506835938,-1180.0845947265625,228.64633178710938
754,754,-1173.68408203125,232.5596160888672,-1170.9785278948607,222.93257205577652,10.0,-1168.0830078125,222.38388061523438,11.615404634936104,-1169.8919677734375,225.1560821533203,8.318199641695253,-1171.6671142578125,224.39419555664062,-1169.8919677734375,225.1560821533203
755,755,-1170.2581787109375,232.13873291015625,-1162.474864032894,225.8601970440048,10.0,-1165.92431640625,224.441650390625,8.83331431504986,-1165.2730712890625,223.44674682617188,10.020075752798041,-1166.3927001953125,223.05010986328125,-1165.2730712890625,223.44674682617188
756,756,-1167.1431884765625,231.75604248046875,-1157.1616407354838,231.14883189708962,10.0,-1164.1478271484375,226.8793487548828,5.72313997550261,-1161.0198974609375,223.11001586914062,10.594737798823902,-1162.126220703125,223.3181915283203,-1161.0198974609375,223.11001586914062
757,757,-1163.7342529296875,231.33509826660156,-1155.2472614047563,236.62385755926613,10.0,-1164.60546875,228.66317749023438,2.8103696626503454,-1158.5491943359375,225.53993225097656,7.776167550231648,-1159.697265625,224.46044921875,-1158.5491943359375,225.53993225097656
758,758,-1160.6282958984375,230.95155334472656,-1156.7757214738326,240.17964471309088,10.0,-1163.6090087890625,232.22344970703125,3.2407359801103732,-1157.447265625,228.25833129882812,4.168020943930011,-1158.488525390625,226.8391571044922,-1157.447265625,228.25833129882812
759,759,-1157.226806640625,230.5315399169922,-1159.4339538784723,240.2849239999894,10.0,-1163.5665283203125,232.97052001953125,6.7926942310456715,-1156.793212890625,230.50869750976562,0.43419502024662443,-1158.2938232421875,229.15269470214844,-1156.793212890625,230.50869750976562
760,760,-1153.9388427734375,230.0895538330078,-1161.3891519708804,236.759853141322,10.0,-1166.750244140625,227.20640563964844,13.131814364208974,-1159.8883056640625,229.32351684570312,5.998576610567112,-1162.3116455078125,228.59658813476562,-1159.8883056640625,229.32351684570312
761,761,-1150.658203125,229.64859008789062,-1160.5953460407095,230.76805007947695,10.0,-1165.037109375,225.40838623046875,14.991073133661393,-1159.8165283203125,228.349609375,9.249987636508363,-1162.8154296875,227.2178497314453,-1159.8165283203125,228.349609375
762,762,-1147.371826171875,229.2068328857422,-1156.1194416064936,224.3612963614735,10.0,-1163.425048828125,224.51229858398438,16.72556755274747,-1159.5380859375,225.8062744140625,12.63256405501188,-1162.469970703125,225.88462829589844,-1159.5380859375,225.8062744140625
763,763,-1143.99365234375,228.74940490722656,-1148.3154585769157,219.73153426704934,10.0,-1148.995849609375,222.2442626953125,8.206025388789168,-1153.9296875,224.43228149414062,10.833390475287537,-1156.1297607421875,224.23410034179688,-1153.9296875,224.43228149414062
764,764,-1140.892578125,228.32948303222656,-1139.189672848321,218.47554404222575,10.0,-1144.187744140625,223.97262573242188,5.462629824671568,-1147.5107421875,224.30406188964844,7.74623204747195,-1150.197509765625,223.68006896972656,-1147.5107421875,224.30406188964844
765,765,-1137.506591796875,227.87100219726562,-1130.4089845551935,220.8265738000974,10.0,-1132.491455078125,219.80482482910156,9.498147905904426,-1138.05322265625,222.71917724609375,5.180743732702684,-1141.4498291015625,221.73080444335938,-1138.05322265625,222.71917724609375
766,766,-1134.2083740234375,227.43319702148438,-1124.3419068815133,225.80444715200423,10.0,-1129.026611328125,220.1149444580078,8.96702209283347,-1131.21923828125,222.22930908203125,6.001281710735508,-1133.478271484375,220.49285888671875,-1131.21923828125,222.22930908203125
767,767,-1130.9107666015625,226.9954833984375,-1121.925653437065,231.384986949088,10.0,-1131.4298095703125,225.67471313476562,1.4190981970282,-1125.4285888671875,224.38380432128906,6.072490453948192,-1129.71484375,221.791748046875,-1125.4285888671875,224.38380432128906
768,768,-1127.6107177734375,226.55743408203125,-1122.8311053446437,235.34124333716198,10.0,-1132.68603515625,232.56581115722656,7.86507734316779,-1123.1956787109375,228.7530059814453,4.930832170019332,-1128.08935546875,226.08743286132812,-1123.1956787109375,228.7530059814453
769,769,-1124.068115234375,226.0994110107422,-1125.26227655801,236.02785392658424,10.0,-1132.503662109375,232.63775634765625,10.672788334126567,-1123.5445556640625,231.36227416992188,5.2888413906938645,-1127.467041015625,229.20220947265625,-1123.5445556640625,231.36227416992188
770,770,-1120.8477783203125,225.6830596923828,-1127.573919573622,233.08299373536772,10.0,-1137.555419921875,232.49908447265625,18.044486185302244,-1124.76806640625,232.76229858398438,8.092235906170039,-1129.40576171875,231.24830627441406,-1124.76806640625,232.76229858398438
771,771,-1117.6229248046875,225.26612854003906,-1127.3926320708329,227.39986234110907,10.0,-1132.456787109375,222.33822631835938,15.120055631317816,-1125.4195556640625,230.58489990234375,9.438049669387793,-1129.357177734375,228.67701721191406,-1125.4195556640625,230.58489990234375
772,772,-1114.1829833984375,224.83421325683594,-1123.381840237301,220.91234726497774,10.0,-1124.79345703125,214.75848388671875,14.632240875971506,-1124.345947265625,226.46896362304688,10.293602057860285,-1126.5745849609375,223.43304443359375,-1124.345947265625,226.46896362304688
773,773,-1111.0517578125,224.44105529785156,-1116.2765405160503,215.91452929362907,10.0,-1115.2886962890625,211.68017578125,13.445880175406781,-1117.5462646484375,217.7606201171875,9.31701847401265,-1121.1807861328125,216.81678771972656,-1117.5462646484375,217.7606201171875
774,774,-1107.6044921875,224.00820922851562,-1106.9222318360644,214.03151033495072,10.0,-1107.004638671875,210.2254638671875,13.795792617150333,-1109.9033203125,212.88619995117188,11.357099150470223,-1113.4122314453125,212.3090057373047,-1109.9033203125,212.88619995117188
775,775,-1102.8763427734375,223.40843200683594,-1096.5394494918537,215.6725556157722,10.0,-1098.093994140625,208.8382110595703,15.334999083726794,-1102.390625,209.48915100097656,13.92775306628857,-1105.381103515625,209.1551513671875,-1102.390625,209.48915100097656
776,776,-1097.6881103515625,222.75030517578125,-1088.0409912579016,220.1172284217304,10.0,-1079.454345703125,210.94332885742188,21.72268084369211,-1088.0894775390625,207.9746856689453,17.61966752467232,-1090.9869384765625,208.039794921875,-1088.0894775390625,207.9746856689453
777,777,-1094.186767578125,222.27764892578125,-1084.7984861972207,225.7215090729075,10.0,-1079.39111328125,213.39312744140625,17.258218566206555,-1076.807373046875,208.78868103027344,21.9999002079301,-1081.954833984375,209.1326141357422,-1076.807373046875,208.78868103027344
778,778,-1090.988037109375,221.8458709716797,-1085.3318969541358,230.0925720420648,10.0,-1078.40625,219.25047302246094,12.846690522482582,-1071.9737548828125,212.31625366210938,21.2686749624473,-1076.1927490234375,212.53443908691406,-1071.9737548828125,212.31625366210938
779,779,-1087.792236328125,221.4144744873047,-1087.9607920071774,231.41305383554507,10.0,-1078.18310546875,219.68612670898438,9.763328424027213,-1069.3193359375,214.70838928222656,19.65247128530458,-1073.1922607421875,215.55613708496094,-1069.3193359375,214.70838928222656
780,780,-1084.2808837890625,220.9576873779297,-1090.2117761752756,229.00905468436642,10.0,-1093.1761474609375,216.89590454101562,9.77874202576327,-1073.0050048828125,215.4484100341797,12.549804060572848,-1074.805908203125,216.5317840576172,-1073.0050048828125,215.4484100341797
781,781,-1081.0731201171875,220.5404052734375,-1090.572146829536,223.66586388268053,10.0,-1091.558349609375,212.23416137695312,13.37661112433648,-1076.3031005859375,211.48455810546875,10.235304307059664,-1078.4927978515625,213.9051971435547,-1076.3031005859375,211.48455810546875
782,782,-1077.86572265625,220.12315368652344,-1087.41860866285,217.16640396006613,10.0,-1080.767578125,209.30056762695312,11.204871002306092,-1076.5908203125,209.52145385742188,10.678081066018901,-1078.1641845703125,211.75196838378906,-1076.5908203125,209.52145385742188
783,783,-1074.579833984375,219.7078857421875,-1080.6523783831717,211.7628115119086,10.0,-1077.4700927734375,206.2373504638672,13.777115683343343,-1076.1046142578125,207.87200927734375,11.933688724502007,-1076.9200439453125,209.51467895507812,-1076.1046142578125,207.87200927734375
784,784,-1071.2928466796875,219.29248046875,-1071.6384412857649,209.29845403451188,10.0,-1074.98828125,207.19253540039062,12.65167606765108,-1074.7081298828125,206.09783935546875,13.629479574284545,-1075.121337890625,207.9452362060547,-1074.7081298828125,206.09783935546875
785,785,-1068.00048828125,218.8763885498047,-1062.4912763644327,210.53081582796003,10.0,-1071.7586669921875,206.669677734375,12.772145323119055,-1072.51806640625,205.4762725830078,14.141132204992749,-1072.710205078125,206.67391967773438,-1072.51806640625,205.4762725830078
786,786,-1064.617431640625,218.43783569335938,-1055.291610004745,214.82825804275336,10.0,-1063.945556640625,210.94442749023438,7.52346878203705,-1067.98193359375,207.4687042236328,11.473522501513106,-1068.2618408203125,208.18556213378906,-1067.98193359375,207.4687042236328
787,787,-1061.5162353515625,218.03582763671875,-1051.8239998029094,220.49765014645132,10.0,-1063.224609375,212.21051025390625,6.070656011870011,-1064.8065185546875,209.0459442138672,9.573085579541626,-1064.7919921875,209.38465881347656,-1064.8065185546875,209.0459442138672
788,788,-1058.125,217.59620666503906,-1051.6521054188595,225.21864956357513,10.0,-1062.057861328125,214.72535705566406,4.869206886743439,-1061.5250244140625,211.1979522705078,7.245538303905342,-1062.017333984375,211.06797790527344,-1061.5250244140625,211.1979522705078
789,789,-1054.9334716796875,217.15821838378906,-1054.0746404412419,227.12127057194255,10.0,-1060.8585205078125,215.63571166992188,6.11753465943889,-1059.385498046875,213.3076934814453,5.886177095339731,-1059.83154296875,212.87750244140625,-1059.385498046875,213.3076934814453
790,790,-1051.4322509765625,216.67770385742188,-1056.5052176518655,225.29541870019,10.0,-1067.3271484375,215.4690704345703,15.940782918180377,-1060.793701171875,214.7255401611328,9.562828705797537,-1062.2083740234375,214.20135498046875,-1060.793701171875,214.7255401611328
791,791,-1048.2291259765625,216.2381134033203,-1057.3570877452341,220.32226740992562,10.0,-1067.6138916015625,212.71383666992188,19.702529401824407,-1061.9835205078125,214.21176147460938,13.902858377336312,-1063.6868896484375,213.8701934814453,-1061.9835205078125,214.21176147460938
792,792,-1045.0203857421875,215.787841796875,-1054.8263473491318,213.8274548546785,10.0,-1060.675048828125,212.2693634033203,16.045191383717597,-1060.0584716796875,213.57687377929688,15.199750268948126,-1062.1888427734375,213.3164825439453,-1060.0584716796875,213.57687377929688
793,793,-1041.8194580078125,215.33868408203125,-1048.675590299323,208.05902406240764,10.0,-1048.82373046875,202.39356994628906,14.718553349240532,-1054.88525390625,211.2121124267578,13.70195665172432,-1056.7939453125,210.3041534423828,-1054.88525390625,211.2121124267578
794,794,-1038.312744140625,214.84661865234375,-1039.6825415086032,204.94088015535726,10.0,-1035.9398193359375,201.43795776367188,13.617009912462429,-1043.8697509765625,207.63665771484375,9.10295895272147,-1045.488037109375,206.75718688964844,-1043.8697509765625,207.63665771484375
795,795,-1035.0870361328125,214.4287109375,-1030.4637261641685,205.5616367338048,10.0,-1032.7713623046875,200.4244842529297,14.194390100004096,-1031.9395751953125,202.79815673828125,12.048912869385905,-1036.3897705078125,203.48403930664062,-1031.9395751953125,202.79815673828125
796,796,-1031.5635986328125,213.9722442626953,-1022.6576284374949,209.42431122887496,10.0,-1032.05615234375,205.04617309570312,8.939650755838707,-1027.1376953125,202.05770874023438,12.710026629269379,-1031.4586181640625,203.07199096679688,-1027.1376953125,202.05770874023438
797,797,-1028.3453369140625,213.55531311035156,-1018.4515733915844,215.0090817856509,10.0,-1029.4373779296875,211.8704376220703,2.0078244422305107,-1023.5554809570312,204.64556884765625,10.115644463687905,-1027.5074462890625,205.70237731933594,-1023.5554809570312,204.64556884765625
798,798,-1023.3436279296875,212.92471313476562,-1016.1223835700863,219.8423449476715,10.0,-1025.522216796875,217.09762573242188,4.707382393635719,-1020.03076171875,210.5111541748047,4.098822926741177,-1023.7901611328125,209.8370361328125,-1020.03076171875,210.5111541748047
799,799,-1018.3677978515625,212.29739379882812,-1016.4906557044031,222.11963068048385,10.0,-1025.40625,216.201416015625,8.048676792808122,-1017.438720703125,214.10281372070312,2.030449566488143,-1021.7308959960938,212.7126922607422,-1017.438720703125,214.10281372070312
800,800,-1015.2728881835938,211.9093475341797,-1019.4343187434678,221.0023391043587,10.0,-1029.658203125,216.28372192382812,15.035705412924864,-1017.5933227539062,216.14315795898438,4.827998271363216,-1023.3113403320312,214.80242919921875,-1017.5933227539062,216.14315795898438
801,801,-1011.8992919921875,211.48635864257812,-1020.5597257898906,216.48604727644326,10.0,-1029.4556884765625,211.19512939453125,17.558811804660724,-1019.3383178710938,214.44276428222656,8.004963481064857,-1024.76123046875,214.05210876464844,-1019.3383178710938,214.44276428222656
802,802,-1008.5127563476562,211.06175231933594,-1018.4681655198935,210.11844525727548,10.0,-1029.1622314453125,207.19473266601562,21.00844265546333,-1021.7640380859375,211.911865234375,13.278522495956482,-1025.8287353515625,211.6945037841797,-1021.7640380859375,211.911865234375
803,803,-1005.0172729492188,210.60516357421875,-1012.5845384833129,204.06784819736026,10.0,-1014.1776123046875,204.6837158203125,10.907582711563135,-1018.2322998046875,208.91708374023438,13.322407752229513,-1021.65966796875,208.65176391601562,-1018.2322998046875,208.91708374023438
804,804,-1001.8306274414062,210.18890380859375,-1004.2101517436865,200.47613571217255,10.0,-1007.3843994140625,203.16668701171875,8.952983405914225,-1012.2279052734375,206.47286987304688,11.041390063148048,-1015.0467529296875,205.98065185546875,-1012.2279052734375,206.47286987304688
805,805,-998.6270751953125,209.77044677734375,-994.9385256699785,200.47557709567752,10.0,-997.6552124023438,203.1358642578125,6.705386081116184,-1000.5562133789062,203.32931518554688,6.723819622375599,-1005.9382934570312,204.12210083007812,-1000.5562133789062,203.32931518554688
806,806,-995.1105346679688,209.3169403076172,-986.7185329645092,203.87871381278148,10.0,-985.453369140625,204.7567901611328,10.67969172687105,-990.843017578125,203.67868041992188,7.071186369577769,-995.6082153320312,203.79965209960938,-990.843017578125,203.67868041992188
807,807,-991.9036254882812,208.9033660888672,-981.9128899054308,209.33371770506662,10.0,-978.795166015625,206.00973510742188,13.42403851316926,-981.5870361328125,203.66236877441406,11.571519726443713,-985.2864379882812,204.47543334960938,-981.5870361328125,203.66236877441406
808,808,-988.7005615234375,208.4902801513672,-980.8072804889349,214.6299963101453,10.0,-980.551025390625,207.1621856689453,8.257043910156707,-974.0070190429688,207.28858947753906,14.742599875900629,-979.1966552734375,205.3028564453125,-974.0070190429688,207.28858947753906
809,809,-985.6278076171875,208.08291625976562,-982.7521919378022,217.6605378050384,10.0,-979.4771728515625,208.7115478515625,6.182676256955395,-970.0739135742188,207.90892028808594,15.55486722855774,-975.281982421875,206.1688232421875,-970.0739135742188,207.90892028808594
810,810,-982.2459106445312,207.6345672607422,-985.4518276710334,217.10674209122246,10.0,-986.4296264648438,206.36476135253906,4.372171669735837,-972.3302612304688,208.30343627929688,9.93818338865712,-976.194091796875,206.30508422851562,-972.3302612304688,208.30343627929688
811,811,-978.8761596679688,207.18783569335938,-986.9775432378235,213.05022294209073,10.0,-985.8607177734375,206.70651245117188,7.001123052206632,-974.6896362304688,208.1973114013672,4.30650899195563,-977.677734375,206.5392608642578,-974.6896362304688,208.1973114013672
812,812,-975.357177734375,206.7058868408203,-985.356827095821,206.78962839640576,10.0,-987.8876953125,203.8807373046875,12.845051213491173,-977.5140380859375,206.02316284179688,2.2623347751791436,-980.1946411132812,205.48094177246094,-977.5140380859375,206.02316284179688
813,813,-972.1574096679688,206.26766967773438,-980.3558386375596,200.54178438106862,10.0,-982.82275390625,202.21142578125,11.410638994762992,-977.917236328125,204.79452514648438,5.945229849635629,-980.20263671875,204.15748596191406,-977.917236328125,204.79452514648438
814,814,-968.9598388671875,205.82974243164062,-972.3239436227122,196.41258791481042,10.0,-974.234619140625,199.68756103515625,8.096276875228769,-974.5730590820312,202.03231811523438,6.777069618881304,-976.7705078125,202.4411163330078,-974.5730590820312,202.03231811523438
815,815,-965.7357788085938,205.41290283203125,-963.0209698036718,195.78846455923863,10.0,-972.7037353515625,202.07879638671875,7.724550742494697,-971.6567993164062,200.76271057128906,7.528796179722408,-973.6509399414062,201.81825256347656,-971.6567993164062,200.76271057128906
816,816,-962.515869140625,204.99661254882812,-954.7265214329583,198.7255630123416,10.0,-964.9759521484375,202.3245849609375,3.6320434793345178,-967.1613159179688,200.9785919189453,6.142040828853005,-969.7700805664062,201.6402587890625,-967.1613159179688,200.9785919189453
817,817,-958.9720458984375,204.53843688964844,-948.9899189558809,203.9408235508704,10.0,-953.9089965820312,201.11131286621094,6.11388971542538,-959.618408203125,201.35940551757812,3.2440753218025304,-962.3043212890625,201.05809020996094,-959.618408203125,201.35940551757812
818,818,-955.5660400390625,204.06813049316406,-947.0841374230985,209.3650473334876,10.0,-956.1688232421875,205.7992706298828,1.83308313039214,-953.89453125,203.3873291015625,1.8048357727837203,-957.5541381835938,202.67295837402344,-953.89453125,203.3873291015625
819,819,-952.4555053710938,203.63864135742188,-948.6118052650451,212.87043259719553,10.0,-954.9410400390625,207.04544067382812,4.217127478265343,-950.41796875,205.16893005371094,2.5482030877244095,-954.092041015625,204.30331420898438,-950.41796875,205.16893005371094
820,820,-949.0557250976562,203.16920471191406,-951.2722489066402,212.92046217975928,10.0,-953.7084350585938,206.97470092773438,6.010782929804549,-950.5267944335938,206.12615966796875,3.3026697690311058,-951.61865234375,205.60955810546875,-950.5267944335938,206.12615966796875
821,821,-944.3060913085938,202.5406951904297,-951.7628103585813,209.20382816295486,10.0,-963.5155029296875,207.1983184814453,19.766004896023446,-953.0397338867188,206.85203552246094,9.739823824948644,-953.4701538085938,206.6365203857422,-953.0397338867188,206.85203552246094
822,822,-939.1292114257812,201.8556365966797,-949.0674260762004,202.9655418008274,10.0,-950.7786254882812,198.25115966796875,12.194306127417919,-950.7162475585938,203.5398712158203,11.708802355297241,-951.0211181640625,203.73617553710938,-950.7162475585938,203.5398712158203
823,823,-935.9391479492188,201.4608917236328,-944.6821005000343,196.60694686463526,10.0,-946.30908203125,193.54827880859375,13.043963201761812,-947.1189575195312,199.69517517089844,11.318387560648873,-947.671630859375,199.75216674804688,-947.1189575195312,199.69517517089844
824,824,-932.447021484375,201.02877807617188,-936.7601553031332,192.00675631486556,10.0,-942.8648681640625,189.03768920898438,15.884512635339615,-943.9515991210938,195.1911163330078,12.900914743803652,-943.9573974609375,194.86817932128906,-943.9515991210938,195.1911163330078
825,825,-929.2332763671875,200.63111877441406,-927.5208976057255,190.77882163226016,10.0,-934.8035888671875,186.50318908691406,15.186401107655497,-937.9943237304688,189.66226196289062,14.038225338459325,-938.188232421875,189.98336791992188,-937.9943237304688,189.66226196289062
826,826,-925.8334350585938,200.18838500976562,-918.7290580872534,193.15078400877897,10.0,-930.9315185546875,184.32167053222656,16.6656258101786,-932.2722778320312,186.64158630371094,14.999148357270597,-933.3743896484375,185.79428100585938,-932.2722778320312,186.64158630371094
827,827,-922.427490234375,199.74485778808594,-912.5594616578683,198.12559498877093,10.0,-915.6751708984375,187.5194091796875,13.966223902367695,-921.6138305664062,184.95608520507812,14.811138935517505,-923.7260131835938,185.42138671875,-921.6138305664062,184.95608520507812
828,828,-919.3170166015625,199.33981323242188,-910.3361279683807,203.7379536756529,10.0,-920.5201416015625,192.7548065185547,6.694013981707906,-917.5763549804688,185.77877807617188,13.672292323827676,-919.2691650390625,185.87753295898438,-917.5763549804688,185.77877807617188
829,829,-915.7903442382812,198.8750457763672,-911.0191793923764,207.6634464279762,10.0,-920.1544799804688,208.5209197998047,10.587188788921486,-914.2499389648438,194.01470947265625,5.098599551995092,-916.334716796875,193.5264434814453,-914.2499389648438,194.01470947265625
830,830,-912.5764770507812,198.4514923095703,-913.7801837276753,208.37878248544413,10.0,-927.9481811523438,206.01980590820312,17.13384538605516,-917.39697265625,199.8235626220703,5.011961175506787,-919.7654418945312,199.33897399902344,-917.39697265625,199.8235626220703
831,831,-909.349609375,198.0262451171875,-916.0828623378641,205.41970875327056,10.0,-924.3082275390625,195.24093627929688,15.21572222080346,-917.9696655273438,199.87139892578125,8.815325328479226,-919.9190063476562,199.35107421875,-917.9696655273438,199.87139892578125
832,832,-905.9432373046875,197.57745361328125,-915.7149915773044,199.70179314254509,10.0,-917.9274291992188,187.6289825439453,15.57539508270537,-915.1470336914062,193.32496643066406,10.138713684018333,-917.9647216796875,193.4686737060547,-915.1470336914062,193.32496643066406
833,833,-902.5552978515625,197.13108825683594,-911.7503796800444,193.20037964800693,10.0,-915.0048828125,183.27951049804688,18.624134130406734,-915.1162109375,188.29933166503906,15.355014231488797,-915.578857421875,186.92034912109375,-915.1162109375,188.29933166503906
834,834,-899.4639282226562,196.7238006591797,-904.6805105078168,188.1922551214621,10.0,-912.066650390625,181.15988159179688,20.026586897897836,-912.9528198242188,184.50929260253906,18.197373538630295,-912.9766845703125,183.630615234375,-912.9528198242188,184.50929260253906
835,835,-896.0448608398438,196.2862548828125,-895.3530085018423,186.31021657382422,10.0,-901.7333984375,179.16461181640625,18.041899048973917,-907.8792724609375,181.382568359375,19.030847863570646,-907.5756225585938,180.4126739501953,-907.8792724609375,181.382568359375
836,836,-892.9456176757812,195.88961791992188,-886.6012895060619,188.15983784058545,10.0,-890.982421875,176.76510620117188,19.225011995648046,-898.4307861328125,178.10690307617188,18.609460503091892,-898.20556640625,177.3385009765625,-898.4307861328125,178.10690307617188
837,837,-889.547607421875,195.4547576904297,-879.8979611615497,192.8309575740738,10.0,-882.78515625,180.35025024414062,16.549226297534133,-889.5447998046875,178.25454711914062,17.200210800434927,-889.975341796875,177.3218536376953,-889.5447998046875,178.25454711914062
838,838,-884.8340454101562,194.8502960205078,-875.4490795386579,198.30318113165907,10.0,-874.5980224609375,191.5157012939453,10.765485953144491,-880.0447998046875,180.89096069335938,14.75804581390355,-880.539794921875,179.83200073242188,-880.0447998046875,180.89096069335938
839,839,-879.6517333984375,194.1857147216797,-874.0035248175407,202.4378501923735,10.0,-873.7481689453125,192.99200439453125,6.0230405608248985,-873.0526733398438,184.576171875,11.657225543803298,-873.9993896484375,183.77587890625,-873.0526733398438,184.576171875
840,840,-876.2372436523438,193.7534637451172,-876.4154125928151,203.7518764105682,10.0,-876.0773315429688,200.6812744140625,6.929656019419525,-870.009765625,191.57139587402344,6.598704628569823,-870.8746337890625,190.6473388671875,-870.009765625,191.57139587402344
841,841,-872.8424072265625,193.32371520996094,-878.7810380237862,201.36937641673975,10.0,-879.9476318359375,190.72122192382812,7.566847960282702,-868.44482421875,192.22494506835938,4.532773117494008,-870.4383544921875,191.96551513671875,-868.44482421875,192.22494506835938
842,842,-869.7149658203125,192.9278106689453,-879.216993178416,196.0441347993676,10.0,-884.879150390625,183.2169189453125,18.00705172288412,-872.1116333007812,189.58453369140625,4.113577027415332,-873.5678100585938,188.9355010986328,-872.1116333007812,189.58453369140625
843,843,-866.3060302734375,192.45855712890625,-875.856069036861,189.49262395078,10.0,-877.182373046875,179.2943115234375,17.076070815220035,-872.6898803710938,184.51246643066406,10.19283569248699,-873.5337524414062,183.8802947998047,-872.6898803710938,184.51246643066406
844,844,-863.181396484375,192.0284423828125,-869.2462991216781,184.07753325240276,10.0,-872.0157470703125,175.1278839111328,19.070255030542153,-871.50537109375,178.95616149902344,15.497518536920568,-871.748291015625,179.063232421875,-871.50537109375,178.95616149902344
845,845,-859.7680053710938,191.55857849121094,-860.1039908555972,181.56422439731358,10.0,-856.2976684570312,175.7186737060547,16.215604271809323,-863.177978515625,177.0336151123047,14.919868565272015,-865.483154296875,176.73825073242188,-863.177978515625,177.0336151123047
846,846,-856.57373046875,191.12693786621094,-851.056497076181,182.7866659466677,10.0,-847.980224609375,178.25970458984375,15.473009892828335,-853.9617309570312,178.2931671142578,13.096877992976284,-854.740234375,176.19976806640625,-853.9617309570312,178.2931671142578
847,847,-853.3815307617188,190.69558715820312,-844.0522429338378,187.09497767860768,10.0,-844.7503051757812,180.41851806640625,13.420737842343422,-845.14404296875,178.36740112304688,14.827015075757181,-847.5714111328125,176.8975067138672,-845.14404296875,178.36740112304688
848,848,-849.8823852539062,190.22274780273438,-840.1925211549085,192.6938879733749,10.0,-841.7791748046875,185.4104461669922,9.424450467676875,-838.0339965820312,179.28387451171875,16.125856969374087,-841.9964599609375,179.15113830566406,-838.0339965820312,179.28387451171875
849,849,-846.4835815429688,189.77587890625,-840.0180187078538,197.40454177894136,10.0,-838.81494140625,191.92906188964844,7.9651891695357975,-833.6890869140625,184.42835998535156,13.867049124398372,-837.5537109375,184.45938110351562,-833.6890869140625,184.42835998535156
850,850,-843.3818359375,189.36807250976562,-842.5325842770283,199.33194583378906,10.0,-836.6806640625,196.4664306640625,9.76178226477952,-834.7862548828125,191.69802856445312,8.905768292768323,-834.4341430664062,190.13600158691406,-834.7862548828125,191.69802856445312
851,851,-839.9762573242188,188.92030334472656,-845.0575073335388,197.53313669634701,10.0,-840.8463134765625,190.57977294921875,1.873722785383331,-839.1011962890625,193.70530700683594,4.86435934750393,-836.1240234375,191.6896209716797,-839.1011962890625,193.70530700683594
852,852,-836.5715942382812,188.47695922851562,-845.703478581585,192.5523350811853,10.0,-842.1387329101562,186.57200622558594,5.884035939324043,-840.4965209960938,192.90623474121094,5.918068233938746,-837.1058959960938,191.18060302734375,-840.4965209960938,192.90623474121094
853,853,-833.4663696289062,188.0725860595703,-843.2704418491476,186.10277188044245,10.0,-843.4129638671875,182.72738647460938,11.291850846698088,-842.2730102539062,189.5088653564453,8.922993741818502,-838.6668701171875,188.4398956298828,-842.2730102539062,189.5088653564453
854,854,-830.0599365234375,187.62899780273438,-836.9090664674195,180.3427491787545,10.0,-834.528076171875,176.38616943359375,12.098159432570412,-838.8695068359375,184.90736389160156,9.22040239019477,-836.784912109375,184.37457275390625,-838.8695068359375,184.90736389160156
855,855,-825.2949829101562,187.01763916015625,-826.6552555694107,177.1105882219363,10.0,-822.6343994140625,167.12818908691406,20.06661228896597,-830.9674682617188,175.7277069091797,12.63485893452443,-829.2039794921875,175.59799194335938,-830.9674682617188,175.7277069091797
856,856,-820.0823364257812,186.3488311767578,-815.4505031636065,177.48620624779844,10.0,-818.5345458984375,166.70458984375,19.705123015753735,-822.9463500976562,168.79270935058594,17.78819799440279,-822.66455078125,169.93467712402344,-822.9463500976562,168.79270935058594
857,857,-816.8784790039062,185.9428253173828,-807.9681402214844,181.40345721350883,10.0,-812.18896484375,171.19131469726562,15.478973113024525,-816.6834106445312,167.00662231445312,18.937207709506502,-816.8395385742188,168.46005249023438,-816.6834106445312,167.00662231445312
858,858,-813.6657104492188,185.53570556640625,-803.7733492554961,186.99898613175623,10.0,-804.3505859375,176.47137451171875,12.997447523948527,-809.7791137695312,167.88198852539062,18.07648635976592,-809.9216918945312,169.22586059570312,-809.7791137695312,167.88198852539062
859,859,-810.1558227539062,185.09091186523438,-802.9412328311429,192.01548349432176,10.0,-808.3639526367188,186.57345581054688,2.325668735364583,-806.425537109375,173.78289794921875,11.907401467767809,-806.1279296875,173.84732055664062,-806.425537109375,173.78289794921875
860,860,-806.9735717773438,184.68875122070312,-805.1058742890687,194.51278837923886,10.0,-813.1820068359375,193.73861694335938,10.974731681225036,-807.737060546875,182.05255126953125,2.744533709714446,-806.8343505859375,181.92318725585938,-807.737060546875,182.05255126953125
861,861,-803.786865234375,184.2860107421875,-807.9570365141547,193.37499701664635,10.0,-813.1804809570312,193.26560974121094,12.995122720782495,-808.4097900390625,188.1360321044922,6.016153109753557,-807.6119384765625,187.56288146972656,-808.4097900390625,188.1360321044922
862,862,-800.2905883789062,183.84413146972656,-808.9558252268974,188.83549104084702,10.0,-814.2012939453125,183.91494750976562,13.910885818910765,-809.575439453125,188.3389129638672,10.315595966811133,-809.0011596679688,187.9078369140625,-809.575439453125,188.3389129638672
863,863,-797.1046752929688,183.42669677734375,-807.0591729017522,182.47381831881611,10.0,-814.0817260742188,171.9589080810547,20.48732366151998,-810.0762329101562,181.689208984375,13.087405046331014,-809.8768310546875,181.4600830078125,-810.0762329101562,181.689208984375
864,864,-793.6173095703125,182.96974182128906,-801.1782861706757,176.425153763301,10.0,-798.94482421875,166.90318298339844,16.926804932435346,-804.0847778320312,173.50076293945312,14.114866378210753,-806.0994262695312,173.8787078857422,-804.0847778320312,173.50076293945312
865,865,-790.435546875,182.55282592773438,-792.8057315371994,172.8377744782013,10.0,-791.8411865234375,166.61813354492188,15.996569762174708,-796.398193359375,169.3754119873047,14.463657602939175,-798.2901611328125,169.6035614013672,-796.398193359375,169.3754119873047
866,866,-787.017578125,182.07899475097656,-783.3200935613349,172.78767579716495,10.0,-787.5641479492188,169.16029357910156,12.930258254998273,-789.3810424804688,167.7662811279297,14.506541111337427,-791.5593872070312,168.1334686279297,-789.3810424804688,167.7662811279297
867,867,-783.9031372070312,181.64724731445312,-775.5059106879842,176.2170919955131,10.0,-781.0330810546875,173.0261993408203,9.086236321012382,-781.789794921875,168.3383331298828,13.475659998177688,-784.8082885742188,169.22000122070312,-781.789794921875,168.3383331298828
868,868,-780.4783325195312,181.17247009277344,-770.4880153249217,181.61242730783837,10.0,-779.1058349609375,174.07040405273438,7.23347023118378,-777.5738525390625,169.23934936523438,12.281505374137414,-779.7291259765625,170.6268310546875,-777.5738525390625,169.23934936523438
869,869,-777.38525390625,180.75494384765625,-769.4978796762379,186.9022463256331,10.0,-777.400390625,176.43638610839844,4.3185842665806655,-773.6605834960938,171.41673278808594,10.05362399622021,-775.9572143554688,172.89584350585938,-773.6605834960938,171.41673278808594
870,870,-773.9856567382812,180.2960205078125,-771.1192509888513,189.87640244590006,10.0,-776.514404296875,179.24526977539062,2.738364715807403,-772.0346069335938,174.80332946777344,5.8289150106770755,-773.6072998046875,175.84791564941406,-772.0346069335938,174.80332946777344
871,871,-770.5824584960938,179.83663940429688,-773.7974812576797,189.30572746189168,10.0,-778.005126953125,178.88748168945312,7.483108137041325,-770.6182250976562,176.52088928222656,3.3159430214942813,-773.1749877929688,177.7028045654297,-770.6182250976562,176.52088928222656
872,872,-767.3694458007812,179.41995239257812,-775.476462138614,185.2745476901296,10.0,-779.5650634765625,175.76902770996094,12.73037083246091,-771.0948486328125,176.52496337890625,4.7180067454580135,-773.9303588867188,177.5111083984375,-771.0948486328125,176.52496337890625
873,873,-763.8470458984375,178.96315002441406,-773.846771152954,179.03727717317872,10.0,-781.496826171875,171.80862426757812,19.04473634645154,-773.2543334960938,174.8385467529297,10.271777455346115,-775.8714599609375,175.55377197265625,-773.2543334960938,174.8385467529297
874,874,-760.6253051757812,178.5453338623047,-768.8182250860143,172.8115686644171,10.0,-778.7763671875,170.30538940429688,19.933833972026385,-773.9423828125,172.1830291748047,14.758844050906532,-776.1672973632812,172.82435607910156,-773.9423828125,172.1830291748047
875,875,-755.6627807617188,177.92140197753906,-759.0178296458207,168.50101732587615,10.0,-764.6815185546875,171.05027770996094,11.337988361205168,-769.339599609375,171.2278289794922,15.226926586537004,-770.7720947265625,171.75439453125,-769.339599609375,171.2278289794922
876,876,-750.708984375,177.29855346679688,-747.9849230111851,167.6767298513812,10.0,-749.9546508789062,168.57659912109375,8.754513500581208,-758.5123901367188,166.91268920898438,12.990739696558183,-761.37744140625,169.7687225341797,-758.5123901367188,166.91268920898438
877,877,-747.311279296875,176.8675537109375,-739.5159057602594,170.60399630123538,10.0,-742.6539306640625,170.43975830078125,7.937723232916742,-750.7386474609375,167.82510375976562,9.670199256037975,-751.9281005859375,169.3295440673828,-750.7386474609375,167.82510375976562
878,878,-744.1982421875,176.47265625,-734.215545271201,175.88464070827163,10.0,-739.9956665039062,174.55978393554688,4.617436828775758,-743.570068359375,169.64015197753906,6.861320353367724,-743.6927490234375,170.63137817382812,-743.570068359375,169.64015197753906
879,879,-740.7926635742188,176.0406494140625,-732.3158577081108,181.34571890543754,10.0,-735.0592651367188,176.25384521484375,5.737360899629567,-736.9950561523438,171.124755859375,6.211910460695501,-736.5675659179688,172.44500732421875,-736.9950561523438,171.124755859375
880,880,-737.4717407226562,175.59373474121094,-733.6369184883794,184.8292173182881,10.0,-733.5328369140625,180.16978454589844,6.037813762309571,-732.2425537109375,174.60781860351562,5.321318204551962,-731.7145385742188,175.50108337402344,-732.2425537109375,174.60781860351562
881,881,-734.1699829101562,175.1494140625,-736.3958812412645,184.89853590087958,10.0,-735.0556640625,177.28277587890625,2.3099055702164812,-729.5299682617188,176.08938598632812,4.734266907906622,-729.971923828125,176.77027893066406,-729.5299682617188,176.08938598632812
882,882,-730.8661499023438,174.70480346679688,-738.3292719116922,181.36076394396153,10.0,-734.705810546875,171.28097534179688,5.144472071525236,-729.2570190429688,173.68785095214844,1.9035478821513019,-729.5590209960938,175.09593200683594,-729.2570190429688,173.68785095214844
883,883,-727.6627807617188,174.2880859375,-737.6020579597055,175.38843532818524,10.0,-735.7793579101562,167.0116424560547,10.90070889186597,-730.3963623046875,168.2548065185547,6.623664287924661,-730.1568603515625,171.22259521484375,-730.3963623046875,168.2548065185547
884,884,-724.46484375,173.87208557128906,-733.203125334801,169.00973686467344,10.0,-734.3335571289062,165.47666931152344,12.956639916650468,-731.1131591796875,165.7830810546875,10.470534471660049,-730.35302734375,167.9012908935547,-731.1131591796875,165.7830810546875
885,885,-720.9396362304688,173.4134979248047,-725.2440936476478,164.38733338255904,10.0,-732.3880004882812,164.91978454589844,14.255111754825698,-730.763916015625,163.32601928710938,14.080969375827397,-729.8605346679688,165.9321746826172,-730.763916015625,163.32601928710938
886,886,-717.4668579101562,172.9767303466797,-715.7450072468789,163.12608416009013,10.0,-721.7910766601562,161.1086883544922,12.631282141025013,-725.6726684570312,162.150390625,13.584732551670806,-726.1156005859375,163.25729370117188,-725.6726684570312,162.150390625
887,887,-714.292236328125,172.5774383544922,-707.181096194595,165.5466712554269,10.0,-708.4664306640625,162.3565673828125,11.764617080685083,-717.5806274414062,160.86424255371094,12.166037645073544,-717.69775390625,161.7957763671875,-717.5806274414062,160.86424255371094
888,888,-711.115234375,172.1778564453125,-701.2456534861705,170.568082213052,10.0,-703.9019775390625,167.060791015625,8.843948936583814,-709.7493286132812,162.25259399414062,10.018808974850195,-710.0515747070312,162.73255920410156,-709.7493286132812,162.25259399414062
889,889,-707.6015014648438,171.72030639648438,-698.6248456651423,176.12707966654102,10.0,-698.708740234375,172.05548095703125,8.89907547378748,-702.039794921875,166.15310668945312,7.869326035186892,-702.6903076171875,165.6551055908203,-702.039794921875,166.15310668945312
890,890,-704.397705078125,171.3031005859375,-699.6349922256964,180.09608450980036,10.0,-698.564453125,177.27919006347656,8.351076205627017,-697.5144653320312,170.85557556152344,6.8977726875913765,-697.935546875,170.223876953125,-697.5144653320312,170.85557556152344
891,891,-701.1989135742188,170.8865509033203,-702.4121644916343,180.8126791621829,10.0,-702.8673706054688,177.6823272705078,6.997594250737299,-695.9165649414062,174.76882934570312,6.555554361209005,-697.0321044921875,173.80035400390625,-695.9165649414062,174.76882934570312
892,892,-696.4530639648438,170.23924255371094,-703.1934224128709,177.62622894818256,10.0,-702.7755126953125,171.34146118164062,6.417806779045401,-696.0573120117188,174.9574737548828,4.734799391327371,-696.8267211914062,173.7704315185547,-696.0573120117188,174.9574737548828
893,893,-691.2417602539062,169.52845764160156,-701.0155524997336,171.64340093526334,10.0,-703.3763427734375,166.75047302246094,12.448505591736515,-696.86572265625,172.9233856201172,6.5692076449359,-697.4675903320312,171.65525817871094,-696.86572265625,172.9233856201172
894,894,-687.8297119140625,169.08030700683594,-697.021010231992,165.1407594146845,10.0,-698.76123046875,162.37582397460938,12.823735440225324,-696.1803588867188,169.69039916992188,8.372903756128567,-696.6622314453125,168.05963134765625,-696.1803588867188,169.69039916992188
895,895,-684.7233276367188,168.67230224609375,-689.9317046811465,160.1357450616617,10.0,-689.7889404296875,159.62071228027344,10.372642569645771,-691.5130615234375,165.12864685058594,7.658849770988366,-692.7991333007812,164.1615447998047,-691.5130615234375,165.12864685058594
896,896,-681.325439453125,168.22601318359375,-680.6239957681221,158.2506446812892,10.0,-681.2200317382812,156.5952606201172,11.631230200592077,-685.7811279296875,161.65037536621094,7.943058133084943,-686.6621704101562,160.0495147705078,-685.7811279296875,161.65037536621094
897,897,-678.1338500976562,167.80465698242188,-671.7820929046608,160.08098036042185,10.0,-672.3074951171875,159.6190643310547,10.047404610771355,-678.07568359375,160.46420288085938,7.3406845565875125,-678.8917236328125,158.641845703125,-678.07568359375,160.46420288085938
898,898,-674.637451171875,167.34304809570312,-664.985286665267,164.72852704255072,10.0,-668.1641845703125,164.01644897460938,7.278010868868377,-671.3880615234375,161.3235321044922,6.840548651666544,-671.9892578125,159.67564392089844,-671.3880615234375,161.3235321044922
899,899,-671.4601440429688,166.923583984375,-662.0785023565808,170.38549086761526,10.0,-664.1360473632812,168.25668334960938,7.444430541753865,-664.1526489257812,163.8136444091797,7.941738414798435,-665.7656860351562,162.43389892578125,-664.1526489257812,163.8136444091797
900,900,-668.0560913085938,166.45306396484375,-662.4158195233903,174.71062620736043,10.0,-664.3477172851562,171.28787231445312,6.093226540607083,-660.7802124023438,168.0015106201172,7.438823892433614,-662.1122436523438,166.28004455566406,-660.7802124023438,168.0015106201172
901,901,-664.9556274414062,166.02450561523438,-665.1434094785943,176.02274235510555,10.0,-668.1031494140625,171.52743530273438,6.339489704536378,-660.4487915039062,170.8980255126953,6.637979086927675,-661.5180053710938,168.94256591796875,-660.4487915039062,170.8980255126953
902,902,-661.5540771484375,165.55435180664062,-667.5004408668483,173.5942994761449,10.0,-668.0797119140625,171.45590209960938,8.79842059433244,-659.75146484375,171.9530487060547,6.647761512838883,-661.8619995117188,170.7205047607422,-659.75146484375,171.9530487060547
903,903,-658.3427124023438,165.1442108154297,-667.8477316222833,168.2513975862209,10.0,-667.9449462890625,168.32421875,10.115104847661245,-660.9633178710938,172.00439453125,7.343683928223531,-662.6617431640625,170.65049743652344,-660.9633178710938,172.00439453125
904,904,-654.8316040039062,164.69580078125,-664.3787866958505,161.72068689323825,10.0,-668.295654296875,159.51882934570312,14.425036690977953,-662.9513549804688,169.36083984375,9.364451151884907,-663.7431640625,167.0917205810547,-662.9513549804688,169.36083984375
905,905,-651.6173095703125,164.28530883789062,-657.6745648395683,156.32857215737437,10.0,-660.2073364257812,154.09588623046875,13.327148774224527,-660.8851318359375,163.9315643310547,9.274570864645495,-661.5575561523438,161.8494873046875,-660.8851318359375,163.9315643310547
906,906,-648.3925170898438,163.879150390625,-648.7188931421796,153.88447787610698,10.0,-650.688232421875,153.95770263671875,10.183586520436439,-655.48046875,159.6151580810547,8.271679947434288,-656.537841796875,157.95933532714844,-655.48046875,159.6151580810547
907,907,-645.1710815429688,163.4734344482422,-639.6458317749208,155.1384710409628,10.0,-645.5765991210938,153.6229248046875,9.858853115039917,-649.7929077148438,156.9087371826172,8.028482257085274,-650.76171875,155.068359375,-649.7929077148438,156.9087371826172
908,908,-641.6295166015625,163.0273895263672,-632.2967712059141,159.43575154628016,10.0,-636.1365966796875,158.28546142578125,7.256586758198225,-641.7764282226562,156.86184692382812,6.167292648167147,-642.9104614257812,155.08375549316406,-641.7764282226562,156.86184692382812
909,909,-638.200927734375,162.5870361328125,-628.513444042593,165.06749167997694,10.0,-631.6181640625,162.51693725585938,6.583136897582134,-634.6660766601562,159.23313903808594,4.872760802555439,-635.8278198242188,157.37156677246094,-634.6660766601562,159.23313903808594
910,910,-634.7903442382812,162.1490020751953,-628.3321191261247,169.78387786990933,10.0,-633.4820556640625,164.25184631347656,2.476605112629783,-630.5512084960938,161.4461669921875,4.297004653778974,-631.9413452148438,160.1315155029297,-630.5512084960938,161.4461669921875
911,911,-631.6621704101562,161.74722290039062,-630.8224991127285,171.71190814942264,10.0,-637.1566162109375,166.23251342773438,7.092726258104304,-630.1858520507812,164.38348388671875,3.02148769421016,-631.28564453125,162.5161590576172,-630.1858520507812,164.38348388671875
912,912,-626.4857177734375,161.0703582763672,-631.5752464195375,169.6783021749139,10.0,-637.3058471679688,166.36651611328125,12.04676255049071,-630.24658203125,166.30487060546875,6.445480532063365,-631.5197143554688,164.41604614257812,-630.24658203125,166.30487060546875
913,913,-621.7866821289062,160.45591735839844,-630.9224806050936,164.52251128974842,10.0,-636.587646484375,162.17428588867188,14.900380406475888,-630.7012939453125,166.1013641357422,10.551842168694094,-631.9380493164062,164.01849365234375,-630.7012939453125,166.1013641357422
914,914,-618.3961181640625,159.98915100097656,-628.1982919344637,158.00991140586433,10.0,-631.29638671875,152.96694946289062,14.687690193647047,-629.14990234375,162.5189971923828,11.047352440085808,-630.4619750976562,160.2834014892578,-629.14990234375,162.5189971923828
915,915,-615.3017578125,159.56317138671875,-622.1438790774412,152.27034089397867,10.0,-625.7933349609375,147.57730102539062,15.929038871827137,-626.2362670898438,157.04759216308594,11.22014402611168,-627.4872436523438,154.9624786376953,-626.2362670898438,157.04759216308594
916,916,-611.9214477539062,159.09780883789062,-613.2721944469641,149.1894546167703,10.0,-616.1880493164062,147.00177001953125,12.82645874699577,-619.7533569335938,152.51763916015625,10.229244076990648,-621.6166381835938,150.71905517578125,-619.7533569335938,152.51763916015625
917,917,-608.7020874023438,158.67800903320312,-604.061735128425,149.8198415718183,10.0,-607.3314819335938,147.19149780273438,11.567994623038693,-612.0823364257812,150.21873474121094,9.109632539658781,-613.8419189453125,147.9490966796875,-612.0823364257812,150.21873474121094
918,918,-605.4775390625,158.25750732421875,-596.5628399299208,153.72670834660005,10.0,-600.6405029296875,147.64378356933594,11.663963755734901,-604.125244140625,149.2190399169922,9.139069680619892,-605.8125,146.65785217285156,-604.125244140625,149.2190399169922
919,919,-601.93359375,157.79537963867188,-592.0426440297866,159.2681707413782,10.0,-597.5462646484375,151.32632446289062,7.816478203943218,-595.692626953125,152.0257568359375,8.49930666851883,-599.24658203125,148.2420196533203,-595.692626953125,152.0257568359375
920,920,-598.6334228515625,157.368896484375,-591.4254940349912,164.3004015283926,10.0,-598.6341552734375,154.4599609375,2.9089356390808576,-589.6895141601562,153.02761840820312,9.941840775976189,-596.1443481445312,150.60797119140625,-589.6895141601562,153.02761840820312
921,921,-595.3250732421875,156.94134521484375,-593.4668221393438,166.76717356866615,10.0,-602.002685546875,154.76504516601562,7.023303211042736,-589.3668823242188,153.6655731201172,6.799317747506329,-595.992919921875,152.47372436523438,-589.3668823242188,153.6655731201172
922,922,-592.0275268554688,156.51519775390625,-596.2064350001401,165.60017033055166,10.0,-602.95947265625,154.23170471191406,11.167890555697864,-589.974365234375,154.04331970214844,3.213355527341211,-597.1082763671875,153.57553100585938,-589.974365234375,154.04331970214844
923,923,-588.8370971679688,156.12680053710938,-597.5071290558795,161.10982643134366,10.0,-605.46142578125,152.7670135498047,16.96043839181121,-593.0226440429688,153.2809600830078,5.061384250679181,-598.5215454101562,153.5986785888672,-593.0226440429688,153.2809600830078
924,924,-585.654296875,155.73931884765625,-595.607873718135,154.77686987352513,10.0,-600.0386352539062,148.53778076171875,16.086371293802827,-594.1433715820312,151.91416931152344,9.311077185553494,-598.2472534179688,151.8326416015625,-594.1433715820312,151.91416931152344
925,925,-582.1520385742188,155.31295776367188,-589.7067192512897,148.7611030745406,10.0,-594.6464233398438,143.44973754882812,17.22920905141497,-593.7608032226562,149.35328674316406,13.049179872141117,-596.1065063476562,148.43362426757812,-593.7608032226562,149.35328674316406
926,926,-578.8421020507812,154.86752319335938,-581.20294488184,145.15019737155848,10.0,-587.0001831054688,139.48936462402344,17.4081029258932,-589.3800048828125,146.32708740234375,13.564160113983943,-591.394287109375,144.0474853515625,-589.3800048828125,146.32708740234375
927,927,-575.53173828125,154.4220428466797,-571.825322097304,145.1342832098575,10.0,-577.4774780273438,137.09771728515625,17.43324867376082,-582.1058959960938,141.9000701904297,14.14281969281629,-584.4483642578125,139.64651489257812,-582.1058959960938,141.9000701904297
928,928,-572.2255249023438,153.9771270751953,-563.8230813303209,148.55504795192797,10.0,-572.166259765625,138.96502685546875,15.012217203449483,-571.6553955078125,139.2785186767578,14.709661327750752,-576.8182373046875,138.11871337890625,-571.6553955078125,139.2785186767578
929,929,-567.457275390625,153.34469604492188,-557.467385819563,153.79425845214394,10.0,-566.3843994140625,144.19085693359375,9.2164978889579,-567.1600952148438,139.76918029785156,13.578768127331411,-569.685546875,138.92022705078125,-567.1600952148438,139.76918029785156
930,930,-562.2377319335938,152.6524200439453,-554.3562717993642,158.807303158396,10.0,-559.99755859375,152.30970764160156,2.266236612374561,-561.1919555664062,143.69293212890625,9.020314401942922,-562.6742553710938,142.12957763671875,-561.1919555664062,143.69293212890625
931,931,-558.7525634765625,152.18739318847656,-555.8953703068671,161.77052666302686,10.0,-563.8369140625,154.76480102539062,5.700320345253329,-559.1513061523438,148.84156799316406,3.369501737509141,-559.883544921875,146.1604461669922,-559.1513061523438,148.84156799316406
932,932,-555.5858764648438,151.76487731933594,-558.8100019894651,161.23086985057557,10.0,-564.59326171875,152.40817260742188,9.030327676223123,-557.6616821289062,151.8138885498047,2.0763841782449646,-559.087646484375,149.0370635986328,-557.6616821289062,151.8138885498047
933,933,-552.3928833007812,151.33885192871094,-560.5055249122569,157.18564986294416,10.0,-564.2312622070312,148.41421508789062,12.194290294175728,-556.7763061523438,152.75791931152344,4.607401451204642,-558.3262329101562,149.6516571044922,-556.7763061523438,152.75791931152344
934,934,-549.3807983398438,150.944091796875,-559.3805902434269,151.00860447029382,10.0,-559.4609375,146.94168090820312,10.84566726439064,-555.7015991210938,151.29591369628906,6.330584583208562,-556.9974975585938,149.21310424804688,-555.7015991210938,151.29591369628906
935,935,-546.6036376953125,150.5801239013672,-554.7910409724414,144.83848410269815,10.0,-556.53173828125,142.50022888183594,12.800464240453875,-554.4092407226562,148.05923461914062,8.202580166857418,-555.4563598632812,146.4919891357422,-554.4092407226562,148.05923461914062
936,936,-543.55908203125,150.18112182617188,-546.9050719424339,140.75751574812216,10.0,-553.666259765625,140.665771484375,13.88153211577813,-552.9594116210938,144.3826141357422,11.04485798159778,-553.3335571289062,143.8737030029297,-552.9594116210938,144.3826141357422
937,937,-541.2498168945312,149.89344787597656,-538.5165056900164,140.2742478125995,10.0,-546.5499877929688,140.4404296875,10.837498070325664,-547.8174438476562,143.42861938476562,9.215624298775785,-549.5504150390625,142.02210998535156,-547.8174438476562,143.42861938476562
938,938,-538.9402465820312,149.60572814941406,-531.1388544227112,143.34966865669028,10.0,-537.1162109375,140.5042724609375,9.282435115950065,-541.1625366210938,142.48794555664062,7.456634767487608,-542.8190307617188,140.88482666015625,-541.1625366210938,142.48794555664062
939,939,-536.4103393554688,149.2905731201172,-526.4270816936896,148.71215591901637,10.0,-531.0941772460938,141.7185516357422,9.251869483136423,-533.1210327148438,141.37759399414062,8.569409362622405,-535.7716064453125,140.63478088378906,-533.1210327148438,141.37759399414062
940,940,-534.8042602539062,149.26890563964844,-526.3325589738332,154.58212287793341,10.0,-532.69873046875,146.8300323486328,3.2220115775411964,-528.465576171875,141.08949279785156,10.348029296844302,-531.833984375,142.5660400390625,-528.465576171875,141.08949279785156
941,941,-533.0557861328125,149.24533081054688,-529.2298453153155,158.48449618740912,10.0,-533.1521606445312,153.19354248046875,3.949387729384937,-525.9027709960938,146.04638671875,7.835743031044962,-529.7708129882812,146.9220733642578,-525.9027709960938,146.04638671875
942,942,-531.4573364257812,149.22377014160156,-533.6926072213361,158.9707473381759,10.0,-536.3219604492188,152.88966369628906,6.091251303607873,-527.952880859375,149.68133544921875,3.5342007339214,-530.2057495117188,149.8458251953125,-527.952880859375,149.68133544921875
943,943,-530.642333984375,149.77406311035156,-538.1118520539827,156.4228449392134,10.0,-546.8814697265625,144.6917724609375,17.015851665382876,-534.1707153320312,148.59739685058594,3.719411031515522,-534.9618530273438,148.42173767089844,-534.1707153320312,148.59739685058594
944,944,-529.7490234375,150.377197265625,-539.6893539949303,151.4679898256547,10.0,-545.1651611328125,138.88690185546875,19.2271732205619,-536.2670288085938,143.5671844482422,9.426593689691158,-537.6019287109375,143.80120849609375,-536.2670288085938,143.5671844482422
945,945,-528.934814453125,150.92697143554688,-537.6684169940194,146.0562233761947,10.0,-542.1573486328125,136.55789184570312,19.527054524230437,-537.1884765625,139.35305786132812,14.215428718094211,-539.2538452148438,140.2358856201172,-537.1884765625,139.35305786132812
946,946,-528.600830078125,152.222412109375,-532.8966071145734,143.19211313020924,10.0,-531.0985717773438,133.65625,18.73342171274666,-533.0691528320312,135.2809600830078,17.520807772325373,-535.4033813476562,136.688232421875,-533.0691528320312,135.2809600830078
947,947,-528.2972412109375,153.39964294433594,-526.565920237567,143.55065681950222,10.0,-528.7355346679688,136.35231018066406,17.052966179226328,-526.6439819335938,134.8970489501953,18.576308856985875,-532.1792602539062,135.50631713867188,-526.6439819335938,134.8970489501953
948,948,-527.9646606445312,154.68955993652344,-520.8467639225321,147.6656332388027,10.0,-519.4757080078125,135.10836791992188,21.342103871443296,-521.9795532226562,134.83566284179688,20.73641098887112,-526.6430053710938,134.4903106689453,-521.9795532226562,134.83566284179688
949,949,-527.4818115234375,157.70904541015625,-517.6106874459804,156.10876123306596,10.0,-516.5388793945312,144.91915893554688,16.832378311196685,-517.9169921875,136.92062377929688,22.88327430311287,-520.8397827148438,136.58840942382812,-517.9169921875,136.92062377929688
950,950,-526.95361328125,161.01251220703125,-517.981198613281,165.4279142301787,10.0,-516.7100830078125,169.21612548828125,13.123611672521095,-515.1005859375,146.1540069580078,19.007089083995535,-517.3154907226562,147.13272094726562,-515.1005859375,146.1540069580078
951,951,-526.5199584960938,163.783935546875,-521.7657020399167,172.58149461453118,10.0,-525.2514038085938,179.8207244873047,16.086883803741053,-516.4979858398438,161.1400909423828,10.3648372015833,-518.4862060546875,162.49057006835938,-516.4979858398438,161.1400909423828
952,952,-526.0477294921875,166.8014373779297,-527.2705235285653,176.726394543812,10.0,-533.401611328125,187.0372314453125,21.53060471966491,-524.8359985351562,173.1857147216797,6.498252773949889,-525.7974243164062,173.94981384277344,-524.8359985351562,173.1857147216797
953,953,-525.6157836914062,169.5618438720703,-532.3632413936346,176.9423461962106,10.0,-534.951171875,186.9596405029297,19.744183957487927,-528.83251953125,181.05654907226562,11.936315893219835,-529.3677978515625,182.91928100585938,-528.83251953125,181.05654907226562
954,954,-525.2650146484375,172.85757446289062,-535.0408358323295,174.96311956584336,10.0,-540.52783203125,166.8912811279297,16.387502879324924,-533.9242553710938,176.8048858642578,9.51649710724864,-534.3642578125,179.40049743652344,-533.9242553710938,176.8048858642578
955,955,-524.9450073242188,175.8642578125,-534.1325136349224,171.91587487884448,10.0,-539.1848754882812,166.6223907470703,16.9760405332031,-536.9686279296875,173.86085510253906,12.189383695762945,-537.5349731445312,176.78958129882812,-536.9686279296875,173.86085510253906
956,956,-524.5945434570312,179.1575927734375,-529.7947104459672,170.616031833704,10.0,-536.0697021484375,161.3566131591797,21.179096822579066,-537.3089599609375,163.5615692138672,20.121936733462707,-538.0538330078125,169.38809204101562,-537.3089599609375,163.5615692138672
957,957,-524.3521118164062,182.2623748779297,-523.6410774328357,172.28768540379664,10.0,-534.084228515625,164.15835571289062,20.554065422084122,-536.8158569335938,161.2527313232422,24.428468323684097,-537.2935180664062,166.7357635498047,-536.8158569335938,161.2527313232422
958,958,-524.0846557617188,185.6880340576172,-517.725475417176,177.97046803291866,10.0,-528.0725708007812,186.81764221191406,4.14481374021015,-532.6785888671875,170.4936065673828,17.456411801319934,-534.0485229492188,174.1646270751953,-532.6785888671875,170.4936065673828
959,959,-523.818359375,189.09841918945312,-514.1636855448188,186.49317961643595,10.0,-523.8922119140625,191.41249084472656,2.3152498403554476,-529.2122192382812,182.05380249023438,8.872448853818662,-530.3013305664062,182.0560760498047,-529.2122192382812,182.05380249023438
960,960,-523.4819946289062,192.2259063720703,-514.1036858002605,195.69683182712467,10.0,-524.6492309570312,192.69534301757812,1.2580983307517581,-526.17822265625,189.71897888183594,3.6816207051686884,-527.3049926757812,189.40806579589844,-526.17822265625,189.71897888183594
961,961,-523.145751953125,195.352294921875,-517.5134221776266,203.6152763027105,10.0,-527.6168212890625,193.49530029296875,4.841372745260094,-527.058837890625,194.49195861816406,4.006547155562163,-526.7264404296875,193.80453491210938,-527.058837890625,194.49195861816406
962,962,-522.7767333984375,198.78321838378906,-522.9741283587506,208.78126995545256,10.0,-530.0870971679688,196.9613800048828,7.533957361289676,-527.1307983398438,198.8824920654297,4.355196525743643,-527.2413330078125,197.74472045898438,-527.1307983398438,198.8824920654297
963,963,-522.39013671875,201.86178588867188,-528.3442278613769,209.89601258856598,10.0,-534.828125,203.0392608642578,12.493598352862294,-531.2843017578125,204.49520874023438,9.275833528972651,-530.5448608398438,202.43740844726562,-531.2843017578125,204.49520874023438
964,964,-521.9644775390625,205.25128173828125,-531.4724798341535,208.3493282770767,10.0,-540.1006469726562,197.6179656982422,19.677097232344458,-534.0345458984375,202.60748291015625,12.356222013365599,-534.064208984375,202.25137329101562,-534.0345458984375,202.60748291015625
965,965,-521.541015625,208.6238555908203,-531.0853334198035,205.63956374319613,10.0,-540.4523315429688,197.61752319335938,21.880978556559494,-538.6826171875,201.5626220703125,18.539027022976303,-537.1826782226562,201.65391540527344,-538.6826171875,201.5626220703125
966,966,-521.0849609375,212.15879821777344,-527.1345632392264,204.1962413425639,10.0,-533.994384765625,195.162109375,21.343398398385872,-538.0051879882812,198.8207244873047,21.5452615275241,-536.2860717773438,200.33352661132812,-538.0051879882812,198.8207244873047
967,967,-520.6695556640625,215.37869262695312,-520.9863219825193,205.38371093114742,10.0,-531.230224609375,197.96694946289062,20.36409901232473,-535.5889282226562,198.42886352539062,22.580619657447297,-534.5922241210938,199.85472106933594,-535.5889282226562,198.42886352539062
968,968,-520.2542114257812,218.59808349609375,-514.7209503899369,210.2684363061339,10.0,-526.1038818359375,201.89828491210938,17.69468611343824,-531.7867431640625,202.0943145751953,20.133893733922346,-531.2606201171875,201.31854248046875,-531.7867431640625,202.0943145751953
969,969,-519.6613159179688,223.44525146484375,-510.3251215819838,219.8625883044668,10.0,-508.3887939453125,210.24649047851562,17.357333988785125,-525.2306518554688,206.69300842285156,17.653757382571698,-524.4625854492188,205.16903686523438,-525.2306518554688,206.69300842285156
970,970,-519.069580078125,228.2828826904297,-509.38448574891834,230.7726513211199,10.0,-504.055908203125,222.39163208007812,16.128148589473426,-514.9502563476562,213.4647216796875,15.380075543919897,-515.7882690429688,212.2116241455078,-514.9502563476562,213.4647216796875
971,971,-518.7904052734375,231.05148315429688,-512.33952385439,238.69256481315824,10.0,-519.598876953125,236.46969604492188,5.478198370357872,-513.18798828125,224.00718688964844,9.000510319892488,-514.6504516601562,222.5813446044922,-513.18798828125,224.00718688964844
972,972,-518.5115356445312,233.81707763671875,-517.6814454863623,243.78256559914743,10.0,-525.1331787109375,245.79705810546875,13.688173323366323,-515.6953125,235.787841796875,3.4372989649941497,-517.666259765625,234.8122100830078,-515.6953125,235.787841796875
973,973,-518.232177734375,236.58731079101562,-523.3299803123625,245.19035727908388,10.0,-527.0671997070312,245.88818359375,12.828244156936004,-517.5218505859375,243.26405334472656,6.71442147815743,-520.650634765625,243.43292236328125,-517.5218505859375,243.26405334472656
974,974,-518.051513671875,238.63043212890625,-527.1912178355778,242.6882403796733,10.0,-531.6160888671875,242.73599243164062,14.172273128495496,-521.2116088867188,247.13246154785156,9.070320060917913,-524.6966552734375,247.88621520996094,-521.2116088867188,247.13246154785156
975,975,-517.8709716796875,240.6731719970703,-527.671237938866,238.6845088156327,10.0,-531.57275390625,243.1566925048828,13.925038969312412,-524.8485107421875,249.8695068359375,11.543770001055798,-527.7093505859375,250.19436645507812,-524.8485107421875,249.8695068359375
976,976,-517.69091796875,242.7098846435547,-524.5260242296163,235.41047902373418,10.0,-526.3082885742188,233.60394287109375,12.537035204363347,-525.260009765625,247.11300659179688,8.756633686560864,-527.7099609375,247.41151428222656,-525.260009765625,247.11300659179688
977,977,-517.8472900390625,243.9736785888672,-519.18850951726,234.06403024438475,10.0,-523.732177734375,233.1378173828125,12.33076604527559,-524.1181640625,243.8278350830078,6.272569756170478,-526.5535888671875,244.12367248535156,-524.1181640625,243.8278350830078
978,978,-518.0042724609375,245.24192810058594,-513.355405464936,236.38822629549404,10.0,-518.908203125,232.0294952392578,13.243318041961228,-521.9349975585938,240.2078094482422,6.386935916323256,-524.2548217773438,240.5556182861328,-521.9349975585938,240.2078094482422
979,979,-518.16064453125,246.50587463378906,-509.2415932894906,241.98364897081404,10.0,-509.0455322265625,238.97238159179688,11.825345227130164,-516.468017578125,240.30392456054688,6.428776766495629,-518.2711181640625,240.33062744140625,-516.468017578125,240.30392456054688
980,980,-519.0594482421875,247.0860137939453,-509.16991913893247,248.56831407252307,10.0,-509.1492919921875,248.8445587158203,10.064972783950607,-510.7469482421875,243.9669189453125,8.878423786053904,-513.7659912109375,244.1778106689453,-510.7469482421875,243.9669189453125
981,981,-519.9502563476562,247.66099548339844,-512.7489953004714,254.59942753468343,10.0,-518.2919311523438,253.91802978515625,6.4730611542594065,-512.9822998046875,247.73004150390625,6.96829862575141,-514.120849609375,248.86000061035156,-512.9822998046875,247.73004150390625
982,982,-520.7648315429688,248.18679809570312,-518.9160285433717,258.01440856156313,10.0,-530.7098999023438,261.128173828125,16.32126191568408,-523.0592651367188,253.51622009277344,5.8023412808094506,-522.4595947265625,255.29052734375,-523.0592651367188,253.51622009277344
983,983,-522.4957275390625,248.53414916992188,-526.6833686855362,257.6150996503705,10.0,-538.671875,263.6317138671875,22.127001750488382,-534.210693359375,256.80157470703125,14.338436078692068,-533.1630859375,260.7342834472656,-534.210693359375,256.80157470703125
984,984,-524.0712280273438,248.85031127929688,-532.7460469403737,253.8249988902064,10.0,-543.3004150390625,261.86834716796875,23.221345601200678,-542.624267578125,259.147216796875,21.21889581978252,-539.4308471679688,263.234130859375,-542.624267578125,259.147216796875
985,985,-525.6464233398438,249.16641235351562,-535.5990702159875,248.19439375349478,10.0,-548.65869140625,254.84432983398438,23.70238866602169,-547.6063842773438,259.78485107421875,24.39243991981641,-545.7009887695312,262.6342468261719,-547.6063842773438,259.78485107421875
986,986,-528.2562255859375,249.64382934570312,-535.8046033559746,243.08471408213205,10.0,-548.3602294921875,234.92819213867188,24.914272043780002,-551.119140625,251.19537353515625,22.915500724514313,-549.4378662109375,254.01634216308594,-551.119140625,251.19537353515625
987,987,-530.6328735351562,250.07859802246094,-532.9843723526492,240.35900681133847,10.0,-542.0911254882812,233.13015747070312,20.458278885521175,-548.735107421875,244.28115844726562,19.00792406649157,-546.7430419921875,246.18441772460938,-548.735107421875,244.28115844726562
988,988,-533.0095825195312,250.5133819580078,-529.29423814161,241.22919022401993,10.0,-539.7985229492188,233.1271514892578,18.66469185575632,-545.252685546875,236.86248779296875,18.336861324753787,-543.478271484375,240.34619140625,-545.252685546875,236.86248779296875
989,989,-536.2267456054688,251.0026092529297,-527.8190927479062,245.5886113376438,10.0,-538.8525390625,246.55020141601562,5.169016040331263,-542.3378295898438,238.96401977539062,13.50085123511843,-541.6219482421875,241.14816284179688,-542.3378295898438,238.96401977539062
990,990,-539.2073974609375,251.45587158203125,-529.2179447483346,251.91503876582337,10.0,-535.050048828125,251.353271484375,4.158614484992212,-539.103271484375,243.81063842773438,7.645942205023213,-539.583740234375,244.82168579101562,-539.103271484375,243.81063842773438
991,991,-542.1599731445312,251.90487670898438,-534.2844343919099,258.0673347701771,10.0,-541.3573608398438,263.1309509277344,11.254729178284087,-539.5418090820312,251.9757843017578,2.6191240797028743,-539.8628540039062,252.80154418945312,-539.5418090820312,251.9757843017578
992,992,-546.8526000976562,252.40948486328125,-544.0046221489597,261.99536101539894,10.0,-543.9400634765625,262.85601806640625,10.844949309849506,-541.4268798828125,256.9832458496094,7.09631801780482,-541.4749145507812,257.73626708984375,-541.4268798828125,256.9832458496094
993,993,-551.99462890625,252.96241760253906,-555.2278542134411,262.42530585681635,10.0,-551.5443115234375,263.6682434082031,10.715292433082993,-543.1583251953125,260.5053405761719,11.61791505641548,-544.1559448242188,261.4859924316406,-543.1583251953125,260.5053405761719
994,994,-555.5509033203125,253.31015014648438,-563.6691627058959,259.1491453124686,10.0,-573.0493774414062,265.36907958984375,21.25122057404015,-556.0969848632812,264.01446533203125,10.718235332511624,-557.6084594726562,264.6456604003906,-556.0969848632812,264.01446533203125
995,995,-558.78271484375,253.62615966796875,-568.7825641523344,253.6810578064034,10.0,-573.1851196289062,262.04296875,16.68148490749116,-562.9321899414062,262.81121826171875,10.0788612926605,-566.428955078125,264.6866760253906,-562.9321899414062,262.81121826171875
996,996,-562.0130615234375,253.9420166015625,-570.1949405988148,248.19250750983096,10.0,-574.3134765625,251.5245361328125,12.535725824617522,-570.3253784179688,260.24041748046875,10.429020365619998,-572.8959350585938,260.9353332519531,-570.3253784179688,260.24041748046875
997,997,-565.5612182617188,254.36781311035156,-568.8981461068663,244.94099431733986,10.0,-574.9464111328125,252.26763916015625,9.617306059843783,-575.6655883789062,256.2979431152344,10.287064561907865,-576.8333129882812,257.52911376953125,-575.6655883789062,256.2979431152344
998,998,-568.7978515625,254.7562255859375,-566.0552930440285,245.13965796683559,10.0,-572.6019287109375,252.79751586914062,4.278731903956928,-577.7134399414062,252.16934204101562,9.283301277943949,-578.9539794921875,255.4403839111328,-577.7134399414062,252.16934204101562
999,999,-572.031494140625,255.14427185058594,-564.2240905704077,248.89571605810409,10.0,-573.5962524414062,257.3910827636719,2.73799704510905,-579.7999267578125,252.69180297851562,8.146358014245168,-578.798828125,256.0152282714844,-579.7999267578125,252.69180297851562
1000,1000,-575.412353515625,255.59678649902344,-565.4285443371467,255.0279681732528,10.0,-574.4931640625,260.359375,4.850480231932753,-580.5604858398438,253.83981323242188,5.439689466064999,-577.8258666992188,258.2860412597656,-580.5604858398438,253.83981323242188
1001,1001,-578.7808837890625,256.0476379394531,-570.3142949264828,261.36899801297204,10.0,-575.0204467773438,262.1285705566406,7.149729226612646,-581.9559326171875,256.1763000488281,3.1776546381516604,-577.6791381835938,260.20489501953125,-581.9559326171875,256.1763000488281
1002,1002,-581.845703125,256.4578552246094,-578.0286472610811,265.700694860334,10.0,-577.28466796875,262.1075744628906,7.261017089082888,-581.605224609375,257.2917175292969,0.867845757986955,-578.4605102539062,261.4432067871094,-581.605224609375,257.2917175292969
1003,1003,-585.3081665039062,256.9237060546875,-587.5528076975667,266.6685295990993,10.0,-584.3448486328125,260.9367370605469,4.127032732455281,-586.1136474609375,257.7249450683594,1.1361265462834047,-581.966796875,261.605712890625,-586.1136474609375,257.7249450683594
1004,1004,-588.458984375,257.3476257324219,-595.9348915998512,263.9892227666764,10.0,-587.874267578125,261.271240234375,3.9669439739533288,-590.5850219726562,257.7854919433594,2.1706595046963773,-586.1856079101562,261.7531433105469,-590.5850219726562,257.7854919433594
1005,1005,-591.6088256835938,257.77142333984375,-601.5502004113698,258.8526580608623,10.0,-595.4352416992188,259.5587158203125,4.223253951086962,-598.02490234375,258.4071960449219,6.447499254868056,-592.9044189453125,261.2725524902344,-598.02490234375,258.4071960449219
1006,1006,-594.8023071289062,258.2281188964844,-603.5312225523267,253.34897598704072,10.0,-595.3453369140625,258.3528137207031,0.5571625855652801,-602.0380249023438,259.00531005859375,7.277337273982858,-595.9098510742188,260.37750244140625,-602.0380249023438,259.00531005859375
1007,1007,-598.3035888671875,258.7288513183594,-602.5906815517773,249.69442625011422,10.0,-595.5986938476562,255.05679321289062,4.560752985705728,-602.9124145507812,256.7738037109375,5.006344507626237,-597.4275512695312,258.51788330078125,-602.9124145507812,256.7738037109375
1008,1008,-601.4945068359375,259.1851806640625,-599.7537171529525,249.33786370564113,10.0,-591.5479125976562,257.009033203125,10.181864009735865,-602.052001953125,256.4867248535156,2.755442717089596,-596.1471557617188,257.6058044433594,-602.052001953125,256.4867248535156
1009,1009,-605.0093994140625,259.64288330078125,-597.8847526835623,252.6258034975032,10.0,-591.9552001953125,257.3017883300781,13.262459911519604,-601.4834594726562,256.8179016113281,4.518049802309547,-594.9986572265625,257.0902099609375,-601.4834594726562,256.8179016113281
1010,1010,-608.211181640625,260.059814453125,-598.3385234996618,258.4690218105489,10.0,-591.1519165039062,261.18243408203125,17.096163365974057,-599.6597900390625,258.34527587890625,8.721579033968432,-593.0921630859375,259.4872741699219,-599.6597900390625,258.34527587890625
1011,1011,-611.4108276367188,260.4764709472656,-602.4426623948142,264.9004976417934,10.0,-595.4876098632812,261.75421142578125,15.974400927444924,-599.5992431640625,258.7392578125,11.938653074375535,-594.3285522460938,260.7647399902344,-599.5992431640625,258.7392578125
1012,1012,-614.6166381835938,260.896240234375,-609.8708425186247,269.69836631313353,10.0,-601.258056640625,262.68853759765625,13.478279959941856,-603.5284423828125,261.8375549316406,11.128079774864629,-598.43310546875,261.7388916015625,-603.5284423828125,261.8375549316406
1013,1013,-617.8286743164062,261.31683349609375,-619.0610103413628,271.24061039410964,10.0,-608.871337890625,260.9790954589844,8.96370140211833,-608.1817016601562,264.586181640625,10.185907849602073,-604.0999755859375,261.900634765625,-608.1817016601562,264.586181640625
1014,1014,-621.3577270507812,261.7789001464844,-628.1122777696868,269.15291157756667,10.0,-633.6552734375,261.4184265136719,12.302828470455582,-613.9218139648438,265.72113037109375,8.41629268534788,-611.3075561523438,262.0807189941406,-613.9218139648438,265.72113037109375
1015,1015,-624.5689697265625,262.1638488769531,-634.3468108114982,264.25999384277554,10.0,-645.6286010742188,253.73464965820312,22.683903367113903,-630.5806884765625,258.07501220703125,7.270443428182312,-629.7261962890625,257.1953430175781,-630.5806884765625,258.07501220703125
1016,1016,-628.0838012695312,262.5851745605469,-637.2675070798416,258.6279599353753,10.0,-645.0639038085938,252.2064208984375,19.900814300320114,-642.8787231445312,252.33221435546875,18.0003585034929,-641.0135498046875,254.07078552246094,-642.8787231445312,252.33221435546875
1017,1017,-631.2944946289062,262.97003173828125,-636.4864467551829,254.42347493928602,10.0,-645.4542846679688,249.688720703125,19.41372907925978,-648.9387817382812,248.2763671875,22.96137290165687,-647.9874877929688,251.41172790527344,-648.9387817382812,248.2763671875
1018,1018,-636.2056884765625,263.5716552734375,-635.4850640517227,253.5976540483361,10.0,-644.9636840820312,249.4989776611328,16.575365522523825,-653.3276977539062,248.00445556640625,23.140892558672824,-651.6258544921875,249.54937744140625,-653.3276977539062,248.00445556640625
1019,1019,-641.1087036132812,264.1722717285156,-634.7421059957807,256.4608234354363,10.0,-645.6362915039062,249.37210083007812,15.477212627934346,-653.2554931640625,247.7211151123047,20.44957335501329,-653.0172729492188,248.41094970703125,-653.2554931640625,247.7211151123047
1020,1020,-644.251953125,264.578125,-634.5947788962753,261.9821693154676,10.0,-645.6764526367188,252.02426147460938,12.634424730593004,-653.4379272460938,248.96055603027344,18.11879082824155,-653.0250244140625,249.65440368652344,-653.4379272460938,248.96055603027344
1021,1021,-647.6988525390625,265.0231628417969,-638.323885237709,268.50310366005124,10.0,-646.6693115234375,259.2340087890625,5.879988039881118,-653.8310546875,254.78733825683594,11.932141807881443,-652.3787231445312,253.01651000976562,-653.8310546875,254.78733825683594
1022,1022,-650.8513793945312,265.4302062988281,-645.2269968354087,273.6985991794694,10.0,-653.732177734375,263.9123229980469,3.2562200155451855,-654.6318969726562,258.6639099121094,7.750811567277025,-654.6082763671875,257.39306640625,-654.6318969726562,258.6639099121094
1023,1023,-654.1315307617188,265.8473205566406,-654.3385384626811,275.8451777176398,10.0,-659.6951904296875,264.3594970703125,5.75916032312452,-657.7235717773438,262.13189697265625,5.167894258434433,-658.16015625,261.2314147949219,-657.7235717773438,262.13189697265625
1024,1024,-657.3931884765625,266.2621154785156,-663.3550015392892,274.29061378175396,10.0,-665.666748046875,264.4232482910156,8.47544810005782,-661.5536499023438,264.5660400390625,4.492895633300407,-662.8206176757812,263.8089599609375,-661.5536499023438,264.5660400390625
1025,1025,-660.6553955078125,266.6769714355469,-670.1663720886123,269.7658748784336,10.0,-672.0302734375,261.875732421875,12.34664909931827,-665.9319458007812,264.6487731933594,5.652925888762479,-668.21435546875,264.0401306152344,-665.9319458007812,264.6487731933594
1026,1026,-663.78076171875,267.1202697753906,-673.3222057933991,264.12680272690926,10.0,-681.0321044921875,261.4348449707031,18.164054687662393,-672.6904907226562,263.9990539550781,9.44061751793903,-675.1976318359375,264.00567626953125,-672.6904907226562,263.9990539550781
1027,1027,-667.2107543945312,267.6067810058594,-673.2526981363189,259.63841129674876,10.0,-681.2564697265625,260.3660583496094,15.802220849399296,-678.5599975585938,263.718994140625,11.996674835407864,-680.3781127929688,263.40020751953125,-678.5599975585938,263.718994140625
1028,1028,-670.6227416992188,268.0907287597656,-670.9298979909706,258.09544712229103,10.0,-672.9967651367188,253.48875427246094,14.793702924207189,-677.4378662109375,261.0526123046875,9.796989606275552,-680.2313232421875,260.664306640625,-677.4378662109375,261.0526123046875
1029,1029,-674.087158203125,268.5827941894531,-668.5458910145742,260.25847091695283,10.0,-672.5572509765625,258.3975524902344,10.29950312361682,-676.6303100585938,260.4741516113281,8.498100130014697,-679.6341552734375,259.6061706542969,-676.6303100585938,260.4741516113281
1030,1030,-677.2631225585938,269.0339050292969,-667.9234879128906,265.4602200005373,10.0,-670.8795166015625,260.26654052734375,10.845142014964702,-675.6638793945312,260.6868591308594,8.49886780273837,-678.0307006835938,259.7368469238281,-675.6638793945312,260.6868591308594
1031,1031,-680.7330932617188,269.5267639160156,-671.0503972482386,272.02584332862637,10.0,-672.1033935546875,261.83978271484375,11.556876611814502,-673.3133544921875,261.4872131347656,10.940150829507909,-676.7938842773438,260.7471618652344,-673.3133544921875,261.4872131347656
1032,1032,-685.8041381835938,270.20654296875,-679.3606064210155,277.8538234281451,10.0,-689.5132446289062,267.2680969238281,4.732011811225299,-679.4965209960938,263.5312194824219,9.184006654569087,-684.2084350585938,264.4964904785156,-679.4965209960938,263.5312194824219
1033,1033,-690.8638916015625,270.8848571777344,-690.0433833500082,280.85113864120564,10.0,-695.5761108398438,267.9451904296875,5.553976119790255,-687.1168212890625,265.9730529785156,6.177892554769935,-690.950927734375,266.3680725097656,-687.1168212890625,265.9730529785156
1034,1034,-694.037353515625,271.26202392578125,-699.1434253129609,279.8601650504925,10.0,-702.91748046875,268.19091796875,9.396187870776634,-694.53466796875,267.6730651855469,3.6232508199670264,-697.6207275390625,267.8136901855469,-694.53466796875,267.6730651855469
1035,1035,-697.209228515625,271.6390075683594,-706.3528299178656,275.6880263873999,10.0,-714.27734375,263.8009338378906,18.78179856824602,-705.7282104492188,266.0201416015625,10.205131451271212,-706.5467529296875,265.9048156738281,-705.7282104492188,266.0201416015625
1036,1036,-700.698486328125,272.0537109375,-710.4968360164625,270.05562600810964,10.0,-722.3636474609375,263.2986755371094,23.36728165133511,-716.2279052734375,264.0528564453125,17.469302372567363,-716.2947998046875,264.43743896484375,-716.2279052734375,264.0528564453125
1037,1037,-703.9252319335938,272.4674987792969,-710.7533168718373,265.16152478015545,10.0,-722.517822265625,263.02874755859375,20.851245523015326,-722.9824829101562,262.84014892578125,21.350987798827475,-722.712890625,263.66314697265625,-722.9824829101562,262.84014892578125
1038,1038,-707.1751708984375,272.88427734375,-708.5068619219155,262.97334403663973,10.0,-714.0127563476562,260.42742919921875,14.210054203671413,-722.4088745117188,262.70025634765625,18.324301062419178,-722.8858032226562,262.673583984375,-722.4088745117188,262.70025634765625
1039,1039,-710.4207763671875,273.30047607421875,-705.7633989466347,264.45124811001057,10.0,-714.6231079101562,262.7702331542969,11.337795480144933,-720.93212890625,260.3027648925781,16.71613077724033,-722.2969970703125,262.4953918457031,-720.93212890625,260.3027648925781
1040,1040,-713.5922241210938,273.7209167480469,-704.6688290151557,269.20726858017656,10.0,-709.2317504882812,263.45648193359375,11.15223530789278,-718.6336669921875,260.6291809082031,14.028887822017515,-720.0233154296875,262.8842468261719,-718.6336669921875,260.6291809082031
1041,1041,-717.0750732421875,274.1826477050781,-707.1869738980263,275.6744557892496,10.0,-713.6405029296875,263.7572326660156,10.976591090507876,-717.0225830078125,260.3389892578125,13.84375795906782,-718.44140625,263.2191467285156,-717.0225830078125,260.3389892578125
1042,1042,-720.2451782226562,274.6029052734375,-713.0505916018901,281.54825791792524,10.0,-720.1435546875,266.95501708984375,7.6485633299104325,-716.58837890625,263.78814697265625,11.416268144397545,-719.8919067382812,264.48638916015625,-716.58837890625,263.78814697265625
1043,1043,-723.6806030273438,275.0738830566406,-721.8412498400756,284.90326654964196,10.0,-732.491943359375,284.4233703613281,12.847281086182917,-726.6693115234375,270.0329284667969,5.8603414278939185,-729.2365112304688,270.1794738769531,-726.6693115234375,270.0329284667969
1044,1044,-727.10986328125,275.54400634765625,-731.3062335583616,284.6209263372438,10.0,-738.8641357421875,282.635986328125,13.728040687924961,-730.8672485351562,274.6407775878906,3.8644231314311175,-735.0567626953125,275.9325866699219,-730.8672485351562,274.6407775878906
1045,1045,-730.2329711914062,275.9721374511719,-738.9125691103286,280.93848218002813,10.0,-745.9323120117188,280.8662109375,16.444490186135607,-736.7387084960938,277.85296630859375,6.772158818908004,-740.8536376953125,279.62750244140625,-736.7387084960938,277.85296630859375
1046,1046,-733.3509521484375,276.4074401855469,-743.3026598571064,275.4258528581943,10.0,-753.6286010742188,277.93524169921875,20.335122901581283,-743.6998291015625,279.5168762207031,10.805917205293126,-748.0221557617188,281.0717468261719,-743.6998291015625,279.5168762207031
1047,1047,-736.769287109375,276.8846435546875,-744.3113549944624,270.31827378009103,10.0,-750.7681274414062,269.7834167480469,15.69697272728268,-748.3216552734375,277.4701232910156,11.567194850943578,-752.333984375,278.5481872558594,-748.3216552734375,277.4701232910156
1048,1048,-740.2003784179688,277.3636474609375,-742.542531048111,267.6417998455344,10.0,-743.0390625,260.0687255859375,17.526335897155775,-749.0216674804688,268.810302734375,12.287182213005416,-750.96630859375,270.8210754394531,-749.0216674804688,268.810302734375
1049,1049,-745.4420166015625,278.07855224609375,-741.7177474642272,268.797936997486,10.0,-742.3858032226562,264.50714111328125,13.911277452241135,-748.1387329101562,266.16888427734375,12.211161696370466,-749.442138671875,268.0671081542969,-748.1387329101562,266.16888427734375
1050,1050,-750.2391967773438,278.7328796386719,-741.8263424064919,273.32696793620767,10.0,-743.0038452148438,271.459716796875,10.259103759893746,-748.0632934570312,266.9941101074219,11.938729637911662,-748.2308349609375,268.4965515136719,-748.0632934570312,266.9941101074219
1051,1051,-753.653564453125,279.1732177734375,-743.664557833489,279.6419893093348,10.0,-756.4804077148438,284.03955078125,5.627809500085283,-753.1982421875,274.12860107421875,5.065123493816371,-752.2029418945312,274.3773193359375,-753.1982421875,274.12860107421875
1052,1052,-757.0562133789062,279.6120300292969,-749.1866032882435,285.7820573404957,10.0,-760.53515625,287.34503173828125,8.479525867139582,-757.763671875,280.2726135253906,0.9679194589461831,-757.3612060546875,280.6435241699219,-757.763671875,280.2726135253906
1053,1053,-760.165771484375,280.0130615234375,-757.3270113894205,289.60167149169115,10.0,-764.881103515625,289.8464050292969,10.905457380099149,-764.0824584960938,284.4273681640625,5.901401550922656,-762.6775512695312,286.0129089355469,-764.0824584960938,284.4273681640625
1054,1054,-763.2543334960938,280.3863525390625,-766.4966555969787,289.8461277686392,10.0,-766.8289794921875,289.4855651855469,9.776183548979134,-764.70947265625,288.3070983886719,8.05330024210723,-766.3401489257812,289.10595703125,-764.70947265625,288.3070983886719
1055,1055,-766.6630859375,280.79833984375,-774.7869555924635,286.62952684376654,10.0,-768.3204345703125,285.26788330078125,4.766930165733113,-767.6137084960938,288.94873046875,8.205641388032701,-769.1637573242188,289.45477294921875,-767.6137084960938,288.94873046875
1056,1056,-770.0208129882812,281.20416259765625,-780.0207104577484,281.2494461503586,10.0,-771.3101196289062,279.85577392578125,1.8656000707548628,-771.0996704101562,285.2507019042969,4.187888930824498,-772.041259765625,287.0199890136719,-771.0996704101562,285.2507019042969
1057,1057,-773.1937866210938,281.5900573730469,-781.3701339311801,275.8326843032482,10.0,-784.1456909179688,276.9439697265625,11.896652392447374,-777.5582885742188,281.7294921875,4.366728680180796,-778.3214111328125,283.96331787109375,-777.5582885742188,281.7294921875
1058,1058,-776.659423828125,282.0115661621094,-779.987286522493,272.58154336852965,10.0,-772.0425415039062,269.44561767578125,13.387257514395381,-777.399658203125,276.22576904296875,5.8329576746096485,-778.6845703125,278.3774108886719,-777.399658203125,276.22576904296875
1059,1059,-779.8145751953125,282.3952941894531,-777.0627718981751,272.7813679044297,10.0,-772.0491333007812,268.4861145019531,15.930077444774199,-776.892822265625,271.5516662597656,11.230356488537499,-777.923583984375,273.756591796875,-776.892822265625,271.5516662597656
1060,1060,-783.226318359375,282.8505859375,-775.4129105956264,276.60953962158527,10.0,-767.5439453125,274.5380859375,17.749210704460957,-771.2716064453125,270.1950988769531,17.40909215576439,-773.5361938476562,272.90936279296875,-771.2716064453125,270.1950988769531
1061,1061,-786.3276977539062,283.26446533203125,-776.3433462880193,282.7052464074211,10.0,-771.9913940429688,277.88079833984375,15.313832778733401,-771.0784912109375,271.0819091796875,19.51801666653478,-773.37939453125,273.9427490234375,-771.0784912109375,271.0819091796875
1062,1062,-789.7410888671875,283.7200012207031,-781.2796202488348,289.04949921025457,10.0,-785.8154296875,289.59197998046875,7.063351509744038,-776.8176879882812,276.8471374511719,14.637299842233544,-778.242919921875,279.16766357421875,-776.8176879882812,276.8471374511719
1063,1063,-794.7310180664062,284.35400390625,-790.9228506846515,293.6005092565182,10.0,-790.6972045898438,293.4277648925781,9.929994441121686,-784.6719360351562,283.68829345703125,10.081086335986596,-785.2669677734375,285.05987548828125,-784.6719360351562,283.68829345703125
1064,1064,-799.7288818359375,284.989013671875,-801.9828913526983,294.7316745557584,10.0,-796.69384765625,290.141357421875,5.979805899026776,-794.6831665039062,287.16766357421875,5.495976583727196,-793.474365234375,288.06964111328125,-794.6831665039062,287.16766357421875
1065,1065,-803.2737426757812,285.4498596191406,-810.7560321449545,292.08426571912423,10.0,-804.6590576171875,279.6235046386719,5.988782000149647,-798.4588623046875,283.5730895996094,5.167720841353102,-799.7203979492188,285.13702392578125,-798.4588623046875,283.5730895996094
1066,1066,-806.5119018554688,285.870849609375,-816.4543115635274,286.94252549186,10.0,-810.6204833984375,275.50836181640625,11.147268524380753,-802.4276733398438,278.2563781738281,8.640665356938879,-805.9496459960938,279.8766174316406,-802.4276733398438,278.2563781738281
1067,1067,-809.747314453125,286.2914733886719,-818.4715346898363,281.40394013954125,10.0,-810.7410888671875,273.1456604003906,13.183322294054305,-807.9761962890625,275.06011962890625,11.370143659078083,-810.9950561523438,276.49346923828125,-807.9761962890625,275.06011962890625
1068,1068,-812.9500732421875,286.7332458496094,-817.2284776118207,277.69470304394076,10.0,-809.3768310546875,269.5513610839844,17.5495077945151,-810.3425903320312,271.53289794921875,15.422371523850234,-813.5437622070312,273.0396423339844,-810.3425903320312,271.53289794921875
1069,1069,-816.4637451171875,287.2178955078125,-814.713488333819,277.37225681891715,10.0,-809.6243896484375,269.6560974121094,18.846578882708723,-810.9559936523438,270.25146484375,17.8380238725294,-814.8662109375,270.5334777832031,-810.9559936523438,270.25146484375
1070,1070,-819.673828125,287.66070556640625,-812.5424379722051,280.6504791443412,10.0,-804.68017578125,275.0095520019531,19.617882075204115,-807.1980590820312,271.096435546875,20.736920082149112,-811.116455078125,271.4099426269531,-807.1980590820312,271.096435546875
1071,1071,-823.1801147460938,288.1172790527344,-813.3059316681641,286.5359794152433,10.0,-804.714111328125,276.38092041015625,21.880022770089884,-805.2727661132812,274.4172058105469,22.546954160116474,-809.38671875,273.43115234375,-805.2727661132812,274.4172058105469
1072,1072,-826.3926391601562,288.5356140136719,-817.4287316347187,292.9682612898946,10.0,-822.7765502929688,282.2942810058594,7.213205695792073,-810.0653076171875,281.337890625,17.843457548744762,-814.0716552734375,278.7682189941406,-810.0653076171875,281.337890625
1073,1073,-829.5901489257812,288.9519958496094,-824.8528184391561,297.758680802558,10.0,-829.4788818359375,288.068359375,0.8906142737135879,-819.1026611328125,284.4571838378906,11.410115478309573,-822.7920532226562,282.5453186035156,-819.1026611328125,284.4571838378906
1074,1074,-832.8850708007812,289.3601379394531,-834.1269476751145,299.28272539580723,10.0,-831.2049560546875,288.1084899902344,2.0950914416380897,-825.1441650390625,287.9521789550781,7.867907632496255,-828.7528686523438,285.85699462890625,-825.1441650390625,287.9521789550781
1075,1075,-836.1798706054688,289.76824951171875,-842.9415080969716,297.13576323301606,10.0,-837.833740234375,282.6461181640625,7.311637277839098,-829.47265625,287.757568359375,7.002111332062385,-835.0328369140625,285.9222717285156,-829.47265625,287.757568359375
1076,1076,-839.475830078125,290.176513671875,-849.2556820252158,292.26325656283774,10.0,-842.3532104492188,279.3244934082031,11.227005905543143,-835.2109985351562,286.0812683105469,5.912683203028954,-840.6823120117188,284.4515075683594,-835.2109985351562,286.0812683105469
1077,1077,-842.8385620117188,290.597412109375,-852.0184588319814,286.6313694508386,10.0,-846.9540405273438,275.3990783691406,15.745682325390588,-842.1800537109375,280.453125,10.165637911101772,-846.1171875,281.45166015625,-842.1800537109375,280.453125
1078,1078,-845.8959350585938,290.9800720214844,-851.0796675226358,282.4285272638843,10.0,-842.04052734375,273.36962890625,18.027531039013148,-843.3218994140625,273.826904296875,17.345224774787386,-845.69873046875,277.20465087890625,-843.3218994140625,273.826904296875
1079,1079,-849.2593994140625,291.4010314941406,-848.5291856141163,281.42772773829483,10.0,-842.3211059570312,273.5791320800781,19.12485332808709,-844.0355834960938,271.0487060546875,21.01202997185742,-846.2000732421875,274.92608642578125,-844.0355834960938,271.0487060546875
1080,1080,-854.4178466796875,292.11773681640625,-848.043837674677,284.41241338360703,10.0,-841.5307006835938,275.79571533203125,20.79631980089348,-846.6915893554688,270.0805358886719,23.352371977368396,-845.3792114257812,274.5903015136719,-846.6915893554688,270.0805358886719
1081,1081,-859.1144409179688,292.770263671875,-849.4547752180414,290.18359427559574,10.0,-841.2839965820312,279.0788879394531,22.48062531744427,-846.4841918945312,271.4511413574219,24.779591737005216,-845.1292724609375,275.5788269042969,-846.4841918945312,271.4511413574219
1082,1082,-862.5338134765625,293.2342529296875,-853.1621963689632,296.723205894196,10.0,-859.2854614257812,296.8765869140625,4.880408579160951,-848.14453125,279.1603088378906,20.127775468111015,-850.585693359375,281.0072326660156,-848.14453125,279.1603088378906
1083,1083,-865.939208984375,293.69635009765625,-860.3227788409537,301.9701468345883,10.0,-864.0428466796875,301.17413330078125,7.714494903982896,-854.821044921875,289.1676330566406,12.005117665323061,-857.7017211914062,290.2845153808594,-854.821044921875,289.1676330566406
1084,1084,-869.0409545898438,294.1172180175781,-869.2575748400909,304.11487152563603,10.0,-872.5287475585938,303.20526123046875,9.734332500599582,-861.7808837890625,297.3541259765625,7.948974850085569,-865.5353393554688,297.62335205078125,-861.7808837890625,297.3541259765625
1085,1085,-872.4600219726562,294.5491638183594,-878.4295514442291,302.5719263031911,10.0,-882.6023559570312,301.39544677734375,12.236769549398563,-870.998779296875,300.956298828125,6.571651937746605,-875.4623413085938,301.6017761230469,-870.998779296875,300.956298828125
1086,1086,-875.572998046875,294.94244384765625,-885.0869401211919,298.02220133917115,10.0,-887.1251220703125,298.5265197753906,12.095336692653365,-880.2267456054688,302.4328918457031,8.818399942765225,-884.2218017578125,302.8211975097656,-880.2267456054688,302.4328918457031
1087,1087,-878.9981079101562,295.3751220703125,-888.5366694442943,292.3724825882132,10.0,-887.497314453125,288.6907958984375,10.812803902413837,-887.3058471679688,300.1568298339844,9.585575658924135,-889.2850952148438,299.42803955078125,-887.3058471679688,300.1568298339844
1088,1088,-882.3956909179688,295.7874755859375,-888.4299705144902,287.81330040909285,10.0,-887.3684692382812,284.69580078125,12.155401029826598,-890.63671875,295.0688171386719,8.272303771751853,-891.9141235351562,294.5138244628906,-890.63671875,295.0688171386719
1089,1089,-885.5015869140625,296.1644287109375,-885.7991328951663,286.16885637169,10.0,-887.7457275390625,284.78790283203125,11.595753887445138,-892.2509155273438,291.39495849609375,8.264459018008298,-893.0848999023438,290.6432800292969,-892.2509155273438,291.39495849609375
1090,1090,-888.9042358398438,296.577392578125,-883.3549676210758,288.2584009183039,10.0,-885.9915161132812,289.24664306640625,7.888207946616964,-889.1366577148438,288.6527099609375,7.928090218402679,-892.7291259765625,289.5807189941406,-889.1366577148438,288.6527099609375
1091,1091,-892.020263671875,296.9745178222656,-882.6771973502531,293.40981422872886,10.0,-885.748046875,294.7500305175781,6.655001676612617,-889.9497680664062,291.21124267578125,6.123911533191013,-891.647216796875,290.9567565917969,-889.9497680664062,291.21124267578125
1092,1092,-895.447265625,297.4112854003906,-885.7669768781799,299.91967328470736,10.0,-887.2373046875,298.21002197265625,8.248723459248135,-889.310302734375,294.20941162109375,6.922016268361207,-890.7220458984375,293.8941955566406,-889.310302734375,294.20941162109375
1093,1093,-898.8613891601562,297.846435546875,-892.4252130106142,305.4999077374606,10.0,-889.1738891601562,300.47918701171875,10.038876258109616,-889.9328002929688,298.2416687011719,8.937332286847123,-890.6229248046875,297.21319580078125,-889.9328002929688,298.2416687011719
1094,1094,-902.1046142578125,298.29241943359375,-901.2936886713728,308.25948518502014,10.0,-894.6240234375,303.68841552734375,9.223665912461753,-889.3385009765625,299.21807861328125,12.799628636278765,-892.8026733398438,300.9012756347656,-889.3385009765625,299.21807861328125
1095,1095,-905.6054077148438,298.7738037109375,-910.7197440113426,307.367031523949,10.0,-911.1058349609375,299.9505615234375,5.624896340275993,-895.0418701171875,300.1810302734375,10.65685756568524,-899.6715698242188,301.6917724609375,-895.0418701171875,300.1810302734375
1096,1096,-908.8185424804688,299.2156677246094,-917.9660326686658,303.255893368907,10.0,-921.7543334960938,301.04083251953125,13.063916553949152,-904.807861328125,300.273193359375,4.147761296645677,-909.4274291992188,302.395751953125,-904.807861328125,300.273193359375
1097,1097,-913.5447387695312,299.84765625,-923.3411628291806,297.84015141973816,10.0,-925.737060546875,290.31414794921875,15.477095685022938,-914.6581420898438,296.5731506347656,3.4586202419294825,-918.299560546875,298.83209228515625,-914.6581420898438,296.5731506347656
1098,1098,-918.7246704101562,300.5403747558594,-925.5457277137186,293.22783913122703,10.0,-925.45458984375,285.8580017089844,16.151281493128163,-921.1214599609375,291.15863037109375,9.683063970242864,-924.4899291992188,293.4390563964844,-921.1214599609375,291.15863037109375
1099,1099,-922.111083984375,301.0141906738281,-923.4332453220852,291.10198156601246,10.0,-925.296875,285.8065185546875,15.537778337926053,-926.592529296875,287.8463134765625,13.909577346964797,-928.2638549804688,289.5657653808594,-926.592529296875,287.8463134765625
1100,1100,-925.2088012695312,301.4476318359375,-920.5429177298279,292.60288589306697,10.0,-920.2748413085938,285.511474609375,16.682477874879815,-927.5913696289062,285.7059326171875,15.92098383519967,-928.1322631835938,286.770263671875,-927.5913696289062,285.7059326171875
1101,1101,-928.5899047851562,301.92071533203125,-919.6621740640559,297.4156488317983,10.0,-920.11328125,289.8618469238281,14.740062884639407,-927.2330932617188,286.05157470703125,15.927038697955066,-927.3551025390625,286.65997314453125,-927.2330932617188,286.05157470703125
1102,1102,-931.7897338867188,302.3522033691406,-921.9030734424656,303.85351787984104,10.0,-921.90966796875,301.47589111328125,9.91885203605624,-925.3059692382812,290.37158203125,13.622572872194445,-926.9541015625,291.58929443359375,-925.3059692382812,290.37158203125
1103,1103,-935.2999877929688,302.8255615234375,-928.1120822494818,309.7778283406641,10.0,-934.572265625,307.7193908691406,4.9476403687634996,-928.6512451171875,297.3565368652344,8.609065563740854,-931.2611694335938,299.4591369628906,-928.6512451171875,297.3565368652344
1104,1104,-938.4960327148438,303.2565612792969,-936.666131040249,313.08770871290375,10.0,-952.2867431640625,308.99212646484375,14.935876361695305,-943.7597045898438,300.9442138671875,5.7491905658061935,-944.7858276367188,305.2640686035156,-943.7597045898438,300.9442138671875
1105,1105,-941.70751953125,303.6622619628906,-945.9126150597665,312.7351430706783,10.0,-955.0423583984375,307.59149169921875,13.901682413819545,-954.7981567382812,302.4721984863281,13.144619947505479,-952.859619140625,307.8433837890625,-954.7981567382812,302.4721984863281
1106,1106,-944.9290161132812,304.0692443847656,-953.6133850144524,309.0272416405505,10.0,-962.259765625,307.87396240234375,17.7434708507446,-962.51171875,304.5197448730469,17.58847300652385,-960.249755859375,309.43914794921875,-962.51171875,304.5197448730469
1107,1107,-948.4531860351562,304.51446533203125,-958.4039453767354,303.52331018475263,10.0,-964.41064453125,303.3752746582031,15.998069791255805,-966.8848266601562,305.05987548828125,18.439708467535247,-965.698486328125,309.4473571777344,-966.8848266601562,305.05987548828125
1108,1108,-951.8549194335938,304.90740966796875,-959.3906704616502,298.33379145246926,10.0,-963.6884765625,296.44732666015625,14.54668618009496,-970.0741577148438,302.1429443359375,18.427775560847493,-968.3194580078125,306.2412109375,-970.0741577148438,302.1429443359375
1109,1109,-954.9683837890625,305.26702880859375,-957.3011880667076,295.5429337760367,10.0,-962.62646484375,291.09259033203125,16.11089418890271,-969.9435424804688,297.0083923339844,17.10147520690974,-968.814453125,300.40325927734375,-969.9435424804688,297.0083923339844
1110,1110,-958.3796997070312,305.66107177734375,-954.6465092530912,296.3840415933565,10.0,-960.608642578125,290.95086669921875,14.878115464100087,-967.6319580078125,293.1728210449219,15.542222814649488,-966.0747680664062,295.914794921875,-967.6319580078125,293.1728210449219
1111,1111,-961.5794067382812,306.0605773925781,-953.1613586312003,300.6627569002988,10.0,-961.3952026367188,296.84344482421875,9.218973041165894,-966.4434204101562,293.8855285644531,13.110699560565594,-964.8681030273438,295.0354919433594,-966.4434204101562,293.8855285644531
1112,1112,-964.777587890625,306.4599304199219,-954.789036598051,306.93830587457876,10.0,-961.5635375976562,306.0034484863281,3.246304828790728,-966.5857543945312,297.0715637207031,9.560904527545922,-964.13330078125,298.1253967285156,-966.5857543945312,297.0715637207031
1113,1113,-968.275634765625,306.8966979980469,-960.4119606117921,313.07428885552036,10.0,-966.2117309570312,311.0335998535156,4.623165137966475,-966.9618530273438,301.9833984375,5.085915357879191,-965.330322265625,303.6314697265625,-966.9618530273438,301.9833984375
1114,1114,-971.4708862304688,307.36328125,-968.6413466134803,316.95461617043173,10.0,-968.1682739257812,309.42919921875,3.895544260905966,-968.4569091796875,305.1736755371094,3.72537660385622,-966.9794921875,306.74346923828125,-968.4569091796875,305.1736755371094
1115,1115,-974.9241333007812,307.86749267578125,-978.1755491980729,317.3241461357976,10.0,-975.1551513671875,309.8644104003906,2.0102362413072665,-971.65478515625,307.1519775390625,3.3467296277147307,-970.6300659179688,308.81170654296875,-971.65478515625,307.1519775390625
1116,1116,-978.1102294921875,308.3327331542969,-986.239701906616,314.15610659784716,10.0,-988.1471557617188,307.81036376953125,10.05051037082928,-974.2514038085938,308.29400634765625,3.8590200079703334,-977.4191284179688,309.0659484863281,-974.2514038085938,308.29400634765625
1117,1117,-981.3295288085938,308.78125,-991.3294651947805,308.8169189251077,10.0,-993.1087036132812,306.2962646484375,12.038443058671042,-983.9518432617188,309.78857421875,2.809134239004709,-985.4181518554688,308.5782165527344,-983.9518432617188,309.78857421875
1118,1118,-984.5541381835938,309.2304992675781,-992.7249461699623,303.4652675419755,10.0,-993.5791015625,298.91876220703125,13.70335306399331,-990.3113403320312,307.1924133300781,6.107304713751281,-991.3950805664062,305.9412536621094,-990.3113403320312,307.1924133300781
1119,1119,-988.0980224609375,309.7242126464844,-991.416816928165,300.29099456969317,10.0,-993.93408203125,294.59033203125,16.22017058431886,-992.11376953125,303.0645751953125,7.776695668069727,-995.150146484375,301.8111877441406,-992.11376953125,303.0645751953125
1120,1120,-993.0588989257812,310.3374328613281,-990.2978533938169,300.72615679774424,10.0,-994.049560546875,294.7499694824219,15.618912415282043,-992.98974609375,299.5426330566406,10.795021303242493,-997.239013671875,298.44097900390625,-992.98974609375,299.5426330566406
1121,1121,-998.004150390625,310.94873046875,-990.1847456562599,304.7151993987874,10.0,-993.6316528320312,298.9301452636719,12.789258197082077,-995.1041259765625,297.87152099609375,13.394907584372834,-998.0360107421875,297.62872314453125,-995.1041259765625,297.87152099609375
1122,1122,-1001.4414672851562,311.3778076171875,-991.4565827616526,310.8281886106954,10.0,-994.4100341796875,305.6884765625,9.044862595225728,-996.3714599609375,302.06622314453125,10.602385564534273,-998.6119995117188,300.98968505859375,-996.3714599609375,302.06622314453125
1123,1123,-1004.563232421875,311.76751708984375,-996.1068918697484,317.10514806870134,10.0,-1000.5490112304688,307.25531005859375,6.039369509013085,-999.2564697265625,304.8614807128906,8.709481542787735,-1000.8755493164062,303.9097595214844,-999.2564697265625,304.8614807128906
1124,1124,-1007.991943359375,312.1955261230469,-1004.1926679801513,321.44568864015025,10.0,-1013.810302734375,310.5938720703125,6.034782640766015,-1006.0650024414062,309.0124816894531,3.720869947683526,-1007.7898559570312,307.22308349609375,-1006.0650024414062,309.0124816894531
1125,1125,-1011.1024780273438,312.6106262207031,-1013.3658537835415,322.35111543769096,10.0,-1018.4120483398438,311.2896728515625,7.427969840866703,-1012.224609375,311.4264831542969,1.6313716814726276,-1014.704345703125,309.7382507324219,-1012.224609375,311.4264831542969
1126,1126,-1014.516845703125,313.0662536621094,-1022.0055104997997,319.69346269480525,10.0,-1022.17236328125,310.1248779296875,8.201136542471488,-1016.9331665039062,313.2142639160156,2.4208496953651486,-1020.2496948242188,310.6526794433594,-1016.9331665039062,313.2142639160156
1127,1127,-1017.91845703125,313.52020263671875,-1027.8618925285714,314.58231868998655,10.0,-1026.38134765625,307.66680908203125,10.289933616732911,-1022.91259765625,311.50946044921875,5.383727772358821,-1025.4757080078125,310.0210266113281,-1022.91259765625,311.50946044921875
1128,1128,-1021.011474609375,313.92449951171875,-1029.7309915944836,309.0285804410639,10.0,-1027.174560546875,305.51092529296875,10.429374833010122,-1026.387939453125,310.3119201660156,6.477430335023336,-1029.0804443359375,308.9498596191406,-1026.387939453125,310.3119201660156
1129,1129,-1024.3590087890625,314.3620910644531,-1028.6287208886706,305.3194388768226,10.0,-1028.4598388671875,300.7242126464844,14.241086161980501,-1028.4437255859375,306.3996887207031,8.9490090174515,-1031.8336181640625,306.3610534667969,-1028.4437255859375,306.3996887207031
1130,1130,-1027.7122802734375,314.8003845214844,-1025.9525580076668,304.95643320367753,10.0,-1023.325439453125,301.81890869140625,13.702667153137106,-1026.7943115234375,303.6194763183594,11.218528195475754,-1030.558349609375,304.3082275390625,-1026.7943115234375,303.6194763183594
1131,1131,-1030.82763671875,315.1929016113281,-1023.6895097361021,308.1895350509093,10.0,-1022.3787231445312,305.4734191894531,12.878372534359881,-1024.9561767578125,303.2182312011719,13.336670255530946,-1028.581298828125,304.3356628417969,-1024.9561767578125,303.2182312011719
1132,1132,-1034.2225341796875,315.6206359863281,-1024.3468352927412,314.04883081571506,10.0,-1021.98388671875,307.9481506347656,14.444774942623823,-1022.8883666992188,304.51190185546875,15.870328492675737,-1026.6556396484375,305.958251953125,-1022.8883666992188,304.51190185546875
1133,1133,-1037.608154296875,316.04718017578125,-1028.6485127743724,320.48844393604656,10.0,-1025.288330078125,310.4343566894531,13.538162957712382,-1022.9158935546875,307.3066711425781,17.095584923480374,-1026.6298828125,308.4644775390625,-1022.9158935546875,307.3066711425781
1134,1134,-1040.8140869140625,316.4633483886719,-1036.0852259850926,325.27458407468447,10.0,-1036.216064453125,312.506591796875,6.066113523337143,-1027.436279296875,309.2400207519531,15.203361430613453,-1031.455322265625,310.99591064453125,-1027.436279296875,309.2400207519531
1135,1135,-1044.037109375,316.88177490234375,-1045.2885259506859,326.80316374434057,10.0,-1040.276611328125,313.083740234375,5.344755644521383,-1032.56591796875,311.4281311035156,12.701592930153302,-1035.9879150390625,312.5382385253906,-1032.56591796875,311.4281311035156
1136,1136,-1047.5550537109375,317.3384704589844,-1054.3237717244047,324.69947965977775,10.0,-1047.90185546875,313.13421630859375,4.218533444255081,-1041.332275390625,311.7861022949219,8.339769916073587,-1042.965576171875,313.42047119140625,-1041.332275390625,311.7861022949219
1137,1137,-1052.29833984375,317.9920654296875,-1062.0801936122489,320.0694043167505,10.0,-1056.09765625,310.4324951171875,8.460609225370934,-1051.8631591796875,311.87005615234375,6.137457112050301,-1051.95654296875,313.0645751953125,-1051.8631591796875,311.87005615234375
1138,1138,-1057.4918212890625,318.70770263671875,-1066.6679006331437,314.7328356111285,10.0,-1058.687255859375,307.05926513671875,11.709618268897772,-1058.904541015625,310.4775085449219,8.350561167638197,-1057.7314453125,311.51300048828125,-1058.904541015625,310.4775085449219
1139,1139,-1060.5850830078125,319.0982360839844,-1065.7605910176449,310.54171127304846,10.0,-1058.5294189453125,300.7678527832031,18.44528955292961,-1059.2952880859375,307.8499755859375,11.321966930371078,-1060.45751953125,307.47857666015625,-1059.2952880859375,307.8499755859375
1140,1140,-1063.97998046875,319.5268249511719,-1063.2401779687268,309.5542278841607,10.0,-1056.9534912109375,301.70416259765625,19.15773589591363,-1060.5076904296875,306.15753173828125,13.812849059032535,-1061.3074951171875,304.6106262207031,-1060.5076904296875,306.15753173828125
1141,1141,-1067.3673095703125,319.9544677734375,-1060.9858950700893,312.2552763239188,10.0,-1056.8466796875,301.6814880371094,21.085194843192358,-1056.255615234375,302.2740783691406,20.88219146792019,-1060.93994140625,302.50537109375,-1056.255615234375,302.2740783691406
1142,1142,-1070.587646484375,320.3657531738281,-1060.9254982428888,317.78837245698696,10.0,-1057.74658203125,310.300537109375,16.315682968035254,-1056.531982421875,304.2564697265625,21.379211992545475,-1061.278076171875,304.6571350097656,-1056.531982421875,304.2564697265625
1143,1143,-1074.0977783203125,320.8140563964844,-1064.7295200698316,324.3120182819678,10.0,-1061.733642578125,318.3570556640625,12.605899620826753,-1057.248046875,309.7368469238281,20.16477174381744,-1062.55859375,310.048095703125,-1057.248046875,309.7368469238281
1144,1144,-1077.303955078125,321.2235107421875,-1071.6954825423768,329.50270368689877,10.0,-1083.8123779296875,335.8419494628906,16.001822353897488,-1065.56640625,318.1893310546875,12.123378195398185,-1069.7845458984375,318.42529296875,-1065.56640625,318.1893310546875
1145,1145,-1080.6295166015625,321.66131591796875,-1080.8557492008463,331.65875653099675,10.0,-1092.063232421875,335.6315612792969,18.052634514534834,-1079.7724609375,327.41748046875,5.819619811205223,-1085.6080322265625,327.6268005371094,-1079.7724609375,327.41748046875
1146,1146,-1083.95361328125,322.09893798828125,-1089.930853643283,330.1159572382572,10.0,-1098.4456787109375,334.2034912109375,18.882271291835135,-1088.4937744140625,333.2076416015625,12.000681608959933,-1094.744140625,332.7975158691406,-1088.4937744140625,333.2076416015625
1147,1147,-1087.2816162109375,322.5370788574219,-1096.7985149838378,325.6076875505588,10.0,-1105.33984375,325.97552490234375,18.382668279017444,-1097.1234130859375,332.96746826171875,14.34064115909844,-1103.2962646484375,332.7642517089844,-1097.1234130859375,332.96746826171875
1148,1148,-1090.677734375,323.01129150390625,-1100.213404550935,319.9994823639063,10.0,-1107.4715576171875,321.004150390625,16.913341317979157,-1105.791259765625,328.4458923339844,16.06093197530431,-1109.3607177734375,330.48162841796875,-1105.791259765625,328.4458923339844
1149,1149,-1094.0728759765625,323.4853820800781,-1100.099485849573,315.5054088070319,10.0,-1108.72998046875,312.3020935058594,18.43628637847532,-1110.232421875,323.03826904296875,16.165730225129373,-1113.030029296875,325.3627014160156,-1110.232421875,323.03826904296875
1150,1150,-1097.167236328125,323.9174499511719,-1097.4551717235204,313.9215961503163,10.0,-1105.200439453125,314.6347351074219,12.276039561596662,-1109.114990234375,317.551025390625,13.538101236489798,-1112.835693359375,321.2903137207031,-1109.114990234375,317.551025390625
1151,1151,-1100.553955078125,324.3746337890625,-1094.9966909590275,316.0609814322104,10.0,-1105.2886962890625,314.1566162109375,11.26168981820319,-1108.7279052734375,314.4493713378906,12.857849607150163,-1111.845458984375,318.0514831542969,-1108.7279052734375,314.4493713378906
1152,1152,-1103.6607666015625,324.79400634765625,-1094.3142772409933,321.23828748464626,10.0,-1105.060302734375,320.6786193847656,4.346850726834071,-1108.17919921875,314.54571533203125,11.200165269182593,-1110.7720947265625,318.3785400390625,-1108.17919921875,314.54571533203125
1153,1153,-1107.063232421875,325.2532958984375,-1097.3853598904236,327.7709899356429,10.0,-1102.31591796875,331.8888244628906,8.158874545335458,-1106.5018310546875,321.1990966796875,4.092884410827296,-1108.688720703125,323.40118408203125,-1106.5018310546875,321.1990966796875
1154,1154,-1110.615234375,325.73876953125,-1104.1864197882624,333.3984263779598,10.0,-1109.9698486328125,334.8667297363281,9.150747524749484,-1108.302001953125,326.8972473144531,2.5871055277643595,-1109.6929931640625,328.67669677734375,-1108.302001953125,326.8972473144531
1155,1155,-1113.8463134765625,326.18035888671875,-1113.0449713048768,336.14819971228764,10.0,-1116.98681640625,336.90472412109375,11.174737953600832,-1110.94677734375,332.0708312988281,6.565437915577826,-1113.2001953125,333.169677734375,-1110.94677734375,332.0708312988281
1156,1156,-1117.0816650390625,326.6225280761719,-1122.2042611069,335.2108346336822,10.0,-1123.4625244140625,337.9364013671875,12.989191476326852,-1115.333740234375,335.134033203125,8.689128877453204,-1118.348388671875,336.5704040527344,-1115.333740234375,335.134033203125
1157,1157,-1122.319091796875,327.2924499511719,-1131.470462314853,331.3238786858368,10.0,-1131.9210205078125,333.94927978515625,11.683767303765952,-1123.1168212890625,336.2657470703125,9.008686559709089,-1125.0416259765625,337.1153259277344,-1123.1168212890625,336.2657470703125
1158,1158,-1127.08984375,327.9026794433594,-1136.8843331248938,325.88575656801413,10.0,-1135.6483154296875,327.6579284667969,8.561970598673023,-1127.4649658203125,333.5353698730469,5.645167671941081,-1131.4161376953125,334.95037841796875,-1127.4649658203125,333.5353698730469
1159,1159,-1130.270751953125,328.2547912597656,-1137.0847753164458,320.93570076953955,10.0,-1137.310302734375,321.4403381347656,9.797553092207245,-1133.00146484375,329.0790710449219,2.852407764546082,-1136.2763671875,330.34075927734375,-1133.00146484375,329.0790710449219
1160,1160,-1133.4552001953125,328.6073303222656,-1134.7678306250148,318.6938545768462,10.0,-1132.74462890625,322.58758544921875,6.061537749895985,-1136.3958740234375,325.42047119140625,4.336315680777994,-1137.422119140625,326.97076416015625,-1136.3958740234375,325.42047119140625
1161,1161,-1136.94482421875,328.9936218261719,-1132.2704388731581,320.1533660809507,10.0,-1133.2060546875,323.1859130859375,6.90708899748643,-1136.6492919921875,322.34832763671875,6.6518624580876935,-1137.7354736328125,324.8066711425781,-1136.6492919921875,322.34832763671875
1162,1162,-1140.09765625,329.3922424316406,-1131.1655981667614,324.89576176364574,10.0,-1132.6029052734375,329.81463623046875,7.50664430501226,-1136.93212890625,323.5975341796875,6.602969565981852,-1137.1959228515625,326.2322998046875,-1136.93212890625,323.5975341796875
1163,1163,-1143.5587158203125,329.829833984375,-1133.673503415451,331.3406535337494,10.0,-1133.830810546875,335.830322265625,11.429698185971128,-1135.06591796875,328.0586242675781,8.675528756702976,-1137.0517578125,330.422607421875,-1135.06591796875,328.0586242675781
1164,1164,-1146.71826171875,330.2292785644531,-1139.5370438972275,337.1884531275639,10.0,-1138.27587890625,340.05865478515625,12.957255281922922,-1136.921142578125,332.75,10.116203834009388,-1138.396240234375,335.0397033691406,-1136.921142578125,332.75
1165,1165,-1150.083251953125,330.6872863769531,-1148.2628034828128,340.5201886629996,10.0,-1140.6431884765625,348.4552307128906,20.120006072725296,-1138.9993896484375,339.2660827636719,14.015981986077579,-1140.28857421875,344.09039306640625,-1138.9993896484375,339.2660827636719
1166,1166,-1153.4630126953125,331.1473083496094,-1157.6768295879363,340.2161421883914,10.0,-1152.90380859375,346.9629211425781,15.825495797741096,-1141.5279541015625,345.248779296875,18.47422817096352,-1145.2000732421875,347.2978515625,-1141.5279541015625,345.248779296875
1167,1167,-1156.532470703125,331.5650939941406,-1165.2216025584898,336.51473919355465,10.0,-1163.577392578125,339.96484375,10.962970408877018,-1150.654541015625,345.5072937011719,15.130597809800381,-1154.548828125,347.05169677734375,-1150.654541015625,345.5072937011719
1168,1168,-1159.7401123046875,332.0107116699219,-1169.6899140804383,331.0099896189666,10.0,-1167.3662109375,332.52581787109375,7.643475306159522,-1157.9346923828125,343.37060546875,11.502466179691936,-1161.80712890625,343.5256652832031,-1157.9346923828125,343.37060546875
1169,1169,-1162.9468994140625,332.4561767578125,-1170.4763266188447,325.8753161782313,10.0,-1167.636474609375,324.88848876953125,8.90292182378721,-1163.151611328125,337.5940856933594,5.141985530680882,-1167.168212890625,338.0617980957031,-1163.151611328125,337.5940856933594
1170,1170,-1166.4691162109375,332.9454650878906,-1168.7925699795799,323.2191316273835,10.0,-1166.507080078125,316.3736877441406,16.571820828926363,-1167.626220703125,327.735595703125,5.336818322948481,-1169.7093505859375,329.0027160644531,-1167.626220703125,327.735595703125
1171,1171,-1169.7039794921875,333.3763427734375,-1165.9618711727012,324.1029062299963,10.0,-1163.4110107421875,326.72833251953125,9.154097226079653,-1166.8118896484375,324.2438049316406,9.579531882935294,-1168.6036376953125,326.36676025390625,-1166.8118896484375,324.2438049316406
1172,1172,-1172.9459228515625,333.8081970214844,-1164.522688790113,328.41847272927436,10.0,-1163.015380859375,334.21014404296875,9.93867323472703,-1167.038330078125,325.9093933105469,9.863607476004455,-1168.1312255859375,328.3088073730469,-1167.038330078125,325.9093933105469
1173,1173,-1176.497802734375,334.28131103515625,-1166.5097160025375,334.7692899663512,10.0,-1160.251953125,341.50811767578125,17.78073012425,-1166.679443359375,331.08416748046875,10.325788479623734,-1164.254150390625,334.2829895019531,-1166.679443359375,331.08416748046875
1174,1174,-1179.730712890625,334.69842529296875,-1171.8729819430043,340.8835739859917,10.0,-1163.424072265625,347.1217346191406,20.499881538356494,-1167.126953125,337.3434143066406,12.878304512319643,-1164.2679443359375,341.2503967285156,-1167.126953125,337.3434143066406
1175,1175,-1183.274658203125,335.1556701660156,-1180.454341679801,344.74972117214776,10.0,-1172.12890625,353.196533203125,21.20614358445045,-1171.6942138671875,345.2164611816406,15.340345722239366,-1168.0042724609375,349.1824035644531,-1171.6942138671875,345.2164611816406
1176,1176,-1186.5059814453125,335.5726013183594,-1189.766488133318,345.0261242668411,10.0,-1188.0712890625,348.74755859375,13.267617990611335,-1177.873779296875,347.6535949707031,14.848074675171153,-1174.640380859375,351.5268249511719,-1177.873779296875,347.6535949707031
1177,1177,-1189.923583984375,336.0243835449219,-1198.0586516431752,341.83993804872836,10.0,-1205.003173828125,337.5901794433594,15.160664452829627,-1187.8341064453125,346.0384826660156,10.229765275573888,-1189.22412109375,348.8009948730469,-1187.8341064453125,346.0384826660156
1178,1178,-1193.3272705078125,336.4743347167969,-1203.3272365665198,336.5003889813377,10.0,-1209.357177734375,332.4452209472656,16.52851122938866,-1199.079345703125,341.1200866699219,7.393874509517597,-1200.9267578125,344.2508239746094,-1199.079345703125,341.1200866699219
1179,1179,-1196.4427490234375,336.88616943359375,-1204.6080101327834,331.11308438171693,10.0,-1208.6556396484375,328.24853515625,14.958723987270993,-1207.406982421875,335.81573486328125,11.016362565962162,-1208.495849609375,337.50775146484375,-1207.406982421875,335.81573486328125
1180,1180,-1201.5894775390625,337.545166015625,-1204.8992007111704,328.1087613759324,10.0,-1209.36328125,324.78717041015625,14.939828513250934,-1211.9385986328125,329.64349365234375,13.020780834870997,-1213.3682861328125,331.1235046386719,-1211.9385986328125,329.64349365234375
1181,1181,-1206.2672119140625,338.1440734863281,-1203.496926699652,328.53545652909554,10.0,-1209.5731201171875,328.30743408203125,10.377307156370344,-1214.0909423828125,327.2890930175781,13.380633745252542,-1215.82275390625,328.2425842285156,-1214.0909423828125,327.2890930175781
1182,1182,-1209.4635009765625,338.56793212890625,-1201.638106500041,332.3419220673317,10.0,-1209.486328125,327.9015808105469,10.666375744617877,-1214.5443115234375,325.2708435058594,14.23471817994297,-1216.491943359375,326.37567138671875,-1214.5443115234375,325.2708435058594
1183,1183,-1212.97705078125,339.0338439941406,-1202.9916424304145,338.4938254138474,10.0,-1208.134033203125,337.7848815917969,5.001472417648228,-1213.9093017578125,328.4623718261719,10.612498088642448,-1215.60302734375,329.3759460449219,-1213.9093017578125,328.4623718261719
1184,1184,-1216.17333984375,339.4576416015625,-1207.7221351751089,344.80340063548255,10.0,-1210.656005859375,341.767333984375,5.981275215065881,-1213.5789794921875,333.1066589355469,6.86044360502952,-1215.687255859375,333.35992431640625,-1213.5789794921875,333.1066589355469
1185,1185,-1219.50439453125,339.87677001953125,-1215.7140146667066,349.1305811523815,10.0,-1218.9630126953125,349.75885009765625,9.896898552716303,-1216.565185546875,339.47265625,2.9668598538784194,-1218.4306640625,339.62548828125,-1216.565185546875,339.47265625
1186,1186,-1222.8397216796875,340.29638671875,-1225.112461582998,350.03469526448316,10.0,-1229.560546875,347.15447998046875,9.602235911097969,-1222.61767578125,344.2821350097656,3.99192858407398,-1224.409912109375,343.4208068847656,-1222.61767578125,344.2821350097656
1187,1187,-1226.1712646484375,340.715576171875,-1233.666297849898,347.33558201092103,10.0,-1237.1390380859375,341.1492004394531,10.976342021901615,-1228.1187744140625,343.3134460449219,3.246801836344394,-1231.393310546875,343.8805236816406,-1228.1187744140625,343.3134460449219
1188,1188,-1229.704833984375,341.18719482421875,-1239.6492860789908,342.2397500664219,10.0,-1241.848876953125,333.9824523925781,14.120414056716934,-1235.958740234375,340.2308044433594,6.326612517326267,-1238.3944091796875,340.7635803222656,-1235.958740234375,340.2308044433594
1189,1189,-1232.9510498046875,341.6204833984375,-1241.6658554776466,336.7161830321713,10.0,-1241.50927734375,327.05950927734375,16.88979650456244,-1238.9124755859375,335.2252502441406,8.742860198079924,-1242.4840087890625,335.6798095703125,-1238.9124755859375,335.2252502441406
1190,1190,-1236.1795654296875,342.0513916015625,-1240.4405813122398,333.00463839123137,10.0,-1242.0018310546875,320.8687744140625,21.968205386881902,-1242.3572998046875,327.5969543457031,15.719260745710407,-1244.8558349609375,328.41912841796875,-1242.3572998046875,327.5969543457031
1191,1191,-1239.64599609375,342.50152587890625,-1237.8768099723109,332.6592710321901,10.0,-1240.5130615234375,320.8851623535156,21.633746197115222,-1242.6378173828125,322.126220703125,20.593786821075568,-1245.09228515625,323.8899230957031,-1242.6378173828125,322.126220703125
1192,1192,-1242.7999267578125,342.9110412597656,-1235.65506954398,335.9145410350856,10.0,-1239.003173828125,326.8205261230469,16.532392754047002,-1242.555908203125,321.9939880371094,20.918476535696044,-1244.129150390625,323.32855224609375,-1242.555908203125,321.9939880371094
1193,1193,-1245.952880859375,343.3204345703125,-1236.0756752927623,341.7581253195958,10.0,-1239.230224609375,333.05828857421875,12.268078394793825,-1240.990478515625,324.72174072265625,19.249333751070502,-1243.1611328125,325.7831115722656,-1240.990478515625,324.72174072265625
1194,1194,-1249.2528076171875,343.77008056640625,-1240.2974403801427,348.2199567050944,10.0,-1242.1864013671875,342.7294921875,7.14261306976332,-1241.7735595703125,331.7937927246094,14.119866210989931,-1243.5838623046875,332.5682678222656,-1241.7735595703125,331.7937927246094
1195,1195,-1252.54345703125,344.21844482421875,-1247.8230700314155,353.03422309796133,10.0,-1246.7071533203125,348.5009460449219,7.238940372155761,-1243.1365966796875,337.6712951660156,11.460985573706472,-1245.4912109375,338.14239501953125,-1243.1365966796875,337.6712951660156
1196,1196,-1255.8385009765625,344.66741943359375,-1257.0994560967604,354.58760048964547,10.0,-1252.085205078125,352.0570068359375,8.288138034450514,-1246.9656982421875,344.18212890625,8.886064103924868,-1249.2586669921875,344.425537109375,-1246.9656982421875,344.18212890625
1197,1197,-1259.270263671875,345.1302185058594,-1266.04605595013,352.4847163814414,10.0,-1260.387939453125,344.194091796875,1.4579205627422622,-1251.8564453125,345.5898742675781,7.428053990453156,-1255.230224609375,346.0027160644531,-1251.8564453125,345.5898742675781
1198,1198,-1262.3984375,345.5520935058594,-1272.182284047309,347.62002646867813,10.0,-1264.56494140625,334.4217834472656,11.339203727609346,-1257.4185791015625,340.6151428222656,7.012308587100635,-1261.5670166015625,341.77227783203125,-1257.4185791015625,340.6151428222656
1199,1199,-1265.8262939453125,346.0143737792969,-1274.9985473306085,342.03068606112345,10.0,-1270.45263671875,331.6502685546875,15.090744393865656,-1263.2857666015625,336.95428466796875,9.40954270352964,-1268.3916015625,337.4328308105469,-1263.2857666015625,336.95428466796875
1200,1200,-1269.2608642578125,346.46221923828125,-1274.4281430290612,337.9007222838811,10.0,-1271.399658203125,323.2317199707031,23.328749125520066,-1265.2396240234375,328.441650390625,18.463782781859063,-1272.1834716796875,329.6046142578125,-1265.2396240234375,328.441650390625
1201,1201,-1272.418701171875,346.87396240234375,-1271.6693106556663,336.90208124309316,10.0,-1268.5855712890625,324.42364501953125,22.775197810063545,-1269.3701171875,325.2762145996094,21.811844820195866,-1273.4764404296875,326.18389892578125,-1269.3701171875,325.2762145996094
1202,1202,-1275.558837890625,347.2834167480469,-1269.1700237943342,339.590364399139,10.0,-1266.8240966796875,332.4774169921875,17.190501237385657,-1269.667724609375,327.0684814453125,21.055850136868298,-1272.5474853515625,327.31640625,-1269.667724609375,327.0684814453125
1203,1203,-1279.799072265625,347.852783203125,-1270.134450414519,345.28469354831805,10.0,-1267.451416015625,335.9168701171875,17.173544656337494,-1268.11669921875,328.8758239746094,22.284587085407164,-1271.50390625,329.3140869140625,-1268.11669921875,328.8758239746094
1204,1204,-1284.0147705078125,348.41888427734375,-1274.6498797747097,351.92585185019703,10.0,-1271.759033203125,346.05169677734375,12.482254345336225,-1269.69482421875,334.4049987792969,20.036213426543533,-1272.34130859375,334.4262390136719,-1269.69482421875,334.4049987792969
1205,1205,-1286.021484375,348.6810607910156,-1280.4209746315423,356.9656422900073,10.0,-1276.654296875,354.7008056640625,11.134699367146398,-1271.9007568359375,342.0298767089844,15.608753823592195,-1274.481689453125,343.1961669921875,-1271.9007568359375,342.0298767089844
1206,1206,-1288.03125,348.94366455078125,-1288.2670947391841,358.94088302688743,10.0,-1289.530029296875,360.3334655761719,11.487989675253475,-1278.8365478515625,350.3255920410156,9.29797134792029,-1280.4771728515625,351.8210754394531,-1278.8365478515625,350.3255920410156
1207,1207,-1290.234130859375,349.23150634765625,-1296.219076586352,357.2427749516378,10.0,-1300.6529541015625,354.05389404296875,11.480736075524419,-1288.0841064453125,352.9776611328125,4.319291684456361,-1290.46484375,355.2816467285156,-1288.0841064453125,352.9776611328125
1208,1208,-1291.4052734375,349.619873046875,-1300.9251201113175,352.681330103083,10.0,-1303.946533203125,348.84722900390625,12.565037816338616,-1296.377685546875,352.8194885253906,5.912902958430479,-1298.7652587890625,355.0446472167969,-1296.377685546875,352.8194885253906
1209,1209,-1292.5743408203125,350.0075378417969,-1302.1071108230244,346.98656182808924,10.0,-1304.1170654296875,343.52783203125,13.237109911121316,-1301.0870361328125,350.7693786621094,8.5467176693134,-1304.1068115234375,352.44696044921875,-1301.0870361328125,350.7693786621094
1210,1210,-1293.859619140625,350.4337463378906,-1299.878553718972,342.44798234553656,10.0,-1300.19921875,339.37469482421875,12.747279850589138,-1302.639892578125,346.7050476074219,9.539203104026422,-1305.8641357421875,348.2440185546875,-1302.639892578125,346.7050476074219
1211,1211,-1294.1920166015625,351.39898681640625,-1294.4703411450757,341.4028607943676,10.0,-1294.63720703125,338.1716003417969,13.234876178769651,-1302.15087890625,343.2481994628906,11.39205089820116,-1304.8385009765625,344.5632629394531,-1302.15087890625,343.2481994628906
1212,1212,-1294.5579833984375,352.4612731933594,-1288.9927285162878,344.1529678248314,10.0,-1292.1795654296875,346.21392822265625,6.684773086428776,-1299.05126953125,343.6904602050781,9.854784662625976,-1301.67529296875,344.8926696777344,-1299.05126953125,343.6904602050781
1213,1213,-1294.921630859375,353.5173034667969,-1285.5717270999937,349.97057262131295,10.0,-1285.663818359375,351.5161437988281,9.471627753552239,-1295.166259765625,346.3011474609375,7.22030129583755,-1296.81591796875,347.1341857910156,-1295.166259765625,346.3011474609375
1214,1214,-1294.774169921875,355.15673828125,-1285.0987225522672,357.6837361439217,10.0,-1283.319091796875,364.1639709472656,14.572201451722814,-1289.50341796875,353.990478515625,5.398239341886082,-1291.471923828125,354.9076843261719,-1289.50341796875,353.990478515625
1215,1215,-1294.6126708984375,356.9520263671875,-1288.191223817465,364.6178607892365,10.0,-1285.6363525390625,368.586669921875,14.694870599412711,-1287.699951171875,362.4767150878906,8.84917394329384,-1288.4566650390625,362.2849426269531,-1287.699951171875,362.4767150878906
1216,1216,-1294.451904296875,358.7381896972656,-1293.6601462807257,368.70679638244803,10.0,-1292.562255859375,373.38494873046875,14.768152267432225,-1288.2239990234375,369.0690002441406,12.062854166835242,-1289.3870849609375,369.0703125,-1288.2239990234375,369.0690002441406
1217,1217,-1294.2373046875,361.0667419433594,-1299.3681557912173,369.65011930611604,10.0,-1295.01171875,374.9747314453125,13.929532983077218,-1290.6907958984375,373.67938232421875,13.101771711023746,-1291.2391357421875,374.04449462890625,-1290.6907958984375,373.67938232421875
1218,1218,-1294.023193359375,363.3902893066406,-1303.178435747371,367.4129174049172,10.0,-1300.6019287109375,372.9659118652344,11.61775822654903,-1293.8671875,375.3612976074219,11.972024789714267,-1294.753662109375,376.3548583984375,-1293.8671875,375.3612976074219
1219,1219,-1293.7880859375,365.9405517578125,-1303.5806315733603,363.9142127018805,10.0,-1298.8583984375,370.5491943359375,6.851835904380876,-1296.4830322265625,375.5075988769531,9.93937251946966,-1296.883544921875,376.3797607421875,-1296.4830322265625,375.5075988769531
1220,1220,-1293.5167236328125,369.0880126953125,-1300.323706756832,361.7623741054479,10.0,-1298.35009765625,364.7654113769531,6.484318515304643,-1296.2279052734375,372.8470153808594,4.63471758345756,-1298.0631103515625,374.79095458984375,-1296.2279052734375,372.8470153808594
1221,1221,-1293.26953125,371.9544372558594,-1294.5726295582638,362.0397040371086,10.0,-1293.3092041015625,364.75665283203125,7.197893757694252,-1294.923583984375,371.3663330078125,1.7554933935119763,-1296.9212646484375,372.271484375,-1294.923583984375,371.3663330078125
1222,1222,-1293.022216796875,374.8238525390625,-1288.339333966518,365.9880951636505,10.0,-1283.5814208984375,370.4841003417969,10.390480081768414,-1289.73046875,369.3455810546875,6.391170758211803,-1292.219482421875,371.58172607421875,-1289.73046875,369.3455810546875
1223,1223,-1292.35595703125,380.0056457519531,-1283.4195798428984,375.51775507285794,10.0,-1277.39892578125,375.61273193359375,15.58879327045584,-1282.79345703125,372.00994873046875,12.464853673805164,-1284.9420166015625,373.6728820800781,-1282.79345703125,372.00994873046875
1224,1224,-1291.74560546875,384.7535705566406,-1281.8618502414256,386.2738937480496,10.0,-1278.8712158203125,386.09112548828125,12.943684251979835,-1279.23828125,376.9581604003906,14.73776029853573,-1281.219970703125,378.4572448730469,-1279.23828125,376.9581604003906
1225,1225,-1291.2833251953125,388.0576171875,-1284.1088017342581,395.02369306325534,10.0,-1279.0587158203125,390.19134521484375,12.409426645337412,-1276.434814453125,382.2767639160156,15.934131159473026,-1278.7418212890625,384.0595703125,-1276.434814453125,382.2767639160156
1226,1226,-1290.821044921875,391.36181640625,-1289.010051338714,401.1964644549475,10.0,-1288.72607421875,400.4489440917969,9.32549150556605,-1280.6826171875,391.08197021484375,10.142289229557042,-1281.74462890625,392.3384704589844,-1280.6826171875,391.08197021484375
1227,1227,-1290.31591796875,394.9726867675781,-1294.538452330119,404.0374649538912,10.0,-1292.649169921875,401.0195007324219,6.48135971862317,-1285.5897216796875,397.9410400390625,5.581044033787956,-1285.927734375,398.3244323730469,-1285.5897216796875,397.9410400390625
1228,1228,-1289.9229736328125,398.2120056152344,-1298.6168604099141,403.1532941826969,10.0,-1295.5565185546875,400.8341064453125,6.213874890105206,-1290.9873046875,403.4798278808594,5.3742675795113435,-1289.896728515625,402.0746154785156,-1290.9873046875,403.4798278808594
1229,1229,-1289.49365234375,401.75054931640625,-1299.442487355819,400.7402612868664,10.0,-1296.4296875,400.8060302734375,7.000049993483373,-1294.1689453125,405.5338134765625,6.014270699691357,-1293.1309814453125,404.179443359375,-1294.1689453125,405.5338134765625
1230,1230,-1289.1005859375,404.9914245605469,-1296.623682358612,398.40332770040203,10.0,-1295.868896484375,396.1404113769531,11.142282622294667,-1294.9998779296875,404.170654296875,5.956115330886027,-1295.16845703125,403.3074035644531,-1294.9998779296875,404.170654296875
1231,1231,-1288.712890625,408.51080322265625,-1291.0269917367805,398.7822403254727,10.0,-1292.921142578125,396.1934814453125,13.016366630807807,-1294.713134765625,403.3619079589844,7.9065828385825005,-1295.171630859375,402.1455078125,-1294.713134765625,403.3619079589844
1232,1232,-1288.3602294921875,411.71099853515625,-1284.6092067664554,402.4411642048653,10.0,-1282.9971923828125,399.27691650390625,13.5413648867604,-1291.063232421875,403.5457763671875,8.60099284328196,-1291.574462890625,401.9330139160156,-1291.063232421875,403.5457763671875
1233,1233,-1288.0078125,414.9100036621094,-1279.5794002708362,409.52838055236975,10.0,-1277.085205078125,402.5199279785156,16.517182820855982,-1284.247802734375,404.47796630859375,11.088961934407596,-1286.3076171875,402.9476623535156,-1284.247802734375,404.47796630859375
1234,1234,-1287.64208984375,418.07073974609375,-1277.6544769058937,418.56832170272537,10.0,-1281.1483154296875,416.86981201171875,6.603887761305748,-1281.7169189453125,410.1027526855469,9.929575417545962,-1283.697509765625,408.67840576171875,-1281.7169189453125,410.1027526855469
1235,1235,-1287.2406005859375,421.54034423828125,-1279.388820108418,427.73304504914273,10.0,-1287.1241455078125,427.4152526855469,5.876062546380365,-1281.999267578125,420.5890808105469,5.326957274817377,-1283.8251953125,418.8337097167969,-1281.999267578125,420.5890808105469
1236,1236,-1286.874267578125,424.70611572265625,-1284.0631767556397,434.302873945501,10.0,-1291.481689453125,431.2515563964844,8.00444438726587,-1284.4959716796875,428.24444580078125,4.2633403713858815,-1286.31103515625,426.2994384765625,-1284.4959716796875,428.24444580078125
1237,1237,-1286.5443115234375,427.6591796875,-1289.8139059880618,437.10956338536636,10.0,-1293.713134765625,431.7791748046875,8.26839684844508,-1287.15673828125,433.0852966308594,5.460568799740226,-1289.716552734375,431.4867858886719,-1287.15673828125,433.0852966308594
1238,1238,-1286.1826171875,430.895751953125,-1294.323272570405,436.70348214114006,10.0,-1296.7413330078125,434.36077880859375,11.112735526558577,-1289.7373046875,437.9205017089844,7.872922732702424,-1292.966064453125,435.5919189453125,-1289.7373046875,437.9205017089844
1239,1239,-1285.85302734375,433.845458984375,-1295.8530138307515,433.8618985642638,10.0,-1303.2330322265625,433.643798828125,17.381174774600396,-1295.8134765625,439.3656311035156,11.387837760709228,-1297.541748046875,437.2214050292969,-1295.8134765625,439.3656311035156
1240,1240,-1285.618896484375,436.28582763671875,-1293.7786031685196,430.50489459535544,10.0,-1291.980712890625,435.90667724609375,6.37310465986106,-1294.0631103515625,438.0362243652344,8.623725212574893,-1296.33642578125,438.8670349121094,-1294.0631103515625,438.0362243652344
1241,1241,-1285.385009765625,438.7239685058594,-1288.6856585830185,429.2843860265207,10.0,-1286.21630859375,435.3282775878906,3.4959654677953345,-1291.3115234375,437.72772216796875,6.009664805018811,-1292.77734375,439.5475158691406,-1291.3115234375,437.72772216796875
1242,1242,-1285.1279296875,441.404052734375,-1282.3484073515672,431.79810376594656,10.0,-1277.932861328125,436.9042053222656,8.486320488194321,-1284.8486328125,438.7591552734375,2.659603226659646,-1286.47509765625,440.4627380371094,-1284.8486328125,438.7591552734375
1243,1243,-1284.8245849609375,443.0103759765625,-1276.993207976256,436.7918926788603,10.0,-1273.9669189453125,440.1397399902344,11.230737387761327,-1277.636474609375,436.4307556152344,9.744759336455857,-1279.8499755859375,441.3472900390625,-1277.636474609375,436.4307556152344
1244,1244,-1284.521240234375,444.61700439453125,-1274.5353172869764,444.08658673964516,10.0,-1270.165283203125,448.9962463378906,15.009039352389422,-1273.7578125,443.4801330566406,10.823301392460166,-1273.50732421875,445.14605712890625,-1273.7578125,443.4801330566406
1245,1245,-1284.1883544921875,446.3800354003906,-1275.7422935195439,451.7339175476166,10.0,-1271.580810546875,453.49755859375,14.477890065233764,-1272.376953125,448.5735778808594,12.013360515293785,-1270.6214599609375,449.8009338378906,-1272.376953125,448.5735778808594
1246,1246,-1283.4691162109375,447.0561828613281,-1279.6876353649982,456.3136340554633,10.0,-1276.5123291015625,459.2941589355469,14.07710713457551,-1273.74365234375,454.8321838378906,12.451941158689701,-1271.1856689453125,455.11566162109375,-1273.74365234375,454.8321838378906
1247,1247,-1282.6800537109375,447.79791259765625,-1284.9621556603818,457.5340314697912,10.0,-1277.6558837890625,465.5924377441406,18.490197635307695,-1275.063720703125,460.04290771484375,14.420417258381947,-1272.9752197265625,462.63720703125,-1275.063720703125,460.04290771484375
1248,1248,-1281.9620361328125,448.47283935546875,-1289.4634308104578,455.08563588116004,10.0,-1285.091552734375,459.3178405761719,11.287511932950839,-1279.296875,463.9654541015625,15.72018433526579,-1276.3739013671875,464.92047119140625,-1279.296875,463.9654541015625
1249,1249,-1280.5360107421875,448.5072937011719,-1290.4814702411902,449.55028715929996,10.0,-1284.6361083984375,452.4795227050781,5.708712994209884,-1278.0213623046875,462.4031066894531,14.121511086619133,-1279.1856689453125,462.2995910644531,-1278.0213623046875,462.4031066894531
1250,1250,-1279.2393798828125,448.53863525390625,-1287.9494661874317,443.6259581256913,10.0,-1283.48046875,449.1917419433594,4.291081813155066,-1278.4149169921875,459.0943603515625,10.587873790110448,-1281.22802734375,458.6588439941406,-1278.4149169921875,459.0943603515625
1251,1251,-1277.8157958984375,448.5730285644531,-1282.068111624941,439.5221826944733,10.0,-1276.569580078125,444.9303283691406,3.8499764393729583,-1277.276611328125,452.0672912597656,3.535617595939308,-1279.46240234375,451.9518737792969,-1277.276611328125,452.0672912597656
1252,1252,-1274.6600341796875,448.3343811035156,-1272.8813858380602,438.49383182632454,10.0,-1268.628662109375,441.3746337890625,9.209534827100834,-1273.2840576171875,447.8399353027344,1.462117693778284,-1273.5086669921875,447.6745300292969,-1273.2840576171875,447.8399353027344
1253,1253,-1271.7802734375,448.1166076660156,-1264.6286925973727,441.12698024482046,10.0,-1263.370849609375,441.3822326660156,10.773588806041445,-1268.511962890625,441.550048828125,7.334953905942003,-1269.1651611328125,444.0964660644531,-1268.511962890625,441.550048828125
1254,1254,-1268.9866943359375,447.80621337890625,-1259.107991220402,446.2534014923238,10.0,-1261.314697265625,445.313232421875,8.066876291291694,-1264.2987060546875,440.0774841308594,9.039385483247882,-1265.1326904296875,443.1347961425781,-1264.2987060546875,440.0774841308594
1255,1255,-1266.42138671875,447.52117919921875,-1257.4703020457357,451.97966360274944,10.0,-1253.82763671875,453.3089904785156,13.860061272132102,-1257.52880859375,443.3669128417969,9.815084038236032,-1259.2025146484375,446.136962890625,-1257.52880859375,443.3669128417969
1256,1256,-1263.8656005859375,447.2371826171875,-1259.1536918788865,456.0574953291279,10.0,-1262.2628173828125,459.22027587890625,12.089807199259587,-1256.6383056640625,448.50640869140625,7.337896613828577,-1258.1153564453125,451.4451599121094,-1256.6383056640625,448.50640869140625
1257,1257,-1260.599609375,446.75970458984375,-1261.8701018740492,456.67866868947937,10.0,-1263.4268798828125,458.3300476074219,11.910763874276293,-1256.8045654296875,451.5885009765625,6.141631142558231,-1258.2618408203125,454.57098388671875,-1256.8045654296875,451.5885009765625
1258,1258,-1257.6229248046875,446.3245544433594,-1264.4057850840122,453.67253419504334,10.0,-1268.874755859375,460.66937255859375,18.23122345983358,-1258.3482666015625,455.6742858886719,9.377824844907225,-1261.626708984375,458.26849365234375,-1258.3482666015625,455.6742858886719
1259,1259,-1254.3475341796875,445.845703125,-1264.1333644613665,447.90422825192394,10.0,-1265.411376953125,455.98150634765625,15.004770037683151,-1259.5816650390625,456.3553161621094,11.740872712147127,-1262.7117919921875,458.4602355957031,-1259.5816650390625,456.3553161621094
1260,1260,-1250.87744140625,445.34136962890625,-1260.0458603536927,441.34886490077224,10.0,-1258.8302001953125,438.56787109375,10.446370410950145,-1258.3453369140625,450.9352111816406,9.330623057047362,-1260.9403076171875,452.9553527832031,-1258.3453369140625,450.9352111816406
1261,1261,-1247.7138671875,444.8815612792969,-1252.8729119434004,436.3151000959016,10.0,-1251.63623046875,433.534423828125,12.005934451173953,-1255.9432373046875,445.21380615234375,8.236074257880665,-1256.6754150390625,444.6026916503906,-1255.9432373046875,445.21380615234375
1262,1262,-1244.2371826171875,444.37628173828125,-1243.4782047775502,434.40512570505524,10.0,-1245.751708984375,436.0489501953125,8.463937661834972,-1251.040771484375,439.92315673828125,8.131367888574633,-1251.576904296875,439.9764099121094,-1251.040771484375,439.92315673828125
1263,1263,-1240.97802734375,443.9339904785156,-1234.581819557376,436.24708434187454,10.0,-1231.926513671875,440.88323974609375,9.551805053680306,-1241.5831298828125,439.4063415527344,4.567904757972521,-1241.800537109375,438.59930419921875,-1241.5831298828125,439.4063415527344
1264,1264,-1237.4039306640625,443.448974609375,-1227.7368441375622,440.89017839061165,10.0,-1225.586181640625,447.56689453125,12.514649674039342,-1232.601806640625,442.2059326171875,4.960398021410886,-1232.3477783203125,442.2224426269531,-1232.601806640625,442.2059326171875
1265,1265,-1234.147216796875,443.0070495605469,-1224.7857022382964,446.5230195788377,10.0,-1226.3023681640625,449.66778564453125,10.29111535511247,-1228.703857421875,445.64849853515625,6.050406099665155,-1226.6649169921875,445.9540710449219,-1228.703857421875,445.64849853515625
1266,1266,-1230.9583740234375,442.6260070800781,-1225.365832249525,450.9159694748688,10.0,-1228.3804931640625,453.9656677246094,11.628988488181715,-1225.47705078125,449.1768493652344,8.541571233112562,-1223.988525390625,449.5095520019531,-1225.47705078125,449.1768493652344
1267,1267,-1227.461669921875,442.2082214355469,-1227.7071265829384,452.2052085330448,10.0,-1229.2706298828125,455.9378967285156,13.848332744075423,-1223.233154296875,451.79803466796875,10.48068996887146,-1223.0286865234375,452.81146240234375,-1223.233154296875,451.79803466796875
1268,1268,-1224.271728515625,441.8270568847656,-1230.2643740749088,449.8325674369288,10.0,-1232.127197265625,454.40521240234375,14.829645494974166,-1227.075439453125,452.87615966796875,11.39927486004457,-1225.081787109375,454.4430236816406,-1227.075439453125,452.87615966796875
1269,1269,-1221.1033935546875,441.42730712890625,-1230.62617932903,444.4796097180966,10.0,-1230.74853515625,449.6942443847656,12.70318889517539,-1228.9293212890625,450.3883361816406,11.897276435706171,-1226.5205078125,452.7124938964844,-1228.9293212890625,450.3883361816406
1270,1270,-1217.6351318359375,440.98974609375,-1227.1649928530883,437.9596059990039,10.0,-1227.744873046875,446.8990478515625,11.710111639818551,-1227.768798828125,450.0086364746094,13.565824354255373,-1226.1053466796875,450.7828369140625,-1227.768798828125,450.0086364746094
1271,1271,-1214.47802734375,440.5914001464844,-1220.4892810633753,432.5998528170686,10.0,-1225.3135986328125,432.44171142578125,13.558282760169568,-1226.6534423828125,446.0025634765625,13.323716446930694,-1225.068359375,445.35552978515625,-1226.6534423828125,446.0025634765625
1272,1272,-1209.53955078125,439.9296569824219,-1209.8082642155894,429.93326797987675,10.0,-1215.515380859375,435.1365966796875,7.660546467992448,-1220.9957275390625,441.7198486328125,11.595204700710187,-1220.1162109375,440.9236145019531,-1220.9957275390625,441.7198486328125
1273,1273,-1204.59228515625,439.2667236328125,-1199.0190446557142,430.9637729330198,10.0,-1202.57421875,433.490478515625,6.118627270382404,-1214.2705078125,436.9506530761719,9.951491175059566,-1212.9141845703125,436.5447998046875,-1214.2705078125,436.9506530761719
1274,1274,-1201.1785888671875,438.83367919921875,-1191.8252793522868,435.2959396499492,10.0,-1193.1124267578125,436.3659973144531,8.435189687204277,-1204.385009765625,434.10223388671875,5.715567314196813,-1203.0113525390625,435.0282897949219,-1204.385009765625,434.10223388671875
1275,1275,-1198.07177734375,438.4395446777344,-1188.3987640802186,440.97584402985035,10.0,-1191.7261962890625,439.2474365234375,6.396802963665719,-1192.9989013671875,434.3153381347656,6.537824583349662,-1195.3516845703125,435.13055419921875,-1192.9989013671875,434.3153381347656
1276,1276,-1194.676025390625,438.0087890625,-1188.26195175157,445.680793973394,10.0,-1193.837890625,445.078125,7.118846850619718,-1189.6693115234375,437.0164794921875,5.104102470681931,-1191.42626953125,437.809814453125,-1189.6693115234375,437.0164794921875
1277,1277,-1191.5596923828125,437.6021423339844,-1190.7775192541203,447.5715056635432,10.0,-1195.064697265625,450.2940673828125,13.167005000136147,-1188.17138671875,442.0838317871094,5.618376600706816,-1189.8348388671875,442.22930908203125,-1188.17138671875,442.0838317871094
1278,1278,-1188.169677734375,437.1597900390625,-1193.3087791308799,445.7382302723707,10.0,-1193.07373046875,440.51983642578125,5.944715715863345,-1187.6005859375,441.3038330078125,4.182936480526178,-1188.646484375,441.9486389160156,-1187.6005859375,441.3038330078125
1279,1279,-1184.7801513671875,436.7174987792969,-1193.939257161859,440.731322522564,10.0,-1192.0306396484375,437.73016357421875,7.320865406727386,-1188.7593994140625,440.6673278808594,5.606742811125594,-1188.130615234375,440.33203125,-1188.7593994140625,440.6673278808594
1280,1280,-1181.596923828125,436.3039855957031,-1191.3875166724697,434.2682322323833,10.0,-1189.862548828125,437.2802734375,8.323082036761706,-1187.3697509765625,437.11602783203125,5.829660871724686,-1187.2781982421875,438.7682189941406,-1187.3697509765625,437.11602783203125
1281,1281,-1178.1053466796875,435.8504333496094,-1184.9052832718558,428.51825343211624,10.0,-1187.0218505859375,432.9673156738281,9.371041001008042,-1186.939208984375,436.5875549316406,8.864562676459284,-1185.8204345703125,436.2196350097656,-1186.939208984375,436.5875549316406
1282,1282,-1174.925048828125,435.43731689453125,-1176.2186138103339,425.5213353678843,10.0,-1178.6417236328125,429.42626953125,7.067274015305289,-1183.0447998046875,434.1124267578125,8.227131322384631,-1182.0703125,433.406982421875,-1183.0447998046875,434.1124267578125
1283,1283,-1171.520263671875,434.9862976074219,-1166.8288876857296,426.1550467698215,10.0,-1161.3262939453125,424.8839416503906,14.351815727239446,-1171.0291748046875,429.0970153808594,5.909721940969851,-1171.91455078125,429.19805908203125,-1171.0291748046875,429.0970153808594
1284,1284,-1168.4232177734375,434.5760498046875,-1159.48252974099,430.0967532632149,10.0,-1158.98486328125,427.4221496582031,11.843176213586672,-1163.322021484375,426.6024475097656,9.465756025649954,-1163.7640380859375,427.2300109863281,-1163.322021484375,426.6024475097656
1285,1285,-1165.0087890625,434.1237487792969,-1155.1265001495105,435.65357420731334,10.0,-1155.9598388671875,432.476806640625,9.197603929577486,-1157.4639892578125,427.3547058105469,10.13626887989838,-1157.333740234375,428.02850341796875,-1157.4639892578125,427.3547058105469
1286,1286,-1161.6248779296875,433.6956481933594,-1154.457055461415,440.6686189421384,10.0,-1156.793701171875,438.6121826171875,6.8929369361626005,-1154.0499267578125,431.22869873046875,7.966537824472233,-1153.979736328125,431.5299377441406,-1154.0499267578125,431.22869873046875
1287,1287,-1158.2376708984375,433.2671203613281,-1156.436133876558,443.10350508127465,10.0,-1156.436279296875,445.7206115722656,12.583101964264515,-1152.4290771484375,437.3524169921875,7.101366763845536,-1152.1072998046875,437.37091064453125,-1152.4290771484375,437.3524169921875
1288,1288,-1155.1536865234375,432.8769836425781,-1159.3849344501332,441.9376977967071,10.0,-1159.730712890625,438.02325439453125,6.887181790713658,-1152.4586181640625,437.9617004394531,5.75480133159495,-1153.220703125,438.3287658691406,-1152.4586181640625,437.9617004394531
1289,1289,-1150.478759765625,432.26123046875,-1159.1773934276098,437.19415783640744,10.0,-1158.872802734375,432.706298828125,8.405833879261358,-1153.211669921875,437.21063232421875,5.6537931204680545,-1154.050048828125,436.8497619628906,-1153.211669921875,437.21063232421875
1290,1290,-1145.3497314453125,431.5856628417969,-1155.2975904967402,430.56580976761,10.0,-1155.7081298828125,426.56103515625,11.512745179511557,-1153.40478515625,433.2953186035156,8.234489244006948,-1153.6612548828125,433.42462158203125,-1153.40478515625,433.2953186035156
1291,1291,-1142.1466064453125,431.1501159667969,-1149.6633651282093,424.5547889162941,10.0,-1152.2548828125,419.99432373046875,15.054200461517715,-1151.6962890625,425.03924560546875,11.337511837346483,-1152.17822265625,427.4656066894531,-1151.6962890625,425.03924560546875
1292,1292,-1138.942626953125,430.7144775390625,-1141.2473732688275,420.9836941985366,10.0,-1136.1060791015625,407.673095703125,23.215324262729442,-1145.163330078125,415.7962341308594,16.163264947274136,-1146.2576904296875,417.546142578125,-1145.163330078125,415.7962341308594
1293,1293,-1135.443603515625,430.23870849609375,-1131.6836698511902,420.9724849482265,10.0,-1132.462646484375,407.36553955078125,23.06659841465505,-1138.7703857421875,407.4133605957031,23.066512236505087,-1137.5828857421875,410.1443786621094,-1138.7703857421875,407.4133605957031
1294,1294,-1132.2279052734375,429.8307800292969,-1123.7943226680018,424.4572630769378,10.0,-1128.906494140625,416.50885009765625,13.729733756220956,-1133.5721435546875,406.709228515625,23.16059414082808,-1131.8160400390625,409.30828857421875,-1133.5721435546875,406.709228515625
1295,1295,-1129.0345458984375,429.4256896972656,-1119.0474159873695,429.9328742193575,10.0,-1123.8555908203125,421.5265197753906,9.445552453715527,-1126.5269775390625,408.2503967285156,21.323248612473,-1126.0244140625,410.9571533203125,-1126.5269775390625,408.2503967285156
1296,1296,-1125.52734375,428.9808044433594,-1117.6815210009709,435.181051647368,10.0,-1124.061767578125,430.5701904296875,2.1619577537741126,-1123.1182861328125,415.02490234375,14.162300731760023,-1122.2420654296875,417.32879638671875,-1123.1182861328125,415.02490234375
1297,1297,-1122.3232421875,428.5567932128906,-1119.5213796644973,438.156249780957,10.0,-1124.09326171875,434.6221008300781,6.318300850079805,-1120.6112060546875,422.12261962890625,6.65805207466102,-1120.0872802734375,424.51165771484375,-1120.6112060546875,422.12261962890625
1298,1298,-1119.12255859375,428.13323974609375,-1122.4012378124944,437.5804754571668,10.0,-1128.542724609375,433.3503112792969,10.768350066026578,-1121.273193359375,427.13677978515625,2.370266303364764,-1121.064208984375,429.2275695800781,-1121.273193359375,427.13677978515625
1299,1299,-1115.600830078125,427.6672058105469,-1123.7470656597036,433.4671063139541,10.0,-1128.7579345703125,428.8099060058594,13.206633271000891,-1122.303955078125,427.9669189453125,6.709822108579037,-1122.5029296875,430.47076416015625,-1122.303955078125,427.9669189453125
1300,1300,-1112.4842529296875,427.2595520019531,-1122.4842506007378,427.26637688199156,10.0,-1130.2716064453125,413.95196533203125,22.21445043360964,-1123.09814453125,420.2115478515625,12.740842100647917,-1124.810791015625,423.3661193847656,-1123.09814453125,420.2115478515625
1301,1301,-1109.0638427734375,426.8121643066406,-1117.2179874893382,421.0233886198354,10.0,-1125.782470703125,407.199462890625,25.77150707050537,-1122.83447265625,409.0835266113281,22.448493087534047,-1124.587158203125,413.21343994140625,-1122.83447265625,409.0835266113281
1302,1302,-1105.6436767578125,426.3647766113281,-1108.9352481692881,416.9220250185371,10.0,-1112.3343505859375,404.5741271972656,22.794681795562298,-1116.639892578125,402.85205078125,25.956984384310015,-1118.1898193359375,407.375,-1116.639892578125,402.85205078125
1303,1303,-1102.26171875,425.92120361328125,-1099.4729618620063,416.3179315136442,10.0,-1108.9161376953125,404.82275390625,22.122971580234445,-1112.1475830078125,400.9480285644531,26.858700343525676,-1112.473388671875,404.2608947753906,-1112.1475830078125,400.9480285644531
1304,1304,-1098.886962890625,425.4785461425781,-1091.0496106373096,419.2675953572754,10.0,-1100.868896484375,407.2998962402344,18.286371237673624,-1105.474365234375,401.30059814453125,25.059270520801316,-1105.135498046875,403.5710144042969,-1105.474365234375,401.30059814453125
1305,1305,-1095.798828125,425.073486328125,-1085.8123998122828,424.55267008897664,10.0,-1087.133056640625,419.7650146484375,10.162453788010605,-1096.089599609375,406.0616455078125,19.014064253415846,-1096.4742431640625,406.970703125,-1096.089599609375,406.0616455078125
1306,1306,-1092.4891357421875,424.6211242675781,-1084.0482262732971,429.9831245788424,10.0,-1085.19775390625,424.5090026855469,7.292243847170533,-1087.8250732421875,411.5002746582031,13.925163319535693,-1089.0404052734375,411.9267272949219,-1087.8250732421875,411.5002746582031
1307,1307,-1089.1669921875,424.1670837402344,-1085.3944138558643,433.4281664378283,10.0,-1084.5499267578125,431.23089599609375,8.438882435965352,-1082.9119873046875,419.7261657714844,7.6711693039050335,-1083.700927734375,419.6224365234375,-1082.9119873046875,419.7261657714844
1308,1308,-1085.862060546875,423.7153625488281,-1088.1535224328202,433.44928274704534,10.0,-1091.1002197265625,430.99444580078125,8.967907480600417,-1082.8302001953125,425.5576477050781,3.547702325212161,-1083.45068359375,425.5528259277344,-1082.8302001953125,425.5576477050781
1309,1309,-1081.0892333984375,423.0723571777344,-1088.596982617784,429.6779382770322,10.0,-1093.9556884765625,421.83203125,12.92610052120974,-1083.29150390625,425.7745666503906,3.4859620513846528,-1085.111328125,426.2809143066406,-1083.29150390625,425.7745666503906
1310,1310,-1075.864013671875,422.368408203125,-1085.810471381425,423.40183891300916,10.0,-1091.93701171875,417.81121826171875,16.706562973182184,-1084.274658203125,423.0816955566406,8.440836468012566,-1086.112060546875,423.73095703125,-1084.274658203125,423.0816955566406
1311,1311,-1072.665283203125,421.98699951171875,-1081.370642087575,417.0659501629595,10.0,-1089.197509765625,414.02703857421875,18.348719117157916,-1085.322998046875,419.5025634765625,12.899231274710598,-1086.6033935546875,420.11199951171875,-1085.322998046875,419.5025634765625
1312,1312,-1069.47265625,421.6062927246094,-1073.7162678895033,412.55136256181567,10.0,-1085.6600341796875,411.1827087402344,19.253111626899507,-1085.0706787109375,416.4502868652344,16.428107045969114,-1085.435546875,416.63006591796875,-1085.0706787109375,416.4502868652344
1313,1313,-1065.9681396484375,421.18841552734375,-1064.1800307308515,411.34958091653493,10.0,-1076.0211181640625,412.7055969238281,13.153729071855198,-1079.9078369140625,413.9747009277344,15.69563118137944,-1081.1605224609375,414.7835388183594,-1079.9078369140625,413.9747009277344
1314,1314,-1062.4818115234375,420.75830078125,-1055.3235136681217,413.77555262493064,10.0,-1061.9727783203125,420.278564453125,0.699472477233061,-1070.486572265625,416.3086242675781,9.158374070542722,-1071.591064453125,416.73223876953125,-1070.486572265625,416.3086242675781
1315,1315,-1059.3055419921875,420.36639404296875,-1049.425350459857,418.823080955981,10.0,-1056.0806884765625,423.7830810546875,4.69823693881934,-1061.9949951171875,419.6620178222656,2.780162580113667,-1063.3662109375,419.74566650390625,-1061.9949951171875,419.6620178222656
1316,1316,-1056.133544921875,419.97503662109375,-1047.186751087505,424.44212516793016,10.0,-1054.0684814453125,425.7666320800781,6.148745003881754,-1055.9190673828125,422.6933288574219,2.726740416109327,-1056.7882080078125,422.46453857421875,-1055.9190673828125,422.6933288574219
1317,1317,-1052.8023681640625,419.5030517578125,-1048.0989421056042,428.3278907542257,10.0,-1053.5538330078125,428.77252197265625,9.299880508655347,-1049.94873046875,425.5254821777344,6.664301633247764,-1052.1497802734375,425.78472900390625,-1049.94873046875,425.5254821777344
1318,1318,-1049.485595703125,419.0330810546875,-1050.7656244065495,428.95081902856083,10.0,-1059.4189453125,428.04425048828125,13.411659443298014,-1049.2796630859375,426.85137939453125,7.821009984242779,-1051.5892333984375,427.6961975097656,-1049.2796630859375,426.85137939453125
1319,1319,-1046.156005859375,418.561279296875,-1052.9459278695197,425.9027341319982,10.0,-1059.2364501953125,424.7005310058594,14.449513333390401,-1049.6650390625,426.61285400390625,8.7830045703927,-1051.98388671875,427.58123779296875,-1049.6650390625,426.61285400390625
1320,1320,-1042.6112060546875,418.08026123046875,-1052.3990110244627,420.1293766185431,10.0,-1059.773193359375,422.6558837890625,17.76147882483232,-1051.745361328125,425.5137634277344,11.776661134465021,-1053.63916015625,426.12841796875,-1051.745361328125,425.5137634277344
1321,1321,-1039.3802490234375,417.641845703125,-1048.5448250575046,413.6405276558057,10.0,-1055.3223876953125,418.5260009765625,15.966637591579504,-1051.1861572265625,422.4764404296875,12.757459569629061,-1053.3760986328125,423.20513916015625,-1051.1861572265625,422.4764404296875
1322,1322,-1036.147705078125,417.20318603515625,-1041.2985110495229,408.6317685418234,10.0,-1050.631591796875,413.618896484375,14.920794418040291,-1048.941162109375,417.16949462890625,12.793501394117841,-1051.1981201171875,418.4055480957031,-1048.941162109375,417.16949462890625
1323,1323,-1032.6400146484375,416.74151611328125,-1031.8714501869895,406.77109442367356,10.0,-1025.8193359375,405.48065185546875,13.165436639576946,-1043.5947265625,412.58367919921875,11.71722325997263,-1044.4112548828125,413.0113830566406,-1043.5947265625,412.58367919921875
1324,1324,-1029.447998046875,416.3214111328125,-1023.0444024832365,408.64065831441314,10.0,-1019.580322265625,409.8755798339844,11.786422971233472,-1026.8194580078125,411.07000732421875,5.872517747769489,-1028.3223876953125,410.33526611328125,-1026.8194580078125,411.07000732421875
1325,1325,-1026.2518310546875,415.9007568359375,-1016.5822887892973,413.3512564186338,10.0,-1018.5107421875,418.836181640625,8.278959815923066,-1017.656982421875,411.8332824707031,9.508720772680082,-1020.41064453125,411.7209167480469,-1017.656982421875,411.8332824707031
1326,1326,-1021.3148193359375,415.3077697753906,-1011.9566896059084,418.8327389888657,10.0,-1014.13818359375,420.6170959472656,8.927096111020647,-1012.365234375,415.0347595214844,8.953748129793277,-1013.890869140625,414.65887451171875,-1012.365234375,415.0347595214844
1327,1327,-1016.4274291992188,414.72076416015625,-1010.8428605647423,423.01609978729164,10.0,-1012.867431640625,425.407470703125,11.264070283548685,-1008.05419921875,420.2615051269531,10.04045769708542,-1009.205322265625,419.125,-1008.05419921875,420.2615051269531
1328,1328,-1013.157958984375,414.3091125488281,-1013.4130273404123,424.30585902624506,10.0,-1016.429443359375,426.73858642578125,12.852798561936979,-1007.596923828125,424.4772033691406,11.589442736351554,-1008.6622924804688,422.9387512207031,-1007.596923828125,424.4772033691406
1329,1329,-1009.8880615234375,413.8974304199219,-1015.8884013752711,421.8971755197671,10.0,-1016.17919921875,422.83203125,10.92728262168663,-1008.0234375,426.0474548339844,12.292270579965894,-1009.2443237304688,423.6920166015625,-1008.0234375,426.0474548339844
1330,1330,-1006.6132202148438,413.485107421875,-1016.1389362866028,416.5282527224205,10.0,-1014.3963623046875,416.46258544921875,8.333227237632018,-1010.066162109375,424.6883850097656,11.723320196870059,-1009.5911254882812,422.2342834472656,-1010.066162109375,424.6883850097656
1331,1331,-1003.1040649414062,413.0079650878906,-1012.6310081633466,409.96866371324455,10.0,-1013.0408935546875,407.40264892578125,11.40877434989971,-1009.8643798828125,418.6176452636719,8.784666742771392,-1009.6818237304688,416.50738525390625,-1009.8643798828125,418.6176452636719
1332,1332,-999.9043579101562,412.5728759765625,-1005.9079252141008,404.57555269767676,10.0,-1002.2389526367188,409.8123779296875,3.615339818619285,-1004.6895751953125,413.7964172363281,4.939165686683026,-1005.8641967773438,412.8056945800781,-1004.6895751953125,413.7964172363281
1333,1333,-996.7071533203125,412.1381530761719,-996.9662553970737,402.14151033404,10.0,-990.8958129882812,404.622314453125,9.500500337475717,-996.5350952148438,408.2974853515625,3.8445198090936725,-997.708984375,407.76416015625,-996.5350952148438,408.2974853515625
1334,1334,-993.2549438476562,411.6749572753906,-987.6737228807815,403.3773689197949,10.0,-982.3179321289062,409.4306945800781,11.164897687916632,-987.4130249023438,406.05126953125,8.108876667405823,-988.9314575195312,406.9311218261719,-987.4130249023438,406.05126953125
1335,1335,-989.8049926757812,411.2120666503906,-980.448286051801,407.6833216677142,10.0,-977.7244262695312,409.63140869140625,12.183536608026287,-978.7769165039062,405.7944030761719,12.286966373197814,-981.394287109375,406.9051208496094,-978.7769165039062,405.7944030761719
1336,1336,-986.6682739257812,410.79119873046875,-976.9977037103093,413.33679722740965,10.0,-975.825439453125,417.5614318847656,12.78292284123484,-975.2156982421875,410.54730224609375,11.455172424871366,-975.7881469726562,410.60565185546875,-975.2156982421875,410.54730224609375
1337,1337,-983.2269897460938,410.33233642578125,-976.8202954782905,418.01050473332026,10.0,-975.8370361328125,422.490478515625,14.227854141903435,-970.9986572265625,413.9914245605469,12.764052733603386,-972.6544799804688,415.3008117675781,-970.9986572265625,413.9914245605469
1338,1338,-980.0945434570312,409.9146728515625,-979.3219559388568,419.88478360956117,10.0,-978.0963134765625,422.8343811035156,13.07332338659263,-970.7435302734375,416.8172607421875,11.622700510102934,-972.14111328125,418.9919128417969,-970.7435302734375,416.8172607421875
1339,1339,-976.6498413085938,409.4553527832031,-981.7971882471695,418.028847956931,10.0,-977.7552490234375,423.1152038574219,13.704505010611337,-970.29638671875,419.9408874511719,12.26021298748032,-972.3991088867188,421.7425231933594,-970.29638671875,419.9408874511719
1340,1340,-973.2445068359375,408.9999694824219,-982.4074675703715,413.0049851601964,10.0,-977.1077880859375,418.01861572265625,9.811265057223517,-971.4720458984375,419.1564025878906,10.309934587611357,-972.7181396484375,421.065673828125,-971.4720458984375,419.1564025878906
1341,1341,-969.8408813476562,408.5448303222656,-979.629512349809,406.49966453346195,10.0,-977.1995849609375,410.5648498535156,7.630923782527906,-972.2847290039062,414.57080078125,6.502669554845223,-973.358154296875,416.7190246582031,-972.2847290039062,414.57080078125
1342,1342,-966.7437133789062,408.1306457519531,-973.5365971531867,400.7919312848876,10.0,-973.6655883789062,406.15185546875,7.199164152908593,-972.2503051757812,410.6759948730469,6.066412066919273,-972.7138061523438,412.2923889160156,-972.2503051757812,410.6759948730469
1343,1343,-963.4463500976562,407.7230529785156,-964.7303805580042,397.8058323105614,10.0,-969.6183471679688,398.393798828125,11.186086484491652,-971.4570922851562,403.1831359863281,9.207759591265678,-970.7457885742188,404.9247131347656,-971.4570922851562,403.1831359863281
1344,1344,-960.1469116210938,407.315185546875,-955.4470468159897,398.4884494109217,10.0,-966.0015869140625,405.07659912109375,6.268053284058041,-967.7428588867188,402.839111328125,8.81666917117311,-967.775634765625,403.28594970703125,-967.7428588867188,402.839111328125
1345,1345,-956.837646484375,406.9061279296875,-947.8926558728344,402.4354296666137,10.0,-958.1288452148438,403.6535339355469,3.499508801572554,-962.2633056640625,401.7905578613281,7.45699903838143,-963.380126953125,401.937744140625,-962.2633056640625,401.7905578613281
1346,1346,-953.3284301757812,406.45703125,-943.4476167125695,407.99635750041386,10.0,-951.6689453125,411.00048828125,4.837033368323466,-957.2435913085938,404.05438232421875,4.593605180731519,-957.6434936523438,403.38836669921875,-957.2435913085938,404.05438232421875
1347,1347,-950.125244140625,406.047119140625,-942.964129291255,413.0269783164345,10.0,-952.7648315429688,417.9402160644531,12.1824946580814,-952.5584106445312,408.68902587890625,3.591652885442472,-953.7009887695312,408.1908874511719,-952.5584106445312,408.68902587890625
1348,1348,-946.9213256835938,405.6370849609375,-945.1292468883817,415.47519725912514,10.0,-952.5569458007812,417.84942626953125,13.449962614923276,-949.4664306640625,414.04443359375,8.784137430349155,-951.2134399414062,412.1566162109375,-949.4664306640625,414.04443359375
1349,1349,-943.7275390625,405.22393798828125,-947.9674966430467,414.28057973426877,10.0,-958.3750610351562,417.71331787109375,19.249272968001915,-949.7879028320312,415.775390625,12.16803853396126,-952.9238891601562,415.2092590332031,-949.7879028320312,415.775390625
1350,1350,-940.5319213867188,404.8105163574219,-949.2352938923455,409.735077965149,10.0,-956.9982299804688,410.9522705078125,17.574426384620512,-948.707275390625,416.0616149902344,13.90768253644227,-953.2674560546875,414.5431213378906,-948.707275390625,416.0616149902344
1351,1351,-937.0254516601562,404.35693359375,-946.9723255548852,403.3275164176934,10.0,-957.700439453125,407.853515625,20.968576636020558,-949.426513671875,413.5301818847656,15.425136084557407,-954.1885375976562,412.3675231933594,-949.426513671875,413.5301818847656
1352,1352,-932.3201293945312,403.71514892578125,-939.8305433905282,397.11259778181176,10.0,-940.1256103515625,398.208740234375,9.552280860997115,-942.6150512695312,403.8798522949219,10.296239294624023,-948.0724487304688,403.6036071777344,-942.6150512695312,403.8798522949219
1353,1353,-927.1499633789062,403.00994873046875,-929.445352767965,393.27695394198787,10.0,-933.9425048828125,396.995849609375,9.072376112167616,-936.6014404296875,398.36431884765625,10.531490656574933,-941.0960693359375,399.3796691894531,-936.6014404296875,398.36431884765625
1354,1354,-923.739990234375,402.5481872558594,-919.9711491070171,393.28558305635175,10.0,-918.3289184570312,396.5774230957031,8.05789814007179,-927.6805419921875,396.09661865234375,7.559807246343503,-931.2964477539062,396.7646484375,-927.6805419921875,396.09661865234375
1355,1355,-920.6265869140625,402.1265869140625,-912.1878417285751,396.7611810865026,10.0,-909.2271118164062,397.5813293457031,12.272220616694158,-916.519287109375,395.1751403808594,8.074188540625475,-919.0183715820312,395.5205993652344,-916.519287109375,395.1751403808594
1356,1356,-917.2030029296875,401.6629943847656,-907.216365277768,402.1797810034621,10.0,-903.1117553710938,403.05352783203125,14.15969071080081,-906.3829956054688,395.5856628417969,12.40993622785026,-908.2747802734375,396.37060546875,-906.3829956054688,395.5856628417969
1357,1357,-913.8905639648438,401.2630310058594,-906.050706197185,407.4708188713459,10.0,-899.65185546875,413.4732666015625,18.757149915147238,-897.5777587890625,402.15545654296875,16.33719792505069,-900.2151489257812,403.3325500488281,-897.5777587890625,402.15545654296875
1358,1358,-910.5665893554688,400.8616943359375,-907.7739577220624,410.4638403752403,10.0,-907.7838745117188,411.2071228027344,10.713141092286508,-896.091064453125,406.5805358886719,15.5642529503878,-898.1591796875,406.88946533203125,-896.091064453125,406.5805358886719
1359,1359,-907.245849609375,400.4607238769531,-910.533610551345,409.90480286796424,10.0,-907.7496337890625,411.3491516113281,10.90007601012076,-896.5625610351562,410.127197265625,14.407406516578007,-898.0455322265625,409.56988525390625,-896.5625610351562,410.127197265625
1360,1360,-904.0799560546875,400.03656005859375,-912.2317643043489,405.8286255158165,10.0,-908.48046875,406.06622314453125,7.464673396172389,-897.2191162109375,409.2974853515625,11.525444054071663,-899.0570068359375,409.4599609375,-897.2191162109375,409.2974853515625
1361,1361,-900.613037109375,399.5720520019531,-910.6130367202185,399.5692621758332,10.0,-910.3232421875,398.0555114746094,9.827918285696143,-900.3351440429688,405.8804931640625,6.314558927759923,-901.58935546875,405.9342956542969,-900.3351440429688,405.8804931640625
1362,1362,-897.4418334960938,399.14715576171875,-905.5904087058491,393.350542780765,10.0,-906.2554321289062,395.99627685546875,9.359890957813855,-899.106201171875,401.3381652832031,2.751480053247828,-902.5958862304688,401.258544921875,-899.106201171875,401.3381652832031
1363,1363,-894.0945434570312,398.6815490722656,-897.3770344197742,389.235637095145,10.0,-894.919677734375,392.5670166015625,6.169955746270022,-897.6290893554688,396.70220947265625,4.051024556669973,-899.052490234375,395.8721618652344,-897.6290893554688,396.70220947265625
1364,1364,-891.0423583984375,398.2569580078125,-888.2443695363825,388.6563716544789,10.0,-883.9932861328125,394.7237548828125,7.884982189486121,-888.5095825195312,393.80877685546875,5.118717536340084,-891.3047485351562,394.224365234375,-888.5095825195312,393.80877685546875
1365,1365,-887.6787109375,397.7890625,-879.8353906606019,391.5856499686589,10.0,-880.6763916015625,395.73956298828125,7.296089660289242,-881.0443115234375,393.1125793457031,8.116942175335199,-884.6072998046875,393.8987731933594,-881.0443115234375,393.1125793457031
1366,1366,-884.1258544921875,397.3123474121094,-874.1389300458636,396.80113307015586,10.0,-877.0118408203125,401.34912109375,8.179531299555668,-876.7698974609375,396.37738037109375,7.415137706973609,-879.0912475585938,395.7929382324219,-876.7698974609375,396.37738037109375
1367,1367,-880.8818359375,396.8771057128906,-872.446085775358,402.24721923142283,10.0,-877.38818359375,406.1136169433594,9.875158044789218,-874.45068359375,401.31280517578125,7.812499612390986,-875.8486938476562,400.43902587890625,-874.45068359375,401.31280517578125
1368,1368,-877.639892578125,396.4421081542969,-873.8762202482604,405.70681379416544,10.0,-877.234619140625,409.8777160644531,13.441718880954037,-870.0038452148438,405.36492919921875,11.74418812579121,-874.1350708007812,405.4517822265625,-870.0038452148438,405.36492919921875
1369,1369,-872.3914184570312,395.774169921875,-874.6922381611896,405.5058824478879,10.0,-879.015380859375,409.40771484375,15.157520412140212,-870.7080688476562,407.8423156738281,12.184982880487244,-874.285400390625,408.24578857421875,-870.7080688476562,407.8423156738281
1370,1370,-867.58056640625,395.16192626953125,-875.0946632269417,401.76028583606524,10.0,-879.0006103515625,405.69342041015625,15.534792323905956,-870.8394165039062,408.2452087402344,13.483040612829207,-874.9544067382812,408.2828674316406,-870.8394165039062,408.2452087402344
1371,1371,-864.1651611328125,394.74017333984375,-874.1126078581482,395.76404034615285,10.0,-876.0947265625,400.5263671875,13.2587544884069,-872.0143432617188,407.3249816894531,14.83196080392404,-874.3395385742188,406.2139892578125,-872.0143432617188,407.3249816894531
1372,1372,-860.7714233398438,394.32110595703125,-869.4720467566674,389.3916889368736,10.0,-872.8631591796875,396.1161193847656,12.224244304917525,-870.656005859375,402.8734130859375,13.070842697108837,-872.8692016601562,401.76544189453125,-870.656005859375,402.8734130859375
1373,1373,-857.6642456054688,393.9374084472656,-861.899149235069,384.8784023622694,10.0,-864.7658081054688,391.11456298828125,7.642031564100933,-864.640380859375,398.0036315917969,8.074690937857326,-868.8447875976562,396.0946044921875,-864.640380859375,398.0036315917969
1374,1374,-854.2758178710938,393.5091857910156,-852.4782500305218,383.6720749418617,10.0,-856.1253662109375,390.08526611328125,3.8915363317069827,-859.8116455078125,395.8690490722656,6.0178353524877295,-861.86279296875,392.1976623535156,-859.8116455078125,395.8690490722656
1375,1375,-851.1847534179688,393.1185302734375,-844.0197451647788,386.14266783702726,10.0,-849.0226440429688,389.1448059082031,4.523848171669804,-853.6063232421875,392.3616943359375,2.5370851483263883,-855.1321411132812,389.4276123046875,-853.6063232421875,392.3616943359375
1376,1376,-847.7990112304688,392.6906433105469,-837.9173404148473,391.1568304498311,10.0,-843.0031127929688,390.68798828125,5.197236668575235,-846.7866821289062,390.59869384765625,2.324018667127851,-848.0812377929688,388.1707458496094,-846.7866821289062,390.59869384765625
1377,1377,-844.6099853515625,392.2561340332031,-835.6674906264831,396.7318225938523,10.0,-839.168701171875,395.9680480957031,6.586795847109786,-840.2850341796875,391.0386962890625,4.493034308789679,-841.6209106445312,389.016357421875,-840.2850341796875,391.0386962890625
1378,1378,-841.4107055664062,391.8201904296875,-836.7157665045098,400.6495475526653,10.0,-839.092041015625,402.4437561035156,10.873654074191842,-835.9124145507812,395.1510925292969,6.428538938956871,-837.4596557617188,393.2727966308594,-835.9124145507812,395.1510925292969
1379,1379,-837.913330078125,391.3436584472656,-839.2028938026345,401.2601611271639,10.0,-845.1339111328125,403.642822265625,14.26205530062734,-837.7839965820312,398.854248046875,7.5117030883130855,-837.4950561523438,397.32965087890625,-837.7839965820312,398.854248046875
1380,1380,-834.5903930664062,390.89044189453125,-841.3873705305908,398.2253650264644,10.0,-845.5007934570312,403.7100524902344,16.83387217811796,-838.58251953125,401.7641906738281,11.583414273286014,-838.2752685546875,400.4990234375,-838.58251953125,401.7641906738281
1381,1381,-831.27392578125,390.4381103515625,-841.0636963910222,392.4778141065333,10.0,-842.2703247070312,390.0823974609375,11.002150744080897,-838.4330444335938,397.66162109375,10.170156700898684,-838.1331176757812,396.5455627441406,-838.4330444335938,397.66162109375
1382,1382,-827.9561767578125,389.9855651855469,-837.1169014065331,385.97543751796286,10.0,-840.99609375,386.94415283203125,13.389907552603107,-837.8766479492188,392.24072265625,10.17356790301168,-837.9436645507812,391.6297302246094,-837.8766479492188,392.24072265625
1383,1383,-824.46337890625,389.54901123046875,-829.6059413316067,380.9726453508371,10.0,-830.905029296875,384.7672424316406,8.022479205363226,-833.785400390625,386.4486083984375,9.82408175230726,-833.7813720703125,387.27008056640625,-833.785400390625,386.4486083984375
1384,1384,-821.27099609375,389.14996337890625,-820.4928457209728,379.18028524983174,10.0,-825.5169677734375,385.45159912109375,5.630823535520652,-830.2288208007812,384.17236328125,10.247883987150079,-828.8829345703125,385.43743896484375,-830.2288208007812,384.17236328125
1385,1385,-818.0704956054688,388.74993896484375,-811.6595181842154,381.07534656497137,10.0,-816.2129516601562,386.5213623046875,2.901210685034838,-822.7794189453125,383.7552795410156,6.864443297206287,-822.2824096679688,384.97607421875,-822.7794189453125,383.7552795410156
1386,1386,-813.112548828125,388.1549987792969,-803.4405597626186,385.6147965202779,10.0,-802.0421752929688,390.1334533691406,11.245774885349684,-811.2979125976562,385.55267333984375,3.1725387849094506,-812.4822998046875,386.0160217285156,-811.2979125976562,385.55267333984375
1387,1387,-808.1439819335938,387.5588073730469,-798.7892456830111,391.0927725231348,10.0,-798.0781860351562,392.631103515625,11.271576430429514,-801.9329223632812,388.017333984375,6.22796175640687,-803.3028564453125,388.3832702636719,-801.9329223632812,388.017333984375
1388,1388,-804.7203369140625,387.0923156738281,-799.1437465815403,395.3930168648854,10.0,-801.9564819335938,395.361083984375,8.718453058115651,-798.084228515625,390.8822326660156,7.64208122722366,-799.0333251953125,391.10223388671875,-798.084228515625,390.8822326660156
1389,1389,-801.5980834960938,386.6669006347656,-801.8627633113122,396.66339725085146,10.0,-802.0949096679688,395.5754089355469,8.922351505637312,-796.7088623046875,393.6768798828125,8.54659539913665,-796.774658203125,393.3924560546875,-796.7088623046875,393.6768798828125
1390,1390,-798.1765747070312,386.2007141113281,-804.1846033045467,394.194686363684,10.0,-807.544189453125,395.5742492675781,13.251994844425793,-796.9547729492188,395.2983703613281,9.179332697890286,-797.755126953125,395.0257568359375,-796.9547729492188,395.2983703613281
1391,1391,-794.963134765625,385.7475891113281,-804.4917723289832,388.7815743100657,10.0,-808.503662109375,392.62237548828125,15.185801542084688,-798.9071655273438,394.90362548828125,9.969372135970886,-799.7733764648438,394.548583984375,-798.9071655273438,394.90362548828125
1392,1392,-791.73876953125,385.29290771484375,-801.2627861510282,382.2444478699074,10.0,-801.23779296875,386.451171875,9.569379401553519,-797.4537353515625,391.931640625,8.759772199077542,-798.9466552734375,391.16827392578125,-797.4537353515625,391.931640625
1393,1393,-788.2296142578125,384.798095703125,-794.2254895962249,376.7950038677018,10.0,-791.16650390625,378.96258544921875,6.5328784414333265,-792.0967407226562,387.9716491699219,5.002610188862748,-794.1409301757812,387.0196838378906,-792.0967407226562,387.9716491699219
1394,1394,-785.1560668945312,384.3836669921875,-785.4055573741925,374.3867797516231,10.0,-789.1122436523438,378.9856872558594,6.692497274774557,-788.8799438476562,385.57965087890625,3.9112193775479307,-790.47119140625,383.6697692871094,-788.8799438476562,385.57965087890625
1395,1395,-781.7761840820312,383.92791748046875,-776.1869878082412,375.6356991395752,10.0,-783.9681396484375,375.8502197265625,8.369819006917737,-784.6180419921875,381.4773864746094,3.752500312084705,-786.2685546875,379.7671203613281,-784.6180419921875,381.4773864746094
1396,1396,-778.4052124023438,383.473388671875,-769.0451173188653,379.9536415178535,10.0,-774.928466796875,376.11700439453125,8.136593245400473,-778.5969848632812,377.362548828125,6.1138482376271455,-779.321533203125,377.0025634765625,-778.5969848632812,377.362548828125
1397,1397,-775.2340087890625,383.0641784667969,-765.5658905613743,385.6190737553447,10.0,-766.9764404296875,381.97320556640625,8.329325127472085,-772.0030517578125,378.36810302734375,5.700193669588663,-772.5311279296875,378.02294921875,-772.0030517578125,378.36810302734375
1398,1398,-772.06494140625,382.6552429199219,-765.6656324322125,390.3395675262099,10.0,-766.5681762695312,386.7386169433594,6.847508333951179,-767.2089233398438,381.359375,5.025951166410846,-767.3280029296875,380.448486328125,-767.2089233398438,381.359375
1399,1399,-768.5706176757812,382.204345703125,-767.8076164823258,392.17519467293624,10.0,-771.1082763671875,386.5936279296875,5.070060167146652,-764.98681640625,382.8177185058594,3.6359122286749472,-766.1238403320312,382.4497985839844,-764.98681640625,382.8177185058594
1400,1400,-765.1620483398438,381.7843017578125,-770.3176360621492,390.3528439464005,10.0,-769.10693359375,385.1559143066406,5.189401781121044,-762.1362915039062,382.78955078125,3.1883741984504512,-764.9810791015625,383.46295166015625,-762.1362915039062,382.78955078125
1401,1401,-762.0482788085938,381.40057373046875,-771.2150860123128,385.39677764041187,10.0,-774.30126953125,381.1528625488281,12.25549437921661,-763.1964721679688,382.0825500488281,1.3354548623281342,-766.354248046875,382.55804443359375,-763.1964721679688,382.0825500488281
1402,1402,-758.6338500976562,380.9798278808594,-768.4205102087542,378.92525155717476,10.0,-770.577392578125,371.9605712890625,14.966469070940981,-765.3906860351562,378.41693115234375,7.226567063781225,-767.01220703125,378.6830139160156,-765.3906860351562,378.41693115234375
1403,1403,-753.8468017578125,380.3721923828125,-760.6326264346874,373.02695015027064,10.0,-753.4577026367188,366.673583984375,13.704133324649842,-759.7621459960938,372.9933166503906,9.45722499107913,-760.8352661132812,373.31329345703125,-759.7621459960938,372.9933166503906
1404,1404,-748.6358642578125,379.7107849121094,-749.9103590093098,369.79233427058244,10.0,-749.1673583984375,368.81964111328125,10.904104698152482,-754.5553588867188,370.36004638671875,11.066920422225614,-753.1036376953125,370.3853759765625,-754.5553588867188,370.36004638671875
1405,1405,-745.43212890625,379.2643737792969,-740.7237796268635,370.4421605046531,10.0,-745.835693359375,366.1739501953125,13.0966428475377,-749.5331420898438,367.4305114746094,12.524320587493499,-748.0259399414062,367.4297790527344,-749.5331420898438,367.4305114746094
1406,1406,-742.2354736328125,378.8189392089844,-733.2861887111584,374.3568433571391,10.0,-743.9982299804688,377.03369140625,2.508868202670343,-744.7266845703125,370.3617858886719,8.816437728379437,-743.911865234375,370.68218994140625,-744.7266845703125,370.3617858886719
1407,1407,-738.729736328125,378.3304138183594,-728.8504074487698,379.8792394681789,10.0,-737.6301879882812,382.5946960449219,4.403760831315658,-737.3771362304688,373.8884582519531,4.643328146718383,-738.9139404296875,375.6959533691406,-737.3771362304688,373.8884582519531
1408,1408,-735.4362182617188,377.90020751953125,-728.2818176511696,384.8869486700086,10.0,-738.0376586914062,387.1785583496094,9.636144791109363,-734.4298095703125,379.4441833496094,1.843019212597491,-736.0733642578125,380.6702880859375,-734.4298095703125,379.4441833496094
1409,1409,-732.1383666992188,377.46942138671875,-730.3557477873181,387.3092521685429,10.0,-737.443115234375,388.6363220214844,12.362848652635495,-732.4365844726562,384.0328063964844,6.570156514635715,-734.3528442382812,384.8376159667969,-732.4365844726562,384.0328063964844
1410,1410,-728.8440551757812,377.03912353515625,-733.0927184906539,386.09168450080875,10.0,-744.0775146484375,385.3489990234375,17.35258822584683,-733.7440795898438,385.602783203125,9.866433305263012,-736.155029296875,386.36016845703125,-733.7440795898438,385.602783203125
1411,1411,-725.7504272460938,376.627197265625,-734.458530549741,381.54338856102913,10.0,-743.5617065429688,380.85943603515625,18.307198452893097,-734.113037109375,385.1387939453125,11.93233094425042,-737.4035034179688,385.2599182128906,-734.113037109375,385.1387939453125
1412,1412,-722.3701171875,376.1770935058594,-732.3159967303836,375.13811317955395,10.0,-734.1172485351562,377.7738952636719,11.855162198504129,-731.1270751953125,382.8813171386719,11.028641261250323,-735.3138427734375,383.04156494140625,-731.1270751953125,382.8813171386719
1413,1413,-718.9788208007812,375.7255554199219,-726.4828831670579,369.11578628605423,10.0,-729.104736328125,364.3171081542969,15.254075989041349,-727.8209228515625,377.0768737792969,8.944765507536458,-731.8692016601562,377.2614440917969,-727.8209228515625,377.0768737792969
1414,1414,-715.77197265625,375.2836608886719,-718.0580029967468,365.548463649667,10.0,-722.3934326171875,361.0545654296875,15.694294810382154,-722.679931640625,370.1236572265625,8.622385697867466,-726.8092041015625,370.1801452636719,-722.679931640625,370.1236572265625
1415,1415,-712.5533447265625,374.84014892578125,-708.7755996202944,365.58117263722386,10.0,-705.97998046875,364.1122741699219,12.581590298658263,-712.82666015625,365.6603698730469,9.183846948916672,-717.71337890625,366.0806884765625,-712.82666015625,365.6603698730469
1416,1416,-709.0420532226562,374.3563232421875,-700.5981532581116,368.9990334993453,10.0,-702.0423583984375,370.1342468261719,8.174451473638467,-703.7605590820312,364.4999694824219,11.182213099163429,-708.430908203125,365.66326904296875,-703.7605590820312,364.4999694824219
1417,1417,-705.8125,373.93560791015625,-695.8263638391344,374.4619961477265,10.0,-697.878662109375,375.5824279785156,8.102950080820449,-697.0780029296875,368.4045104980469,10.338494941409058,-700.7089233398438,368.59375,-697.0780029296875,368.4045104980469
1418,1418,-702.282470703125,373.4757385253906,-694.4485851642041,379.6910613137168,10.0,-693.9609375,378.4864196777344,9.713641977197055,-689.98046875,373.1199645996094,12.30714536929491,-694.430908203125,372.1239929199219,-689.98046875,373.1199645996094
1419,1419,-699.0440673828125,373.0538635253906,-696.2606692205844,382.6586901594588,10.0,-697.6590576171875,381.0992431640625,8.163723757038365,-688.3339233398438,376.7803649902344,11.339929390812873,-692.1785888671875,376.898193359375,-688.3339233398438,376.7803649902344
1420,1420,-695.527587890625,372.6406555175781,-698.8244275165284,382.0815690581775,10.0,-697.361572265625,377.30084228515625,5.0080774151818375,-687.2916259765625,377.45123291015625,9.537962229945755,-691.2032470703125,377.76544189453125,-687.2916259765625,377.45123291015625
1421,1421,-692.3087158203125,372.2624206542969,-700.466089202315,378.0466457110005,10.0,-701.8525390625,375.89263916015625,10.210927895074091,-689.46435546875,377.1273498535156,5.63541674793905,-693.7454223632812,377.6694030761719,-689.46435546875,377.1273498535156
1422,1422,-689.0971069335938,371.885009765625,-699.097099239973,371.8726052359246,10.0,-697.7125244140625,364.3638000488281,11.43652106048016,-689.3837890625,373.5167541503906,1.6567366659334752,-693.8533325195312,373.9803466796875,-689.3837890625,373.5167541503906
1423,1423,-685.9144287109375,371.4971618652344,-694.0574268817937,365.6927169486697,10.0,-695.5758056640625,360.941162109375,14.309833523702437,-691.1851196289062,367.962646484375,6.346099725838679,-693.5838012695312,368.1006774902344,-691.1851196289062,367.962646484375
1424,1424,-682.7325439453125,371.109375,-686.0059514249047,361.66031137059474,10.0,-691.5408935546875,357.9830322265625,15.807842909352042,-688.6119995117188,361.9949645996094,10.84621937377694,-691.924072265625,362.1504211425781,-688.6119995117188,361.9949645996094
1425,1425,-679.2318725585938,370.6827697753906,-676.4246543090105,361.08487804338995,10.0,-681.2342529296875,360.3652038574219,10.510075814292296,-683.326416015625,359.7709655761719,11.654731099583781,-686.6904296875,359.85479736328125,-683.326416015625,359.7709655761719
1426,1426,-676.1434936523438,370.2689208984375,-668.2942126024298,364.07305235565343,10.0,-672.5816650390625,365.39404296875,6.037471151048535,-675.1488037109375,359.2581787109375,11.055580111379369,-679.174072265625,359.8531188964844,-675.1488037109375,359.2581787109375
1427,1427,-672.7413940429688,369.8130187988281,-662.7539826952087,369.311406826648,10.0,-670.1178588867188,373.7076721191406,4.695877042843104,-670.1094360351562,364.0966796875,6.293149910067927,-673.3779296875,364.3735656738281,-670.1094360351562,364.0966796875
1428,1428,-669.34619140625,369.3580627441406,-660.9156083490808,374.7362845056684,10.0,-664.7423706054688,376.24432373046875,8.283462822849566,-664.5719604492188,369.3709411621094,4.774248326671425,-667.2842407226562,369.5262145996094,-664.5719604492188,369.3709411621094
1429,1429,-664.3824462890625,368.67340087890625,-660.6276834402049,377.9417208965167,10.0,-663.9681396484375,382.2257080078125,13.558638519728635,-660.0955200195312,374.0211181640625,6.853890647096439,-663.216064453125,374.8475341796875,-660.0955200195312,374.0211181640625
1430,1430,-659.419677734375,367.98883056640625,-661.7298531298106,377.7183264239686,10.0,-664.703857421875,382.18402099609375,15.146814394613779,-658.84619140625,378.0130310058594,10.040591666773354,-661.2698364257812,378.9673156738281,-658.84619140625,378.0130310058594
1431,1431,-656.0038452148438,367.5061950683594,-663.524282690655,374.09732700243666,10.0,-669.0966796875,376.4743957519531,15.869812161131186,-659.4036865234375,377.864501953125,10.901992590467277,-661.8855590820312,379.0844421386719,-659.4036865234375,377.864501953125
1432,1432,-652.8921508789062,367.0664978027344,-662.8405774243512,368.0808001589805,10.0,-669.048828125,372.42437744140625,17.021900418488478,-659.4324340820312,376.51312255859375,11.489735578119028,-663.095703125,377.9073181152344,-659.4324340820312,376.51312255859375
1433,1433,-649.4931030273438,366.5862121582031,-658.1889829334602,361.6484320235273,10.0,-665.31689453125,361.0015869140625,16.780358061632306,-659.02685546875,369.5498352050781,9.98376167473905,-662.9996337890625,371.03717041015625,-659.02685546875,369.5498352050781
1434,1434,-646.353515625,366.170654296875,-650.579707329842,357.1075806640546,10.0,-656.885986328125,357.4677734375,13.662835517002398,-657.0967407226562,363.30718994140625,11.118287350754667,-659.970947265625,364.49444580078125,-657.0967407226562,363.30718994140625
1435,1435,-642.9132080078125,365.7153015136719,-641.1061829059738,355.87992351985156,10.0,-642.7354736328125,357.1509704589844,8.566175104580886,-647.18701171875,358.2255554199219,8.623322718561942,-651.7743530273438,360.2416076660156,-647.18701171875,358.2255554199219
1436,1436,-639.4849243164062,365.2615051269531,-632.3132122888613,358.29253485911823,10.0,-634.87158203125,362.6130065917969,5.319536777834654,-637.636474609375,357.3349304199219,8.139247686707382,-642.5197143554688,359.7498474121094,-637.636474609375,357.3349304199219
1437,1437,-636.2691650390625,364.89727783203125,-626.3860240750214,363.3729666154836,10.0,-629.34814453125,366.1129150390625,7.026969381510064,-630.6275634765625,360.147705078125,7.374693860402006,-634.92919921875,361.0813903808594,-630.6275634765625,360.147705078125
1438,1438,-633.0484008789062,364.532470703125,-624.1102135297907,369.01675514014613,10.0,-629.44140625,367.98822021484375,4.9952592465960075,-625.794677734375,363.05743408203125,7.402177550631706,-629.4885864257812,363.3260498046875,-625.794677734375,363.05743408203125
1439,1439,-629.558349609375,364.1371765136719,-624.8719018841622,372.9710436011284,10.0,-629.8696899414062,370.20379638671875,6.07460364850223,-622.3592529296875,365.78570556640625,7.385434384056017,-626.3303833007812,366.02069091796875,-622.3592529296875,365.78570556640625
1440,1440,-626.4474487304688,363.7401123046875,-627.7465462839561,373.65537052354006,10.0,-630.7523193359375,370.79290771484375,8.262798195971504,-621.627197265625,368.29718017578125,6.633377101151663,-625.1004028320312,368.267822265625,-621.627197265625,368.29718017578125
1441,1441,-623.0730590820312,363.30938720703125,-629.8770857169545,370.63777185518217,10.0,-636.7730712890625,369.5154113769531,15.04011537424031,-625.0828247070312,369.3567810058594,6.372607757075317,-628.4586181640625,369.29345703125,-625.0828247070312,369.3567810058594
1442,1442,-619.7033081054688,362.8792724609375,-629.4950353053216,364.9095626972488,10.0,-636.2652587890625,366.667236328125,16.98961096390702,-627.5994262695312,369.2132873535156,10.1226689524176,-630.6710815429688,368.7648010253906,-627.5994262695312,369.2132873535156
1443,1443,-616.5056762695312,362.42291259765625,-625.6625410644958,358.403979016874,10.0,-632.1318359375,363.7369689941406,15.681314045130106,-627.2369995117188,367.3251953125,11.79803688520126,-630.28125,366.85198974609375,-627.2369995117188,367.3251953125
1444,1444,-612.9962158203125,361.92205810546875,-618.1305299457116,353.34075176775264,10.0,-613.860595703125,359.2098388671875,2.846627088031356,-618.8182373046875,363.2331848144531,5.967829371851735,-622.7750244140625,363.440185546875,-618.8182373046875,363.2331848144531
1445,1445,-609.7972412109375,361.46551513671875,-609.0095056461736,351.4965897844049,10.0,-608.1808471679688,354.0411682128906,7.598266706789188,-611.672119140625,359.98797607421875,2.3871089066992033,-614.574462890625,358.7828063964844,-611.672119140625,359.98797607421875
1446,1446,-604.5910034179688,360.7605285644531,-598.1726500655724,353.09210367769947,10.0,-601.2903442382812,357.14898681640625,4.892605115717069,-604.723876953125,357.575439453125,3.187859473603864,-606.874755859375,356.99822998046875,-604.723876953125,357.575439453125
1447,1447,-599.8502807617188,360.1185607910156,-590.1758538371326,357.5876590385087,10.0,-593.3858032226562,356.4686279296875,7.423710645307135,-596.775146484375,355.3603515625,5.665421951278274,-598.6265258789062,355.6562805175781,-596.775146484375,355.3603515625
1448,1448,-596.4432373046875,359.667236328125,-587.0919031813103,363.2101941479362,10.0,-593.8623657226562,362.2676696777344,3.663761963978708,-591.6217651367188,357.6563415527344,5.224011070450616,-593.3201904296875,357.7154235839844,-591.6217651367188,357.6563415527344
1449,1449,-593.3433837890625,359.2566223144531,-587.7747769136384,367.56268139605015,10.0,-593.916748046875,366.02105712890625,6.788690958581217,-590.0441284179688,360.8143005371094,3.648485637771991,-590.3335571289062,360.21087646484375,-590.0441284179688,360.8143005371094
1450,1450,-589.9339599609375,358.80499267578125,-590.2082509906612,368.8012301895168,10.0,-594.3485107421875,365.635498046875,8.132899988612644,-588.07763671875,362.5685119628906,4.196428648735704,-589.171875,362.3199462890625,-588.07763671875,362.5685119628906
1451,1451,-586.541015625,358.3880920410156,-592.55672741422,366.3762840560488,10.0,-597.9085693359375,362.7256774902344,12.167001475315237,-589.3643798828125,363.4335021972656,5.781656283201534,-590.5118408203125,362.796630859375,-589.3643798828125,363.4335021972656
1452,1452,-583.1549682617188,357.9720458984375,-592.6865185081576,360.9968681906741,10.0,-597.8911743164062,359.83148193359375,14.853055956773547,-591.341064453125,363.0644836425781,9.640803547054777,-592.0151977539062,361.9780578613281,-591.341064453125,363.0644836425781
1453,1453,-580.0584716796875,357.59161376953125,-589.5795528930566,354.53399827237837,10.0,-593.525390625,355.8248596191406,13.58231666938815,-590.83740234375,360.82611083984375,11.253769037905789,-591.6987915039062,359.67083740234375,-590.83740234375,360.82611083984375
1454,1454,-576.6447143554688,357.1581115722656,-582.6328921856064,349.14925857856866,10.0,-590.6724853515625,351.38580322265625,15.168978304481127,-589.159423828125,356.8077087402344,12.519614024788767,-590.4819946289062,356.0538330078125,-589.159423828125,356.8077087402344
1455,1455,-573.250732421875,356.72711181640625,-573.490611073802,346.72998931878976,10.0,-571.1141357421875,342.9222412109375,13.969233973464213,-581.195068359375,351.18182373046875,9.688276082146626,-582.6060180664062,350.2956237792969,-581.195068359375,351.18182373046875
1456,1456,-570.1524047851562,356.33367919921875,-564.555238371249,348.0468385385672,10.0,-564.4352416992188,341.4495544433594,15.944375920655919,-569.7828979492188,344.9334716796875,11.40619422902229,-572.4624633789062,345.3699645996094,-569.7828979492188,344.9334716796875
1457,1457,-566.9794921875,355.89910888671875,-557.6160172972362,352.3883628150982,10.0,-556.9248046875,347.828125,12.893313058416364,-560.9232177734375,344.306884765625,13.078918909913611,-563.4429321289062,344.6264953613281,-560.9232177734375,344.306884765625
1458,1458,-563.8077392578125,355.4647216796875,-554.1420819553662,358.0289113980322,10.0,-555.990234375,356.30224609375,7.8622407580121845,-554.380859375,347.7268371582031,12.195938717163287,-557.02685546875,348.04443359375,-554.380859375,347.7268371582031
1459,1459,-560.3177490234375,354.9867248535156,-553.9258312588513,362.67719865496423,10.0,-557.061279296875,360.0611572265625,6.029465895802395,-550.2400512695312,352.7881164550781,10.314740467348996,-553.5132446289062,352.81219482421875,-550.2400512695312,352.7881164550781
1460,1460,-556.9105834960938,354.5425720214844,-556.1571693326939,364.51414998579816,10.0,-556.876220703125,359.5304260253906,4.987972370194549,-548.029052734375,355.8012390136719,8.970274871406046,-551.7058715820312,355.8946838378906,-548.029052734375,355.8012390136719
1461,1461,-553.8125610351562,354.13873291015625,-558.9763847752341,362.7023141926226,10.0,-560.4635009765625,361.3027038574219,9.775350727081811,-547.406494140625,357.728515625,7.343312127167156,-552.136474609375,358.6397705078125,-547.406494140625,357.728515625
1462,1462,-550.4116821289062,353.6954040527344,-559.5823273278778,357.6827925006512,10.0,-559.95068359375,358.39111328125,10.6321321523511,-549.9249267578125,359.0107421875,5.337579065286277,-553.1824340820312,359.4327087402344,-549.9249267578125,359.0107421875
1463,1463,-547.1904907226562,353.2681884765625,-556.9751708956585,351.2042035173014,10.0,-557.362060546875,348.6833190917969,11.157143898163122,-551.0274658203125,355.5517578125,4.465094266873682,-553.6239013671875,356.1075134277344,-551.0274658203125,355.5517578125
1464,1464,-543.9683227539062,352.8408203125,-550.747082060385,345.4890571046139,10.0,-552.1546630859375,342.0892333984375,13.51342995699025,-548.369140625,350.41546630859375,5.024892036531949,-552.0677490234375,350.8727722167969,-548.369140625,350.41546630859375
1465,1465,-540.4238891601562,352.3707275390625,-541.6888470246259,342.4510560928342,10.0,-539.1744384765625,331.4554138183594,20.952600675003694,-542.996826171875,342.53790283203125,10.163879504671256,-546.0130615234375,342.2018127441406,-542.996826171875,342.53790283203125
1466,1466,-535.4121704101562,351.7171630859375,-530.6953410090058,342.8994808280852,10.0,-535.0416870117188,330.961669921875,20.758799445824486,-534.9971923828125,335.6626281738281,16.059897197906245,-539.1575927734375,335.86627197265625,-534.9971923828125,335.6626281738281
1467,1467,-530.4360961914062,351.0682678222656,-521.4825252325888,346.61477850652426,10.0,-526.080078125,341.6177673339844,10.406096908729122,-528.6096801757812,335.9588928222656,15.219362941751422,-532.1918334960938,335.82415771484375,-528.6096801757812,335.9588928222656
1468,1468,-527.5535888671875,350.73077392578125,-517.6757537043951,352.289097543231,10.0,-518.079345703125,347.75921630859375,9.92932214222351,-520.4922485351562,340.2802429199219,12.612538427659967,-524.1416625976562,339.98126220703125,-520.4922485351562,340.2802429199219
1469,1469,-524.3851318359375,350.3597717285156,-517.2374520779224,357.35338839493807,10.0,-516.9541015625,350.70587158203125,7.439085698750092,-514.6976318359375,345.0940856933594,11.02611017860966,-518.0640258789062,345.30438232421875,-514.6976318359375,345.0940856933594
1470,1470,-521.2141723632812,349.98846435546875,-519.4410149825919,359.8300045247363,10.0,-516.4336547851562,350.678955078125,4.830126887860863,-510.79083251953125,348.3440246582031,10.552260204157655,-514.111572265625,348.1854553222656,-510.79083251953125,348.3440246582031
1471,1471,-518.6050415039062,349.6830749511719,-522.8624066255298,358.7315467680691,10.0,-520.8065795898438,350.7763366699219,2.458046201664557,-511.45037841796875,349.32330322265625,7.163702923064009,-513.9383544921875,350.01690673828125,-511.45037841796875,349.32330322265625
1472,1472,-516.001708984375,349.37835693359375,-524.714535036047,354.2861733720219,10.0,-522.3190307617188,349.109619140625,6.32303522367789,-512.1262817382812,350.3215026855469,3.988541117901759,-515.0396728515625,350.42962646484375,-512.1262817382812,350.3215026855469
1473,1473,-513.6058959960938,349.0979309082031,-523.5507719929044,348.0493883921079,10.0,-522.2551879882812,347.947265625,8.725496121143355,-513.3333129882812,350.366943359375,1.2979576639387589,-516.2029418945312,350.156982421875,-513.3333129882812,350.366943359375
1474,1474,-511.9492492675781,348.96221923828125,-519.4469530671851,342.3452382247555,10.0,-517.7788696289062,344.6104736328125,7.274762083527408,-512.524169921875,348.909912109375,0.5772952402987244,-515.490234375,348.8307189941406,-512.524169921875,348.909912109375
1475,1475,-510.12432861328125,348.812744140625,-512.4009977919518,339.07535345056374,10.0,-510.9183654785156,344.3853759765625,4.498008826525954,-511.162353515625,347.23583984375,1.887888465823283,-512.7196044921875,347.0607604980469,-511.162353515625,347.23583984375
1476,1476,-508.3056335449219,348.6637878417969,-504.5189879519897,339.4084480234257,10.0,-500.78302001953125,344.029052734375,8.835750322884799,-505.02581787109375,345.53057861328125,4.535878186629808,-506.3517150878906,345.546875,-505.02581787109375,345.53057861328125
1477,1477,-507.2699890136719,349.041259765625,-498.82094207582816,343.69209105991814,10.0,-496.5983581542969,345.5561828613281,11.22628461369247,-498.6588134765625,344.7320556640625,9.629204750125215,-500.47882080078125,345.2021484375,-498.6588134765625,344.7320556640625
1478,1478,-506.23565673828125,349.41827392578125,-496.2500312999113,349.9542632956195,10.0,-493.2071533203125,346.50177001953125,13.350951140169562,-493.5270080566406,344.2991027832031,13.700936628580202,-495.27142333984375,345.6587829589844,-493.5270080566406,344.2991027832031
1479,1479,-505.0989074707031,349.8326416015625,-497.27100140236513,356.05549356712277,10.0,-496.8301696777344,347.2001647949219,8.677670126616391,-490.7638854980469,344.4141540527344,15.324909861834193,-493.58746337890625,346.2734375,-490.7638854980469,344.4141540527344
1480,1480,-504.5246887207031,351.42926025390625,-501.7505266026972,361.03675860379013,10.0,-501.5111083984375,348.4200134277344,4.258783020954706,-491.5363464355469,346.39923095703125,13.92832473931444,-494.2821350097656,347.2342224121094,-491.5363464355469,346.39923095703125
1481,1481,-503.8938293457031,353.183349609375,-507.1997446078576,362.6210889721384,10.0,-507.72760009765625,353.1122741699219,3.834429539921771,-496.782470703125,349.53802490234375,7.991233569547512,-498.434326171875,349.8889465332031,-496.782470703125,349.53802490234375
1482,1482,-503.6318664550781,354.99774169921875,-511.794797428536,360.7741210083156,10.0,-512.0663452148438,350.42144775390625,9.595983442192953,-500.38909912109375,349.5075988769531,6.376300509796483,-502.90252685546875,350.6206359863281,-500.38909912109375,349.5075988769531
1483,1483,-503.3445739746094,356.9874267578125,-513.3445497322735,356.9654075359998,10.0,-511.6122131347656,348.61065673828125,11.769627574510025,-504.4619445800781,348.30303955078125,8.75597500176957,-506.4776916503906,350.2308654785156,-504.4619445800781,348.30303955078125
1484,1484,-503.0564270019531,358.98309326171875,-511.19384060631336,353.1708217753227,10.0,-512.0665283203125,348.351806640625,13.935787777766578,-508.65399169921875,347.4791564941406,12.79348629938338,-509.3935852050781,349.6360778808594,-508.65399169921875,347.4791564941406
1485,1485,-502.6187744140625,361.8926696777344,-505.8830953844806,352.4404631310021,10.0,-505.28271484375,346.7728576660156,15.352696632274025,-508.1917419433594,346.2061767578125,16.647042596490117,-508.5740966796875,348.54998779296875,-508.1917419433594,346.2061767578125
1486,1486,-502.2197570800781,364.5455322265625,-499.4033120380305,354.9503439884337,10.0,-498.6224670410156,347.4853515625,17.435316455848753,-503.4123840332031,344.8139953613281,19.767546790470067,-504.544189453125,347.9529113769531,-503.4123840332031,344.8139953613281
1487,1487,-501.8207092285156,367.198486328125,-493.9654746616642,361.0101675015177,10.0,-496.379150390625,348.8612976074219,19.127546961513584,-499.8162841796875,344.6688537597656,22.618622050019958,-500.8291931152344,348.17926025390625,-499.8162841796875,344.6688537597656
1488,1488,-501.44525146484375,370.26788330078125,-491.4573624482681,369.77587416207757,10.0,-492.1811828613281,357.6261901855469,15.672758911895766,-495.0592956542969,348.8062438964844,22.391569787183876,-496.8750915527344,352.037109375,-495.0592956542969,348.8062438964844
1489,1489,-501.0693359375,373.341064453125,-492.6439277787524,378.72738948588244,10.0,-496.10809326171875,371.0704650878906,5.456147942037115,-494.4093017578125,354.928466796875,19.580087020377327,-495.50262451171875,357.8703918457031,-494.4093017578125,354.928466796875
1490,1490,-500.656494140625,376.7162780761719,-496.9106442437749,385.9882039036507,10.0,-491.1956481933594,394.5946044921875,20.22726282707313,-492.2969970703125,371.17852783203125,10.027356034121997,-493.20941162109375,373.878173828125,-492.2969970703125,371.17852783203125
1491,1491,-500.3695068359375,379.87335205078125,-502.68903578706363,389.60062224569657,10.0,-512.1499633789062,387.739501953125,14.165291054084198,-499.8214416503906,379.7995910644531,0.5530064472613573,-500.87237548828125,382.9739074707031,-499.8214416503906,379.7995910644531
1492,1492,-500.0547180175781,383.336181640625,-507.58148919642264,389.9200798492333,10.0,-513.521728515625,387.9102478027344,14.22260359462566,-506.4210510253906,385.4239807128906,6.699932905075704,-506.9289245605469,388.8254699707031,-506.4210510253906,385.4239807128906
1493,1493,-499.76800537109375,386.4901428222656,-509.7174025400661,387.4948795908004,10.0,-514.3062133789062,386.953857421875,14.54560151070812,-510.1013488769531,389.6213073730469,10.797322791051274,-511.1610107421875,391.7304382324219,-510.1013488769531,389.6213073730469
1494,1494,-499.4681701660156,389.6722412109375,-508.15929852272876,384.7261025263537,10.0,-511.5010986328125,382.3031311035156,14.110108123694795,-512.4083251953125,389.932373046875,12.942769439123353,-512.6876831054688,391.70416259765625,-512.4083251953125,389.932373046875
1495,1495,-499.168212890625,392.85552978515625,-503.3856887639092,383.788396982651,10.0,-507.4412841796875,379.9319763183594,15.344769231339642,-511.6671142578125,389.6665954589844,12.899296008826173,-511.8982849121094,390.1016540527344,-511.6671142578125,389.6665954589844
1496,1496,-498.8386535644531,396.3530578613281,-497.0221728718084,386.5194218149184,10.0,-501.2615966796875,386.0973815917969,10.538004986006037,-509.06884765625,390.63421630859375,11.720154429917594,-508.86627197265625,390.0101318359375,-509.06884765625,390.63421630859375
1497,1497,-498.4209289550781,399.7318420410156,-491.2425197828929,392.76977038405266,10.0,-484.54315185546875,391.76495361328125,16.002000138932953,-499.9124755859375,392.558349609375,7.3269164741269766,-499.6026306152344,391.9754943847656,-499.9124755859375,392.558349609375
1498,1498,-498.0408935546875,402.80560302734375,-488.15629157845683,401.29079486407795,10.0,-492.572509765625,397.90826416015625,7.340786691121524,-496.3622741699219,395.76202392578125,7.240840393136622,-495.5993957519531,395.5582580566406,-496.3622741699219,395.76202392578125
1499,1499,-497.6233825683594,406.18255615234375,-488.689510857898,410.6754323203477,10.0,-487.765380859375,410.3359069824219,10.697220237615449,-490.8022155761719,402.8673095703125,7.584139966731769,-490.7904968261719,403.0581359863281,-490.8022155761719,402.8673095703125
1500,1500,-497.2271423339844,409.3678283691406,-492.54919027772826,418.20619725482135,10.0,-495.0501708984375,413.53924560546875,4.705308320474058,-491.2661437988281,409.4666748046875,5.961818024223423,-490.623779296875,409.46795654296875,-491.2661437988281,409.4666748046875
1501,1501,-496.79486083984375,412.8431396484375,-498.10349102139094,422.75714424032384,10.0,-497.8601989746094,420.3793029785156,7.61109079429487,-492.0237731933594,416.23980712890625,5.8566737405552765,-492.3778076171875,416.2902526855469,-492.0237731933594,416.23980712890625
1502,1502,-496.39788818359375,416.0343322753906,-503.208957699439,423.35617166521087,10.0,-503.3915100097656,418.7010498046875,7.484793158702975,-496.62774658203125,421.2496643066406,5.220394916049408,-496.4411926269531,420.1893005371094,-496.62774658203125,421.2496643066406
1503,1503,-495.8108825683594,420.8694763183594,-505.6045573065677,422.89035115915976,10.0,-505.39422607421875,420.46685791015625,9.59179724211897,-500.2543640136719,424.3082580566406,5.618696218730203,-500.0676574707031,423.12164306640625,-500.2543640136719,424.3082580566406
1504,1504,-495.22344970703125,425.7080078125,-504.3764461833978,421.6802720337253,10.0,-497.7882995605469,424.56982421875,2.806050010987115,-500.5067138671875,428.38568115234375,5.923074767458327,-499.5375061035156,426.2638244628906,-500.5067138671875,428.38568115234375
1505,1505,-494.86932373046875,428.6814270019531,-499.99538480961706,420.09518813893277,10.0,-492.6067810058594,425.381103515625,4.001404090452731,-498.0706481933594,430.74981689453125,3.811392798495229,-496.0137939453125,428.2434997558594,-498.0706481933594,430.74981689453125
1506,1506,-494.54608154296875,431.3954162597656,-493.7487615144201,421.42725289974413,10.0,-488.21246337890625,424.549072265625,9.32668993449701,-493.93310546875,429.096435546875,2.3792965317101014,-491.405517578125,428.9913024902344,-493.93310546875,429.096435546875
1507,1507,-494.1919860839844,434.36865234375,-487.7662627337373,426.70640205900406,10.0,-483.25341796875,428.7345886230469,12.304265375087017,-489.8565673828125,432.0323791503906,4.9248378398156865,-487.1297607421875,430.3478698730469,-489.8565673828125,432.0323791503906
1508,1508,-493.9743347167969,436.5247802734375,-484.29747887642066,434.00318136707347,10.0,-478.4007568359375,434.1876220703125,15.747972456085478,-482.45733642578125,435.4266052246094,11.5692367109125,-482.758544921875,433.4698181152344,-482.45733642578125,435.4266052246094
1509,1509,-493.73553466796875,438.8905029296875,-484.3876113164117,442.44245014402145,10.0,-476.6766357421875,447.6761474609375,19.188371019695854,-479.88043212890625,443.9591369628906,14.75313245824361,-477.9910583496094,440.5065612792969,-479.88043212890625,443.9591369628906
1510,1510,-493.4975280761719,441.2481994628906,-487.9369098056107,449.5596087566928,10.0,-479.81610107421875,453.04296875,18.063721303926016,-482.0455017089844,452.723876953125,16.212343500389746,-477.5528564453125,448.6629943847656,-482.0455017089844,452.723876953125
1511,1511,-493.5469665527344,442.631103515625,-493.8308685434006,452.6270726862305,10.0,-487.5353698730469,453.118896484375,12.088552270416491,-483.43975830078125,458.06622314453125,18.44989367467998,-479.0966491699219,453.3673095703125,-483.43975830078125,458.06622314453125
1512,1512,-493.60125732421875,444.1502990722656,-499.6246467440641,452.13270346548546,10.0,-493.9435119628906,446.13690185546875,2.015869255661889,-487.4344787597656,456.7740478515625,14.049490777455171,-484.9292907714844,453.0677185058594,-487.4344787597656,456.7740478515625
1513,1513,-493.6507263183594,445.53399658203125,-503.1851804366684,448.54965317154205,10.0,-497.4197692871094,442.32928466796875,4.947308697910203,-496.6920471191406,453.4771423339844,8.505480389139445,-493.53228759765625,449.67694091796875,-496.6920471191406,453.4771423339844
1514,1514,-494.3319091796875,446.0987243652344,-503.850046185115,443.0319560424047,10.0,-497.1251220703125,440.7662353515625,6.019757248700724,-498.05523681640625,451.935302734375,6.923064043432927,-496.82904052734375,445.9097900390625,-498.05523681640625,451.935302734375
1515,1515,-495.0782775878906,446.7174987792969,-501.05875237412835,438.7028920309171,10.0,-496.8464050292969,439.67181396484375,7.264155088767666,-498.2398681640625,448.68182373046875,3.7221267422181095,-498.15692138671875,443.117431640625,-498.2398681640625,448.68182373046875
1516,1516,-495.82598876953125,447.3373718261719,-496.056255371974,437.340023313101,10.0,-493.15655517578125,437.450927734375,10.24049083255614,-498.817626953125,446.52777099609375,3.0992503167055254,-497.9779968261719,440.5444641113281,-498.817626953125,446.52777099609375
1517,1517,-497.48919677734375,447.6684265136719,-491.88406539748314,439.3869711938321,10.0,-490.595703125,437.38006591796875,12.38428917952582,-497.1636657714844,440.2724914550781,7.403095692121773,-496.3305358886719,438.69287109375,-497.1636657714844,440.2724914550781
1518,1518,-499.0064697265625,447.970458984375,-489.6396236853513,444.4687172405786,10.0,-480.19573974609375,450.31719970703125,18.95654911679547,-490.4577941894531,442.14117431640625,10.347000201942,-488.7506103515625,441.5843811035156,-490.4577941894531,442.14117431640625
1519,1519,-500.5237121582031,448.2724609375,-490.86052471618103,450.84594271523747,10.0,-480.19952392578125,454.4261474609375,21.235359312609997,-485.547119140625,446.3710021972656,15.096817007402041,-483.5943603515625,446.7023620605469,-485.547119140625,446.3710021972656
1520,1520,-502.90802001953125,448.7227783203125,-496.5234993732498,456.41939420764936,10.0,-490.675537109375,453.72650146484375,13.216311265038456,-488.4111633300781,451.3680725097656,14.736228663511444,-485.78753662109375,449.89984130859375,-488.4111633300781,451.3680725097656
1521,1521,-505.0904846191406,449.135009765625,-504.34665818227313,459.1073075064577,10.0,-499.0855712890625,449.4478454589844,6.013056649723965,-495.572998046875,452.80963134765625,10.202224974209612,-492.3526916503906,450.8116149902344,-495.572998046875,452.80963134765625
1522,1522,-507.4784240722656,449.5860290527344,-512.6504790565432,458.1446415126843,10.0,-503.58074951171875,449.9774475097656,3.9172790797234502,-501.0400085449219,453.93914794921875,7.771926313962996,-498.8396911621094,451.5311279296875,-501.0400085449219,453.93914794921875
1523,1523,-511.6558532714844,450.3094787597656,-520.8303279881271,454.2880480596125,10.0,-529.991943359375,444.6170959472656,19.199359931916643,-509.2691955566406,451.087646484375,2.5103147323486996,-507.03570556640625,448.7463684082031,-509.2691955566406,451.087646484375
1524,1524,-516.2202758789062,451.0999755859375,-526.0029670686023,449.0265838991008,10.0,-532.0534057617188,442.3343200683594,18.097644005197417,-524.160400390625,445.376953125,9.787674052091846,-521.2206420898438,445.3637390136719,-524.160400390625,445.376953125
1525,1525,-519.61376953125,451.49737548828125,-526.385457200872,444.13909810120964,10.0,-532.0809936523438,441.36224365234375,16.067127142629314,-531.2969360351562,442.9598693847656,14.470155148634845,-530.090576171875,443.0400390625,-531.2969360351562,442.9598693847656
1526,1526,-522.7125244140625,451.86029052734375,-523.9679442221461,441.93940744641435,10.0,-529.351806640625,440.5603332519531,13.106071223276723,-536.745361328125,443.5149841308594,16.326807731699365,-535.4791259765625,441.5533447265625,-536.745361328125,443.5149841308594
1527,1527,-526.10595703125,452.2576904296875,-521.3806518686954,443.444547339919,10.0,-529.1858520507812,441.7647399902344,10.93561896996018,-536.4810180664062,441.420654296875,15.002774530969303,-538.0751342773438,441.1067810058594,-536.4810180664062,441.420654296875
1528,1528,-529.2655029296875,452.56097412109375,-520.3076542106187,448.1160954583767,10.0,-528.5396118164062,444.2794189453125,8.313307045806134,-536.3300170898438,441.0426025390625,13.51222573156596,-538.3407592773438,441.69378662109375,-536.3300170898438,441.0426025390625
1529,1529,-532.7318725585938,452.8936767578125,-522.8555402436898,454.46149690233904,10.0,-531.7422485351562,448.92767333984375,4.087607958097796,-534.9207153320312,442.15869140625,10.955863415773813,-536.8305053710938,443.755615234375,-534.9207153320312,442.15869140625
1530,1530,-536.1959228515625,453.2261657714844,-529.0549705535802,460.2266514887715,10.0,-537.358642578125,459.4222412109375,6.3042262026304074,-537.3815307617188,447.8197021484375,5.534935864484268,-538.7593994140625,449.38226318359375,-537.3815307617188,447.8197021484375
1531,1531,-539.4191284179688,453.57464599609375,-537.6554342076421,463.41788645503107,10.0,-541.6952514648438,466.59112548828125,13.213987834679328,-540.6946411132812,456.7528991699219,3.4246497445508073,-541.615234375,458.12347412109375,-540.6946411132812,456.7528991699219
1532,1532,-542.638916015625,453.9227294921875,-546.9049790083815,462.9671037956888,10.0,-548.5986938476562,467.1312255859375,14.490801249957855,-542.0414428710938,461.9254150390625,8.024957951328972,-545.9566040039062,463.868408203125,-542.0414428710938,461.9254150390625
1533,1533,-546.1837158203125,454.30596923828125,-554.9012565656487,459.2054062828203,10.0,-555.4528198242188,461.5770568847656,11.780704758124132,-549.128662109375,464.2174987792969,10.339783677035435,-551.7363891601562,465.3613586425781,-549.128662109375,464.2174987792969
1534,1534,-549.5901489257812,454.7232360839844,-559.5340121832194,453.6651323474003,10.0,-560.064697265625,456.664306640625,10.652883075936796,-555.479736328125,463.2829284667969,10.390167152564223,-557.2027587890625,463.8409118652344,-555.479736328125,463.2829284667969
1535,1535,-552.6871948242188,455.1025695800781,-560.178533126086,448.4783828038031,10.0,-561.07470703125,451.8124084472656,9.009745906681735,-559.7784423828125,460.10736083984375,8.679500417137396,-561.307861328125,460.3524169921875,-559.7784423828125,460.10736083984375
1536,1536,-556.0897827148438,455.51934814453125,-558.3570886270763,445.77977300490863,10.0,-560.99658203125,448.5643310546875,8.511694440680039,-562.616455078125,455.1021728515625,6.539991388578644,-563.6787719726562,456.4632263183594,-562.616455078125,455.1021728515625
1537,1537,-559.1427612304688,455.9479675292969,-555.3472186513442,446.69627273698705,10.0,-557.196533203125,448.7185974121094,7.486761370960207,-562.0780029296875,452.3557434082031,4.638935003748203,-563.1394653320312,453.2362060546875,-562.0780029296875,452.3557434082031
1538,1538,-562.493896484375,456.4184265136719,-554.0397103837496,451.0773837900089,10.0,-557.712646484375,453.1856384277344,5.771591667042935,-561.3222045898438,451.8695983886719,4.697307655082989,-562.3402709960938,452.66070556640625,-561.3222045898438,451.8695983886719
1539,1539,-565.8427124023438,456.8885803222656,-555.857606917439,457.4341703288884,10.0,-556.69091796875,457.41558837890625,9.166955811310627,-559.3873291015625,452.9598388671875,7.5569162348708625,-561.0839233398438,454.248291015625,-559.3873291015625,452.9598388671875
1540,1540,-570.929443359375,457.59332275390625,-563.1075239979388,463.8236981441367,10.0,-563.9191284179688,460.7850341796875,7.702696761730031,-562.2764282226562,456.3410339355469,8.74316294260102,-562.8916015625,456.66619873046875,-562.2764282226562,456.3410339355469
1541,1541,-575.5650024414062,458.2355651855469,-572.8000789321306,467.84572636982756,10.0,-577.2174072265625,461.46380615234375,3.6265660498208074,-568.1307373046875,458.4679260253906,7.437895514386092,-568.8573608398438,458.80181884765625,-568.1307373046875,458.4679260253906
1542,1542,-578.7452392578125,458.6805419921875,-582.0602271001437,468.1150984526257,10.0,-586.6648559570312,460.59283447265625,8.147219844425571,-576.55419921875,459.4083557128906,2.3087592479119015,-577.883056640625,460.0420227050781,-576.55419921875,459.4083557128906
1543,1543,-582.24169921875,459.1697692871094,-590.4101802376388,464.93829750876637,10.0,-591.150634765625,459.3822021484375,8.911467909325882,-584.3511962890625,458.5289306640625,2.204688647053283,-586.459716796875,460.148681640625,-584.3511962890625,458.5289306640625
1544,1544,-585.4302368164062,459.61590576171875,-595.4301867811199,459.58427186814777,10.0,-594.546142578125,457.89886474609375,9.276204380341975,-590.4637451171875,458.215087890625,5.224796313925489,-592.7962036132812,459.5386657714844,-590.4637451171875,458.215087890625
1545,1545,-588.868896484375,460.0687561035156,-597.0007179998037,454.24866342030083,10.0,-595.0237426757812,455.8656311035156,7.453079323708625,-595.7559204101562,457.879638671875,7.226571364332897,-596.884765625,458.5203552246094,-595.7559204101562,457.879638671875
1546,1546,-592.0352172851562,460.4857177734375,-595.2904487287789,451.03037704724204,10.0,-595.0700073242188,453.5872497558594,7.536498628059401,-596.5883178710938,455.71356201171875,6.595771036032851,-598.974365234375,456.9135437011719,-596.5883178710938,455.71356201171875
1547,1547,-595.4895629882812,460.94061279296875,-592.6638937573647,451.34813691875087,10.0,-591.6232299804688,454.087890625,7.868184799473814,-595.0862426757812,454.8841552734375,6.069871906421231,-598.3167724609375,455.6219787597656,-595.0862426757812,454.8841552734375
1548,1548,-598.8135375976562,461.368408203125,-590.952356775448,455.1876448133368,10.0,-590.7227783203125,457.5244445800781,8.957479668926501,-596.61328125,457.1295471191406,4.775884345827358,-596.6839599609375,456.157470703125,-596.61328125,457.1295471191406
1549,1549,-602.1309204101562,461.79534912109375,-592.1425629578271,461.3129432706936,10.0,-590.6337890625,459.13739013671875,11.800371824136722,-594.1069946289062,457.8216857910156,8.953959191542923,-595.0350952148438,457.5657653808594,-594.1069946289062,457.8216857910156
1550,1550,-605.4365234375,462.2207946777344,-597.0162979658379,467.61521800246277,10.0,-593.8695678710938,463.3212890625,11.619188825650317,-593.853271484375,459.878173828125,11.817766212554666,-595.1340942382812,459.541748046875,-593.853271484375,459.878173828125
1551,1551,-608.6317749023438,462.6282043457031,-604.8948414202604,471.90372741184257,10.0,-604.8134155273438,464.39459228515625,4.20713616006136,-599.1781005859375,463.87103271484375,9.535018638462114,-598.6770629882812,461.695556640625,-599.1781005859375,463.87103271484375
1552,1552,-612.1229858398438,463.0733642578125,-614.4518662024291,472.7983997979411,10.0,-619.0047607421875,474.6542053222656,13.471254788127649,-607.658203125,468.8771667480469,7.32245915225331,-608.3367309570312,467.08642578125,-607.658203125,468.8771667480469
1553,1553,-615.3017578125,463.47869873046875,-622.8348557364371,470.055357127282,10.0,-625.93505859375,468.99951171875,11.981087661648537,-616.43701171875,471.03558349609375,7.641682327379953,-616.6588134765625,469.0652160644531,-616.43701171875,471.03558349609375
1554,1554,-618.4952392578125,463.9070739746094,-628.4455978528329,464.9022442266293,10.0,-641.7234497070312,466.1256103515625,23.333916609284852,-630.49658203125,467.51190185546875,12.53104195253378,-633.9552001953125,467.91485595703125,-630.49658203125,467.51190185546875
1555,1555,-621.6919555664062,464.33587646484375,-630.3783243394136,459.3813838026911,10.0,-642.0014038085938,465.21307373046875,20.328383185706453,-636.7994995117188,467.8547058105469,15.511932311086516,-641.8233642578125,467.1358337402344,-636.7994995117188,467.8547058105469
1556,1556,-625.17724609375,464.80340576171875,-629.3860022367319,455.7322221714196,10.0,-642.7188720703125,464.34197998046875,17.547693741720433,-640.3925170898438,466.7296142578125,15.336712511323782,-645.36474609375,466.1491394042969,-640.3925170898438,466.7296142578125
1557,1557,-629.945556640625,465.457763671875,-628.1196220363746,455.62587866334275,10.0,-638.9606323242188,463.8429870605469,9.158553001725528,-644.8516845703125,466.6502990722656,14.953755064778699,-648.3521728515625,465.49285888671875,-644.8516845703125,466.6502990722656
1558,1558,-635.15478515625,466.1726379394531,-627.9696854753317,459.2174713292799,10.0,-638.7747192382812,465.16827392578125,3.7566833550634136,-647.1287231445312,466.76885986328125,11.988772728251133,-648.4136352539062,465.3222351074219,-647.1287231445312,466.76885986328125
1559,1559,-638.629150390625,466.64849853515625,-628.7430965397858,465.14319482549894,10.0,-641.5382690429688,465.87664794921875,3.0097715296059233,-646.462158203125,465.5030212402344,7.916320459902288,-646.9720458984375,465.5882568359375,-646.462158203125,465.5030212402344
1560,1560,-641.80908203125,467.0840148925781,-632.8795342181446,471.58547863823526,10.0,-642.53955078125,466.32806396484375,1.051211872016781,-645.4532470703125,465.44268798828125,3.9967352725310885,-645.7229614257812,465.9690856933594,-645.4532470703125,465.44268798828125
1561,1561,-644.9894409179688,467.51959228515625,-640.3199888550898,476.3624547986457,10.0,-643.6951904296875,466.64727783203125,1.5607744332692735,-648.3319702148438,466.6053161621094,3.465314261310409,-645.4749755859375,466.33929443359375,-648.3319702148438,466.6053161621094
1562,1562,-648.2939453125,467.96429443359375,-649.6121069123743,477.8770362337526,10.0,-648.889404296875,467.2665710449219,0.9172727670506036,-649.9151611328125,467.25823974609375,1.768291253660509,-647.0867309570312,466.78326416015625,-649.9151611328125,467.25823974609375
1563,1563,-651.608154296875,468.4103088378906,-658.4262603973131,475.7255962008839,10.0,-660.9164428710938,467.40045166015625,9.362908079242953,-653.2235107421875,466.0367736816406,2.871070459491955,-653.693115234375,467.2388000488281,-653.2235107421875,466.0367736816406
1564,1564,-654.9159545898438,468.8554382324219,-664.7115678128823,470.86689580956136,10.0,-663.2357177734375,466.74237060546875,8.58391019449524,-660.8568115234375,465.1520690917969,7.000623122062955,-658.94921875,467.1888122558594,-660.8568115234375,465.1520690917969
1565,1565,-658.3579711914062,469.2770080566406,-667.5070908879084,465.24047380321525,10.0,-667.82958984375,466.4931945800781,9.872242772932452,-664.9209594726562,465.30377197265625,7.671989322131537,-664.2216796875,467.03863525390625,-664.9209594726562,465.30377197265625
1566,1566,-661.778076171875,469.6958923339844,-666.8958794661104,461.104728883001,10.0,-665.529296875,463.64251708984375,7.121447086788485,-667.1917114257812,465.0623474121094,7.1258111963039115,-667.0369262695312,465.9617614746094,-667.1917114257812,465.0623474121094
1567,1567,-664.9139404296875,470.0799560546875,-664.1070366744184,460.1125639017855,10.0,-661.5421142578125,463.660888671875,7.250768083343208,-667.114013671875,464.066650390625,6.403137299826981,-666.7325439453125,464.936767578125,-667.114013671875,464.066650390625
1568,1568,-668.0928955078125,470.46136474609375,-661.6598080998181,462.805296146538,10.0,-662.2614135742188,463.73907470703125,8.89917776601351,-667.9542236328125,463.717041015625,6.745749214896736,-666.4138793945312,464.1921081542969,-667.9542236328125,463.717041015625
1569,1569,-671.5755615234375,470.87921142578125,-661.8962857128059,468.3669176965923,10.0,-663.8765869140625,466.15972900390625,9.030377863976017,-666.0218505859375,463.5357971191406,9.20703203297791,-666.5723266601562,464.9431457519531,-666.0218505859375,463.5357971191406
1570,1570,-674.7485961914062,471.2599182128906,-665.4040922531303,474.82085153823476,10.0,-664.4638671875,467.8548583984375,10.833747413697349,-664.4141235351562,464.55914306640625,12.316724915598368,-666.6000366210938,466.4393005371094,-664.4141235351562,464.55914306640625
1571,1571,-677.9260864257812,471.64837646484375,-672.3734619004609,479.9651282875694,10.0,-670.5178833007812,470.4036865234375,7.512038777289269,-666.266357421875,466.2767333984375,12.83759438825682,-668.85107421875,468.3282775878906,-666.266357421875,466.2767333984375
1572,1572,-681.4119262695312,472.0744934082031,-681.7054389586948,482.070184995147,10.0,-682.4794311523438,471.740478515625,1.1185403985965396,-673.1629028320312,468.7734069824219,8.885018810497902,-675.6881103515625,470.08709716796875,-673.1629028320312,468.7734069824219
1573,1573,-684.5831909179688,472.4621887207031,-690.6142524002639,480.43879811296847,10.0,-692.232421875,467.72119140625,8.999321628303822,-682.600341796875,468.1827697753906,4.716472956195319,-684.5529174804688,469.1026916503906,-682.600341796875,468.1827697753906
1574,1574,-688.1329345703125,472.9537048339844,-697.6702837465962,475.9601929330198,10.0,-695.582763671875,465.0224914550781,10.88136477213355,-689.0016479492188,465.9764404296875,7.031136572571958,-691.7354736328125,467.2708740234375,-689.0016479492188,465.9764404296875
1575,1575,-691.3812255859375,473.40350341796875,-700.8964095846121,470.32758510446195,10.0,-698.42333984375,460.153564453125,15.005074334776578,-699.3724975585938,463.1625671386719,12.98988851444,-697.4842529296875,463.8620300292969,-699.3724975585938,463.1625671386719
1576,1576,-694.6322631835938,473.8536682128906,-700.6050293974256,465.83331511873644,10.0,-699.1497802734375,458.69775390625,15.81485691137496,-703.5388793945312,459.9755554199219,16.490294934393912,-701.213134765625,461.05364990234375,-703.5388793945312,459.9755554199219
1577,1577,-697.9788208007812,474.3583679199219,-698.1994751408741,464.36080263320343,10.0,-696.4476928710938,459.19158935546875,15.243868431609606,-704.1051025390625,458.1708679199219,17.3079890278102,-702.0523071289062,459.3301086425781,-704.1051025390625,458.1708679199219
1578,1578,-701.3262329101562,474.8631896972656,-695.7131417458713,466.58712737382785,10.0,-696.3109741210938,459.46875,16.190787328416626,-703.1029052734375,456.958251953125,17.992869707414627,-701.710693359375,458.46636962890625,-703.1029052734375,456.958251953125
1579,1579,-704.671142578125,475.36761474609375,-695.3009340449204,471.8748805672218,10.0,-696.028076171875,460.7887878417969,16.948297578467805,-701.1992797851562,456.362548828125,19.319584928241554,-700.6992797851562,458.76776123046875,-701.1992797851562,456.362548828125
1580,1580,-708.0817260742188,475.86968994140625,-698.4210174255209,478.4524613995447,10.0,-693.9036254882812,468.7142028808594,15.8814209470883,-699.756591796875,459.86456298828125,18.040841153378967,-698.94091796875,462.1852111816406,-699.756591796875,459.86456298828125
1581,1581,-711.4822387695312,476.37030029296875,-705.105121143571,484.07305115124444,10.0,-702.59326171875,475.6627197265625,8.91709500158384,-700.8043212890625,465.89398193359375,14.958982856019249,-700.9027099609375,465.8265075683594,-700.8043212890625,465.89398193359375
1582,1582,-714.5772705078125,476.8258972167969,-713.8430324850885,486.79890551549926,10.0,-728.7338256835938,478.81890869140625,14.296158546367046,-714.4928588867188,472.2424011230469,4.584273308082447,-714.572021484375,472.40277099609375,-714.4928588867188,472.2424011230469
1583,1583,-719.4871215820312,477.40570068359375,-724.6674030293274,485.9593364092252,10.0,-735.9065551757812,477.9526672363281,16.42854138228273,-733.2125854492188,478.1415100097656,13.745172742965115,-729.5025024414062,476.56005859375,-733.2125854492188,478.1415100097656
1584,1584,-724.3812255859375,477.983642578125,-733.5595213391308,481.9533890520088,10.0,-739.3077392578125,476.81329345703125,14.972325385921728,-740.7263793945312,480.64971923828125,16.56115991663678,-737.4942016601562,478.390869140625,-740.7263793945312,480.64971923828125
1585,1585,-727.551025390625,478.3248291015625,-737.3317185536426,476.2420326038458,10.0,-745.8757934570312,475.63482666015625,18.52115649257232,-747.749267578125,481.544921875,20.45331232183309,-745.057373046875,479.12322998046875,-747.749267578125,481.544921875
1586,1586,-731.035400390625,478.6999206542969,-737.8000101634683,471.3351358902218,10.0,-740.6344604492188,467.4347229003906,14.800224134894183,-751.9558715820312,479.4693908691406,20.934617247086,-748.4351806640625,476.52288818359375,-751.9558715820312,479.4693908691406
1587,1587,-734.2056274414062,479.0411682128906,-735.4515080325613,469.1190826683802,10.0,-736.2919921875,467.4628601074219,11.76478373957236,-749.1177978515625,475.6118469238281,15.301407479220888,-745.765625,473.97576904296875,-749.1177978515625,475.6118469238281
1588,1588,-737.4244384765625,479.4397888183594,-732.6906619207966,470.6311930437719,10.0,-736.3412475585938,466.9017028808594,12.584788498060078,-747.349609375,473.2586364746094,11.69254726994237,-743.78271484375,471.3929138183594,-747.349609375,473.2586364746094
1589,1589,-740.645751953125,479.8387145996094,-731.6836337546705,475.4024506988781,10.0,-735.2269287109375,470.6602783203125,10.65867430139342,-743.6450805664062,472.9842529296875,7.481952747436715,-740.18505859375,470.7557067871094,-743.6450805664062,472.9842529296875
1590,1590,-744.1832275390625,480.2768249511719,-734.308407201983,481.85414017344067,10.0,-738.6488037109375,470.705322265625,11.056378736672727,-741.3250732421875,471.0278625488281,9.680514010356749,-740.3024291992188,470.4777526855469,-741.3250732421875,471.0278625488281
1591,1591,-747.60693359375,480.763427734375,-740.4727153570809,487.77077603109734,10.0,-750.4528198242188,478.2158508300781,3.8195832914178585,-746.4473266601562,475.7491760253906,5.146591924904424,-744.9132690429688,475.44610595703125,-746.4473266601562,475.7491760253906
1592,1592,-750.7288818359375,481.2071533203125,-748.9746524263791,491.0520849695745,10.0,-756.0947265625,478.8253479003906,5.870714325186315,-748.3426513671875,477.0359191894531,4.805547838117628,-750.811767578125,477.70037841796875,-748.3426513671875,477.0359191894531
1593,1593,-754.1301879882812,481.6905822753906,-758.404944908513,490.73085070464265,10.0,-759.35791015625,478.4190979003906,6.16698379123385,-755.6630249023438,478.6764221191406,3.3815307854043963,-755.8208618164062,478.7008972167969,-755.6630249023438,478.6764221191406
1594,1594,-757.329833984375,482.106201171875,-766.0520813646556,486.9972542933601,10.0,-765.5435791015625,476.8830871582031,9.733782864330651,-763.01416015625,478.31585693359375,6.832149989054321,-762.387451171875,478.5970764160156,-763.01416015625,478.31585693359375
1595,1595,-760.8058471679688,482.5577392578125,-770.7486884936707,481.4900752788779,10.0,-768.5053100585938,475.6980895996094,10.311960154955882,-766.0328979492188,476.9243469238281,7.684866235554146,-767.6770629882812,478.0066833496094,-766.0328979492188,476.9243469238281
1596,1596,-763.9852294921875,482.9707336425781,-771.4701953711279,476.33934722712195,10.0,-768.4222412109375,472.6191101074219,11.262467882570215,-770.91845703125,476.953125,9.180482442859176,-770.2230834960938,476.3477478027344,-770.91845703125,476.953125
1597,1597,-767.3713989257812,483.3948669433594,-769.6293394756187,473.6531163576895,10.0,-765.9800415039062,473.614990234375,9.878353299935252,-770.6221313476562,475.04815673828125,8.957389827744722,-771.048583984375,475.17169189453125,-770.6221313476562,475.04815673828125
1598,1598,-770.4658203125,483.7824401855469,-766.6613842558816,474.5343989718032,10.0,-765.537109375,473.2851867675781,11.596746130983844,-769.3499145507812,473.8606262207031,9.984369685764122,-770.4984130859375,474.120849609375,-769.3499145507812,473.8606262207031
1599,1599,-773.8504638671875,484.2063903808594,-765.3911464190481,478.8734785766379,10.0,-766.98486328125,476.00048828125,10.699219629206556,-771.9517211914062,475.6445007324219,8.769901829601865,-770.115966796875,474.6644287109375,-771.9517211914062,475.6445007324219
1600,1600,-777.1756591796875,484.6408996582031,-767.1910828787371,485.19608979725405,10.0,-768.7192993164062,481.17041015625,9.140805189942565,-769.904052734375,476.9163513183594,10.60871845936601,-770.3457641601562,477.19915771484375,-769.904052734375,476.9163513183594
1601,1601,-780.5014038085938,485.0754699707031,-772.6854783848426,491.3133630260832,10.0,-770.4508666992188,482.7285461425781,10.320917965081637,-769.4317016601562,478.8656005859375,12.692548342668276,-770.9913330078125,479.78509521484375,-769.4317016601562,478.8656005859375
1602,1602,-783.81787109375,485.5088195800781,-781.0621887491701,495.1216347148745,10.0,-782.7559204101562,490.79302978515625,5.389862405093198,-773.170166015625,484.2228698730469,10.725077625814308,-774.8656005859375,484.8039855957031,-773.170166015625,484.2228698730469
1603,1603,-788.5977172851562,486.1773376464844,-791.9217746432039,495.60870248305014,10.0,-798.0302124023438,495.4516296386719,13.228169037781427,-784.2731323242188,490.2628479003906,5.949237692271162,-786.9552612304688,491.3567199707031,-784.2731323242188,490.2628479003906
1604,1604,-793.8464965820312,486.91143798828125,-802.0205200951972,492.6721097899212,10.0,-801.908203125,496.8017578125,12.75968411091276,-792.2623901367188,495.4716491699219,8.705550453840686,-795.4342651367188,495.6675720214844,-792.2623901367188,495.4716491699219
1605,1605,-797.0420532226562,487.3603210449219,-807.0419681502079,487.31907250883694,10.0,-803.7882080078125,493.52410888671875,9.137991296995722,-798.6724853515625,494.9898986816406,7.8018436181256945,-801.758056640625,495.6217956542969,-798.6724853515625,494.9898986816406
1606,1606,-800.533447265625,487.85076904296875,-808.6596691748574,482.02286054317983,10.0,-806.5274658203125,488.660888671875,6.048516532760511,-804.3604125976562,495.1146545410156,8.210340807865697,-807.0696411132812,495.42877197265625,-804.3604125976562,495.1146545410156
1607,1607,-803.7526245117188,488.3029479980469,-806.9987634193259,478.84448183314896,10.0,-801.018310546875,488.1086730957031,2.741206959720521,-806.5892944335938,495.2142639160156,7.470808789123073,-807.9039306640625,493.6662902832031,-806.5892944335938,495.2142639160156
1608,1608,-807.060546875,488.71142578125,-804.225656067335,479.12167113847545,10.0,-800.8358154296875,488.701416015625,6.224739493478431,-805.2578125,492.0313415527344,3.7777892948862744,-807.357666015625,491.7762145996094,-805.2578125,492.0313415527344
1609,1609,-810.3692016601562,489.1199951171875,-802.5020818496702,482.9467928778746,10.0,-800.2176513671875,492.8420104980469,10.81237124066815,-802.1524658203125,492.715576171875,8.96899944155425,-805.5712280273438,492.44024658203125,-802.1524658203125,492.715576171875
1610,1610,-813.6688842773438,489.5274658203125,-803.6800676227563,489.05466370416315,10.0,-805.1566162109375,494.95770263671875,10.096840075816468,-804.1072998046875,493.8609924316406,10.497778361102416,-806.83935546875,493.9683532714844,-804.1072998046875,493.8609924316406
1611,1611,-816.9529418945312,489.9350891113281,-808.5379068938283,495.3376057412835,10.0,-816.4349365234375,498.19903564453125,8.280165570091091,-810.56640625,496.45831298828125,9.129090167575274,-811.3433227539062,496.1302490234375,-810.56640625,496.45831298828125
1612,1612,-820.2434692382812,490.343505859375,-816.5154556254834,499.6226175896428,10.0,-826.2764282226562,498.9005126953125,10.469907358588811,-817.5079345703125,498.00177001953125,8.132168214344352,-819.6705322265625,497.96478271484375,-817.5079345703125,498.00177001953125
1613,1613,-823.5341796875,490.7519836425781,-825.8724093086664,500.47477553784665,10.0,-831.4747924804688,499.64324951171875,11.9209035011447,-823.5653686523438,498.68365478515625,7.931732463058408,-827.5948486328125,499.4347229003906,-823.5653686523438,498.68365478515625
1614,1614,-826.7283325195312,491.1368408203125,-834.2677502247703,497.70625332569887,10.0,-832.7977905273438,499.7302551269531,10.520698168571089,-831.0299072265625,500.27874755859375,10.103365962470285,-832.6106567382812,500.30865478515625,-831.0299072265625,500.27874755859375
1615,1615,-829.9218139648438,491.5216064453125,-839.873124787544,492.5072092608566,10.0,-835.51904296875,495.2912292480469,6.748261153590924,-835.3401489257812,499.0546569824219,9.279288989117724,-836.707275390625,499.1531066894531,-835.3401489257812,499.0546569824219
1616,1616,-833.4198608398438,491.9430847167969,-842.1014619992413,486.9802426571352,10.0,-840.0126953125,492.60406494140625,6.625885694846333,-839.1964111328125,498.4182434082031,8.677339071748392,-840.6394653320312,497.5393371582031,-839.1964111328125,498.4182434082031
1617,1617,-836.8294067382812,492.3990478515625,-841.0294392602792,483.3238218591059,10.0,-840.7045288085938,491.20318603515625,4.055447761192529,-840.854736328125,496.26043701171875,5.577957023233851,-842.9436645507812,495.4445495605469,-840.854736328125,496.26043701171875
1618,1618,-839.9287109375,492.8135070800781,-838.0933241095861,482.98338219827116,10.0,-843.958251953125,478.4034423828125,14.9628595320542,-843.3336791992188,489.2147521972656,4.954275483850168,-845.6309204101562,488.358642578125,-843.3336791992188,489.2147521972656
1619,1619,-843.325927734375,493.2677917480469,-836.1341441868152,486.3195366141987,10.0,-836.2200317382812,493.1816711425781,7.106417850505801,-844.4532470703125,490.5448303222656,2.947094808700803,-844.503173828125,489.0428466796875,-844.4532470703125,490.5448303222656
1620,1620,-846.844482421875,493.78204345703125,-836.9569858353502,492.28624559252506,10.0,-835.6141357421875,495.379150390625,11.343343294783125,-843.3533935546875,492.45281982421875,3.735577190291717,-842.2098388671875,491.5687255859375,-843.3533935546875,492.45281982421875
1621,1621,-850.0880126953125,494.256103515625,-841.1627970342669,498.76615067766517,10.0,-842.4619140625,495.80224609375,7.781255504690468,-845.8862915039062,491.8856201171875,4.824277408335901,-842.8591918945312,493.2696533203125,-845.8862915039062,491.8856201171875
1622,1622,-853.3035278320312,494.72607421875,-848.6425800790904,503.57342218547745,10.0,-844.64111328125,496.5172424316406,8.845660485031997,-846.6015014648438,492.4001770019531,7.094149370402341,-844.1547241210938,494.8563537597656,-846.6015014648438,492.4001770019531
1623,1623,-858.532470703125,495.38262939453125,-859.860162502785,505.2940992393684,10.0,-861.169677734375,500.42779541015625,5.692851750299833,-851.5983276367188,494.81097412109375,6.95766698089516,-850.224609375,497.49359130859375,-851.5983276367188,494.81097412109375
1624,1624,-863.3219604492188,495.9839782714844,-870.1470968314175,503.29270684520964,10.0,-874.4796142578125,503.4939880371094,13.44966487285871,-862.0841674804688,498.001220703125,2.366727373716356,-860.8486328125,500.6219787597656,-862.0841674804688,498.001220703125
1625,1625,-866.7154541015625,496.4111022949219,-876.5129967541137,498.41314074895837,10.0,-879.33740234375,499.6544189453125,13.031986814110931,-870.7102661132812,499.1549987792969,4.846389473199393,-871.0689697265625,501.2233581542969,-870.7102661132812,499.1549987792969
1626,1626,-869.8218994140625,496.80206298828125,-878.9671338730186,492.75673399168255,10.0,-883.1566162109375,492.1304931640625,14.12933956968306,-877.3048706054688,497.717041015625,7.538702981411174,-879.6657104492188,499.08917236328125,-877.3048706054688,497.717041015625
1627,1627,-873.2280883789062,497.23077392578125,-878.3376291571984,488.63469382872717,10.0,-880.5257568359375,491.52099609375,9.265933725205699,-881.4057006835938,496.2711181640625,8.233728328453424,-883.927490234375,496.6091003417969,-881.4057006835938,496.2711181640625
1628,1628,-876.3859252929688,497.6547546386719,-875.5694385569006,487.68814290700374,10.0,-879.4913940429688,484.1331787109375,13.87360629853364,-885.9931030273438,493.13165283203125,10.618677600017172,-885.6322631835938,491.404052734375,-885.9931030273438,493.13165283203125
1629,1629,-879.8495483398438,498.1197814941406,-873.4091028210148,490.4699016572415,10.0,-875.8897094726562,490.4658203125,8.61762412873469,-885.5078735351562,491.1009216308594,9.015599691439762,-885.132568359375,490.1327819824219,-885.5078735351562,491.1009216308594
1630,1630,-883.0116577148438,498.5443420410156,-873.3299708817292,496.0413558114297,10.0,-876.0302124023438,496.6081848144531,7.244948823656273,-884.5236206054688,492.7892150878906,5.950421668185621,-883.7485961914062,491.75396728515625,-884.5236206054688,492.7892150878906
1631,1631,-886.3829956054688,498.9841003417969,-877.0419197187748,502.55401648633364,10.0,-879.8360595703125,502.3399658203125,7.356915424165235,-883.0134887695312,495.26708984375,5.016945620596283,-883.3678588867188,496.6796875,-883.0134887695312,495.26708984375
1632,1632,-889.4530639648438,499.3845520019531,-883.9084383177545,507.70663866538314,10.0,-884.64404296875,503.9604187011719,6.638165333124027,-885.0140380859375,498.25994873046875,4.579266674024648,-884.9025268554688,500.34625244140625,-885.0140380859375,498.25994873046875
1633,1633,-892.8258056640625,499.82452392578125,-893.1289287803916,509.8199286887884,10.0,-891.0096435546875,504.44140625,4.961254599716988,-888.3146362304688,501.0305480957031,4.669597836754928,-888.5289916992188,502.8871154785156,-888.3146362304688,501.0305480957031
1634,1634,-896.0244140625,500.2378845214844,-902.0631420319753,508.2086915390126,10.0,-896.6500244140625,506.65118408203125,6.443741115632509,-892.1026000976562,504.021240234375,5.449257309496917,-892.747802734375,505.4522399902344,-892.1026000976562,504.021240234375
1635,1635,-899.227294921875,500.6517639160156,-908.7675303395621,503.64908074529944,10.0,-911.6471557617188,508.08673095703125,14.475209089407757,-901.7579345703125,506.6369934082031,6.4982389233079845,-901.985107421875,507.6204833984375,-901.7579345703125,506.6369934082031
1636,1636,-902.73193359375,501.10467529296875,-912.24415578959,498.01960983224194,10.0,-915.3780517578125,505.0645751953125,13.25160789700682,-910.7086181640625,507.33636474609375,10.122324346435994,-910.6578369140625,507.955810546875,-910.7086181640625,507.33636474609375
1637,1637,-906.0712890625,501.520263671875,-912.0363411825477,493.49417164616824,10.0,-916.46826171875,495.7249755859375,11.903041813495378,-916.3952026367188,504.1414794921875,10.651477074312027,-916.2388916015625,504.63128662109375,-916.3952026367188,504.1414794921875
1638,1638,-909.4171142578125,501.9366455078125,-909.6281561315782,491.93887268945355,10.0,-916.164306640625,489.12237548828125,14.482062048760199,-919.665283203125,497.7798767089844,11.059100034748692,-919.8905639648438,498.45196533203125,-919.665283203125,497.7798767089844
1639,1639,-912.7503662109375,502.3514709472656,-907.1293204511135,494.08080927083586,10.0,-913.0152587890625,498.70458984375,3.6564887338982808,-920.7263793945312,496.8021240234375,9.716585695904811,-920.586181640625,497.77227783203125,-920.7263793945312,496.8021240234375
1640,1640,-917.7728271484375,502.991943359375,-908.3992647853015,499.5082199742021,10.0,-908.5611572265625,507.3580017089844,10.193984905902614,-918.2698974609375,500.7362976074219,2.30976549759343,-918.31640625,501.9309387207031,-918.2698974609375,500.7362976074219
1641,1641,-922.7892456054688,503.63165283203125,-913.1310246807029,506.223711582989,10.0,-913.26708984375,510.4384765625,11.704883581142791,-917.6443481445312,504.93896484375,5.3083928433703225,-917.5445556640625,506.5232849121094,-917.6443481445312,504.93896484375
1642,1642,-926.1004638671875,504.09161376953125,-919.7307551567195,511.80049247812354,10.0,-921.2261962890625,512.552001953125,9.764048988009703,-919.4903564453125,507.71923828125,7.540104755688057,-919.9223022460938,509.88153076171875,-919.4903564453125,507.71923828125
1643,1643,-929.4110717773438,504.551513671875,-928.686422847513,514.5252233091411,10.0,-937.4213256835938,515.8182983398438,13.824058897334353,-927.8701782226562,511.635009765625,7.249156492796178,-928.145751953125,513.6817016601562,-927.8701782226562,511.635009765625
1644,1644,-932.7259521484375,505.0119934082031,-937.9144552699676,513.5606444923142,10.0,-949.3473510742188,515.3561401367188,19.577340825327187,-941.3278198242188,513.4540405273438,12.052397565357726,-941.3919067382812,515.6864624023438,-941.3278198242188,513.4540405273438
1645,1645,-935.8081665039062,505.4467468261719,-944.9902748089966,509.4076668043577,10.0,-953.476318359375,512.4876098632812,19.019393846682835,-950.3387451171875,514.1296997070312,16.927237978121845,-950.3863525390625,516.0751953125,-950.3387451171875,514.1296997070312
1646,1646,-939.2006225585938,505.92523193359375,-948.9793086534082,503.833032550389,10.0,-955.199462890625,505.9713134765625,15.998906696347477,-956.7244262695312,512.4432373046875,18.69674010401476,-956.0305786132812,513.9269409179688,-956.7244262695312,512.4432373046875
1647,1647,-942.5912475585938,506.40350341796875,-949.3487731812779,499.03221808508636,10.0,-955.7937622070312,499.7576904296875,14.780839736544555,-960.56103515625,508.328125,18.07256026518935,-959.3233032226562,509.24627685546875,-960.56103515625,508.328125
1648,1648,-945.9857788085938,506.8650817871094,-947.222119031095,496.94180295124943,10.0,-951.8312377929688,492.60247802734375,15.413995482875002,-959.5718994140625,502.5980224609375,14.24045183269874,-959.7180786132812,502.22412109375,-959.5718994140625,502.5980224609375
1649,1649,-949.1009521484375,507.28863525390625,-944.3587085754864,498.4845949373923,10.0,-949.048583984375,503.5518798828125,3.73712230573275,-956.9923706054688,501.9719543457031,9.51533400063419,-957.2825927734375,501.2843017578125,-956.9923706054688,501.9719543457031
1650,1650,-952.497314453125,507.7504577636719,-943.5309350600985,503.32281272592206,10.0,-948.644775390625,511.783447265625,5.577370487151852,-953.5761108398438,504.8433837890625,3.100787115854389,-954.6069946289062,504.9949645996094,-953.5761108398438,504.8433837890625
1651,1651,-955.6939697265625,508.1671447753906,-945.8206704958463,509.7539536172931,10.0,-949.5067138671875,513.5944213867188,8.230277424561068,-952.2594604492188,508.5751037597656,3.458653568817289,-952.569580078125,508.9784240722656,-952.2594604492188,508.5751037597656
1652,1652,-958.8901977539062,508.58380126953125,-951.7627201736063,515.5980056679161,10.0,-952.3690185546875,514.9353637695312,9.103193084831803,-951.6671142578125,510.2778625488281,7.419082073245644,-952.56494140625,511.8920593261719,-951.6671142578125,510.2778625488281
1653,1653,-962.4034423828125,509.0417785644531,-960.6586793956772,518.8883923031311,10.0,-961.55517578125,517.662353515625,8.662209228372308,-953.7531127929688,513.0466918945312,9.532446317413164,-955.065673828125,514.91455078125,-953.7531127929688,513.0466918945312
1654,1654,-965.6096801757812,509.4404602050781,-969.8931270717917,518.4766144030242,10.0,-977.2198486328125,521.5948486328125,16.808485049310264,-962.749267578125,516.8572387695312,7.949249304365912,-964.7821044921875,518.726318359375,-962.749267578125,516.8572387695312
1655,1655,-968.8155517578125,509.839111328125,-977.5424977099675,514.7217760051395,10.0,-978.1966552734375,520.0091552734375,13.836000036876957,-969.5155639648438,518.6044311523438,8.79322743427207,-972.571533203125,520.5272216796875,-969.5155639648438,518.6044311523438
1656,1656,-972.3401489257812,510.27740478515625,-982.2819591283279,509.200181550845,10.0,-978.473876953125,515.119384765625,7.814562664966121,-976.4354858398438,520.0603637695312,10.605567921127397,-977.5663452148438,520.0726928710938,-976.4354858398438,520.0603637695312
1657,1657,-975.4639892578125,510.6739196777344,-982.9425757945315,504.0353397533225,10.0,-981.3155517578125,504.01690673828125,8.863216400802397,-979.6727905273438,513.8057861328125,5.246198206210997,-981.6290283203125,514.9844360351562,-979.6727905273438,513.8057861328125
1658,1658,-978.9026489257812,511.1103820800781,-981.1512220259252,501.36646505388643,10.0,-980.2156372070312,497.5779113769531,13.596017856623911,-983.3490600585938,507.7988586425781,5.544074263491675,-983.5642700195312,507.6607360839844,-983.3490600585938,507.7988586425781
1659,1659,-982.3381958007812,511.54644775390625,-978.5248697835876,502.3020686678565,10.0,-978.7470703125,497.4768981933594,14.520620066280504,-982.69091796875,502.5096130371094,9.043715753299738,-983.6917724609375,502.3445129394531,-982.69091796875,502.5096130371094
1660,1660,-985.5635986328125,511.9342956542969,-977.0991576571696,506.6095196993991,10.0,-973.0452880859375,506.6512451171875,13.587447218872775,-979.6824340820312,503.1580810546875,10.564565261844084,-980.9458618164062,502.152587890625,-979.6824340820312,503.1580810546875
1661,1661,-988.796875,512.3231201171875,-978.8128371130036,512.8879098754345,10.0,-977.481689453125,520.44873046875,13.930504927877832,-977.3170166015625,509.8049621582031,11.752798320169216,-979.8668212890625,509.8953857421875,-977.3170166015625,509.8049621582031
1662,1662,-992.336181640625,512.7487182617188,-984.5262573798018,518.9941232157794,10.0,-981.3560791015625,523.2452392578125,15.19011536459693,-976.178466796875,515.8631591796875,16.45513570905622,-980.9407958984375,516.7959594726562,-976.178466796875,515.8631591796875
1663,1663,-996.9798583984375,513.2999267578125,-994.2334197659783,522.9153869567908,10.0,-986.9632568359375,527.1650390625,17.104784303915505,-978.6175537109375,522.592529296875,20.579764220845078,-984.2886352539062,522.9505615234375,-978.6175537109375,522.592529296875
1664,1664,-1002.089111328125,513.9064331054688,-1005.4222351290448,523.3345975995653,10.0,-1001.8482666015625,526.8275146484375,12.923325981432205,-985.854736328125,526.800048828125,20.731624587671693,-989.412353515625,526.2186889648438,-985.854736328125,526.800048828125
1665,1665,-1005.1173706054688,514.3377075195312,-1013.2969290566331,520.0905175758417,10.0,-1017.0029907226562,523.435546875,14.967920580628702,-1000.701904296875,528.0252075195312,14.38207213764159,-1002.3331298828125,526.7871704101562,-1000.701904296875,528.0252075195312
1666,1666,-1008.45263671875,514.812744140625,-1018.4525073649604,514.7618810001562,10.0,-1019.64208984375,516.7601318359375,11.35764852742093,-1011.8333740234375,525.4371948242188,11.149364872109146,-1012.5543212890625,524.7023315429688,-1011.8333740234375,525.4371948242188
1667,1667,-1011.78076171875,515.2868041992188,-1019.901376509697,509.45108527032465,10.0,-1018.52099609375,514.6683349609375,6.768549595639514,-1017.5213012695312,523.396240234375,9.935630183454622,-1018.8306274414062,522.12548828125,-1017.5213012695312,523.396240234375
1668,1668,-1014.9401245117188,515.7105102539062,-1018.1771678824949,506.2489273939555,10.0,-1021.6549072265625,504.5132141113281,13.056329798689958,-1022.4342041015625,516.43701171875,7.5292119957757055,-1023.7545776367188,515.127685546875,-1022.4342041015625,516.43701171875
1669,1669,-1018.4108276367188,516.176025390625,-1015.5667178729515,506.58900084431014,10.0,-1017.7927856445312,504.18975830078125,12.002190410636654,-1023.2780151367188,510.3872985839844,7.562993600557653,-1024.5584716796875,509.803955078125,-1023.2780151367188,510.3872985839844
1670,1670,-1021.5745239257812,516.600341796875,-1013.7014723995858,510.43470641470464,10.0,-1014.2760009765625,515.7534790039062,7.347490308288102,-1020.766845703125,509.9661560058594,6.68317029717684,-1022.949951171875,510.4911804199219,-1020.766845703125,509.9661560058594
1671,1671,-1025.0118408203125,517.0396118164062,-1015.0225741973862,516.5764138715792,10.0,-1013.66162109375,519.6719970703125,11.651478016381938,-1018.717041015625,513.49951171875,7.2219674107904686,-1021.2637329101562,513.9909057617188,-1018.717041015625,513.49951171875
1672,1672,-1028.1453857421875,517.4400024414062,-1019.735548991519,522.8506073823629,10.0,-1018.9976806640625,525.88525390625,12.45001126508725,-1020.4058837890625,520.0144653320312,8.156454478364415,-1021.4973754882812,519.4942626953125,-1020.4058837890625,520.0144653320312
1673,1673,-1031.593017578125,517.8805541992188,-1027.8739272808834,527.1632460157643,10.0,-1024.6593017578125,528.1900634765625,12.424266441785958,-1021.5953369140625,524.4857788085938,11.982596162804716,-1023.728759765625,523.9072265625,-1021.5953369140625,524.4857788085938
1674,1674,-1035.162841796875,518.3531494140625,-1037.510418515104,528.0736886764712,10.0,-1045.40771484375,532.721923828125,17.64707063251017,-1028.929443359375,528.8418579101562,12.201158223572738,-1031.2733154296875,528.9397583007812,-1028.929443359375,528.8418579101562
1675,1675,-1038.424072265625,518.784912109375,-1045.9698027825339,525.3470726504003,10.0,-1055.2158203125,529.73046875,20.044151582016646,-1046.4619140625,531.0980834960938,14.704458179419603,-1047.4931640625,530.8809204101562,-1046.4619140625,531.0980834960938
1676,1676,-1041.682861328125,519.2163696289062,-1051.6351151792571,520.1924040968568,10.0,-1057.6806640625,524.592529296875,16.876989811677618,-1053.1446533203125,530.6997680664062,16.22470694177713,-1055.6856689453125,530.5454711914062,-1053.1446533203125,530.6997680664062
1677,1677,-1044.9300537109375,519.663330078125,-1053.6068792312294,514.6921432087335,10.0,-1060.108642578125,512.1429443359375,16.939473477956902,-1058.9530029296875,525.26513671875,15.100441795874437,-1061.21435546875,524.9832763671875,-1058.9530029296875,525.26513671875
1678,1678,-1048.167724609375,520.1089477539062,-1052.3590296277707,511.02968774866514,10.0,-1060.7412109375,506.5110778808594,18.520114025779165,-1061.3662109375,517.203125,13.51457906228758,-1064.074951171875,517.1591796875,-1061.3662109375,517.203125
1679,1679,-1051.7115478515625,520.5967407226562,-1049.8667104966628,510.76838505479566,10.0,-1060.4935302734375,506.83355712890625,16.3263112151334,-1060.683837890625,511.13275146484375,13.041053685076623,-1065.3563232421875,511.77349853515625,-1060.683837890625,511.13275146484375
1680,1680,-1055.2119140625,521.0426025390625,-1048.0134532965687,514.1012653046855,10.0,-1053.0908203125,512.6961059570312,8.611796786394137,-1063.8564453125,511.1819152832031,13.113392912976186,-1065.523193359375,510.3727111816406,-1063.8564453125,511.1819152832031
1681,1681,-1058.3994140625,521.4486083984375,-1048.5104838805466,519.9623177618354,10.0,-1051.092529296875,522.2138061523438,7.346842354420427,-1060.7138671875,514.6386108398438,7.192548923425902,-1062.5859375,513.3278198242188,-1060.7138671875,514.6386108398438
1682,1682,-1061.5870361328125,521.8546142578125,-1052.6661608745267,526.3732406670329,10.0,-1054.4754638671875,529.2613525390625,10.26811725956326,-1057.726318359375,520.8173217773438,3.997638980219852,-1060.1136474609375,519.5697021484375,-1057.726318359375,520.8173217773438
1683,1683,-1066.5186767578125,522.463134765625,-1061.8662376235102,531.3149600068739,10.0,-1057.90576171875,532.0302124023438,12.872889340669134,-1055.934326171875,526.62646484375,11.373732661947695,-1059.224853515625,525.4959716796875,-1055.934326171875,526.62646484375
1684,1684,-1071.421630859375,523.0679931640625,-1072.758851631467,532.9781818911598,10.0,-1075.752197265625,535.6124877929688,13.270951393686845,-1064.298095703125,531.1632080078125,10.783193241744305,-1064.9632568359375,530.9861450195312,-1064.298095703125,531.1632080078125
1685,1685,-1074.612548828125,523.4761352539062,-1081.4447091827521,530.7782982819863,10.0,-1080.51416015625,528.9701538085938,8.063079817755982,-1071.2535400390625,531.3020629882812,8.516342228249107,-1071.9346923828125,531.8976440429688,-1071.2535400390625,531.3020629882812
1686,1686,-1077.7841796875,523.8818359375,-1087.5836427124627,525.8744534176975,10.0,-1086.7574462890625,524.6897583007812,9.00956447603362,-1079.8525390625,530.05908203125,6.514328807091336,-1080.08251953125,530.6422119140625,-1079.8525390625,530.05908203125
1687,1687,-1081.2562255859375,524.325927734375,-1090.3975663532565,520.2718077342083,10.0,-1087.7374267578125,517.3363647460938,9.532049066043722,-1086.115478515625,526.7487182617188,5.429756253651093,-1085.8035888671875,526.79248046875,-1086.115478515625,526.7487182617188
1688,1688,-1084.5648193359375,524.7786254882812,-1089.6660928748972,516.1776366915957,10.0,-1090.0704345703125,510.754150390625,15.066442873942156,-1090.9830322265625,520.1914672851562,7.888946513311007,-1090.2052001953125,520.0042724609375,-1090.9830322265625,520.1914672851562
1689,1689,-1087.8753662109375,525.2315063476562,-1087.049297248853,515.2656842506148,10.0,-1090.24755859375,510.7024841308594,14.721405614860656,-1092.0694580078125,515.266357421875,10.811780570914921,-1092.810791015625,515.2677001953125,-1092.0694580078125,515.266357421875
1690,1690,-1091.1827392578125,525.6840209960938,-1084.734941581862,518.0403369935982,10.0,-1085.199462890625,518.5529174804688,9.308718141436215,-1091.94873046875,516.0261840820312,9.688165790997889,-1092.380859375,514.9727783203125,-1091.94873046875,516.0261840820312
1691,1691,-1094.5169677734375,526.155029296875,-1084.832878867841,523.6613528807171,10.0,-1083.205322265625,525.510009765625,11.330020930700378,-1090.1962890625,519.6729125976562,7.79012846013717,-1090.315185546875,518.0570678710938,-1090.1962890625,519.6729125976562
1692,1692,-1097.8526611328125,526.626220703125,-1088.5150219328314,530.2051163667307,10.0,-1087.0240478515625,528.3421020507812,10.963718091692185,-1088.4737548828125,522.2059936523438,10.368331091682371,-1089.9534912109375,522.1449584960938,-1088.4737548828125,522.2059936523438
1693,1693,-1101.1910400390625,527.0977783203125,-1095.6544183957992,535.4251921312954,10.0,-1092.7017822265625,535.9415283203125,12.258850364923797,-1090.619384765625,528.1692504882812,10.625815160595,-1091.7822265625,528.3692016601562,-1090.619384765625,528.1692504882812
1694,1694,-1104.3963623046875,527.53271484375,-1104.7090955679673,537.5278235428107,10.0,-1101.19970703125,538.6105346679688,11.529817734684695,-1095.72607421875,533.497802734375,10.524075685590196,-1096.950439453125,534.2282104492188,-1095.72607421875,533.497802734375
1695,1695,-1107.6026611328125,527.9678344726562,-1113.649050007113,535.9328317470271,10.0,-1107.6141357421875,538.2855834960938,10.317755404025906,-1104.78369140625,535.683349609375,8.214363282946037,-1104.4058837890625,537.5408325195312,-1104.78369140625,535.683349609375
1696,1696,-1111.1175537109375,528.4447631835938,-1120.660666550788,531.4329059723312,10.0,-1113.971923828125,536.3555908203125,8.41003107388826,-1108.76953125,537.446044921875,9.302487968763115,-1109.3209228515625,538.8908081054688,-1108.76953125,537.446044921875
1697,1697,-1114.4571533203125,528.8640747070312,-1123.9664049199748,525.7698649509996,10.0,-1113.7918701171875,524.5889282226562,4.326601345539497,-1112.9835205078125,534.9490966796875,6.2609173508189695,-1113.4580078125,535.7548217773438,-1112.9835205078125,534.9490966796875
1698,1698,-1117.7945556640625,529.2831420898438,-1123.7518881760773,521.2513185521102,10.0,-1113.7073974609375,514.8700561523438,14.981385397189815,-1114.8162841796875,528.1395263671875,3.1902912023431096,-1115.9072265625,528.1743774414062,-1114.8162841796875,528.1395263671875
1699,1699,-1121.135986328125,529.70263671875,-1121.3374155404708,519.7046656109495,10.0,-1114.12158203125,515.6157836914062,15.736622758838767,-1116.4652099609375,522.0628662109375,8.954453935574124,-1117.720703125,522.633544921875,-1116.4652099609375,522.0628662109375
1700,1700,-1124.43115234375,530.0885620117188,-1118.8021571846275,521.8233086279092,10.0,-1110.480712890625,515.6546020507812,20.07371318638516,-1112.3502197265625,518.447265625,16.777029369481827,-1113.5615234375,518.6115112304688,-1112.3502197265625,518.447265625
1701,1701,-1127.727294921875,530.4745483398438,-1118.3503873939703,526.9998389688136,10.0,-1110.0047607421875,528.4022216796875,17.843283205077086,-1109.8662109375,520.4819946289062,20.466300368236265,-1112.3941650390625,520.4111328125,-1109.8662109375,520.4819946289062
1702,1702,-1131.0216064453125,530.8604125976562,-1121.3658821727872,533.4617562452673,10.0,-1117.03369140625,538.337158203125,15.860753197402925,-1110.4678955078125,528.1346435546875,20.73366465866355,-1113.6412353515625,528.7506713867188,-1110.4678955078125,528.1346435546875
1703,1703,-1134.0947265625,531.25,-1127.732432655848,538.9649994326234,10.0,-1135.501220703125,544.2290649414062,13.055050843288711,-1118.3546142578125,536.0595092773438,16.45850888911357,-1122.9901123046875,537.0892333984375,-1118.3546142578125,536.0595092773438
1704,1704,-1137.4775390625,531.6788330078125,-1136.7624798954444,541.6532347636879,10.0,-1139.3631591796875,544.6051635742188,13.063138410747653,-1127.450439453125,542.0006103515625,14.390337525933125,-1132.80322265625,541.9261474609375,-1127.450439453125,542.0006103515625
1705,1705,-1140.856201171875,532.107177734375,-1146.052921171252,540.6508362743728,10.0,-1144.402587890625,546.0088500976562,14.34689350538799,-1135.918701171875,545.8663940429688,14.618308372608379,-1139.81591796875,545.5347290039062,-1135.918701171875,545.8663940429688
1706,1706,-1144.3873291015625,532.6311645507812,-1153.5732414703725,536.5832543716915,10.0,-1163.833740234375,540.468505859375,20.96632597127508,-1148.0809326171875,547.743408203125,15.557076047202486,-1150.821044921875,546.22021484375,-1148.0809326171875,547.743408203125
1707,1707,-1147.6070556640625,533.10888671875,-1157.3837256510042,531.0072863841402,10.0,-1160.541748046875,531.197021484375,13.075224499502847,-1155.9959716796875,544.8817138671875,14.455911281693613,-1158.662841796875,542.79541015625,-1155.9959716796875,544.8817138671875
1708,1708,-1150.8338623046875,533.5877075195312,-1157.5842975303824,526.2099284320486,10.0,-1161.455322265625,524.7879028320312,13.79318579009017,-1161.82958984375,538.4794921875,12.0347655295428,-1164.1038818359375,536.524658203125,-1161.82958984375,538.4794921875
1709,1709,-1155.7705078125,534.2450561523438,-1156.9973065234426,524.3205931984692,10.0,-1160.9698486328125,524.5964965820312,10.960284975658105,-1164.932861328125,533.2914428710938,9.211845647613847,-1167.0009765625,531.30615234375,-1164.932861328125,533.2914428710938
1710,1710,-1160.6990966796875,534.9013061523438,-1155.9483904734034,526.1018294325851,10.0,-1160.36572265625,524.3842163085938,10.522372214525216,-1165.33642578125,529.0446166992188,7.470316763467536,-1167.99609375,527.407958984375,-1165.33642578125,529.0446166992188
1711,1711,-1163.808837890625,535.2844848632812,-1154.8382055917784,530.8654627815432,10.0,-1157.741455078125,531.383056640625,7.213478798052928,-1165.2130126953125,529.4856567382812,5.966415549172735,-1167.0738525390625,527.46240234375,-1165.2130126953125,529.4856567382812
1712,1712,-1167.229736328125,535.7060546875,-1157.3579673309043,537.3023556821469,10.0,-1160.6029052734375,539.4443359375,7.6085239390746615,-1164.328857421875,533.0216674804688,3.9523452665473484,-1166.9591064453125,531.2943725585938,-1164.328857421875,533.0216674804688
1713,1713,-1170.6358642578125,536.1257934570312,-1163.515133922705,543.1468474729666,10.0,-1173.0662841796875,549.8828735351562,13.970117868958395,-1166.92138671875,543.68115234375,8.419073066277534,-1171.29248046875,542.4275512695312,-1166.92138671875,543.68115234375
1714,1714,-1173.7647705078125,536.5264282226562,-1172.029475556003,546.3747149482865,10.0,-1179.943359375,549.957275390625,14.78386336649076,-1172.962646484375,546.7918090820312,10.296671653354698,-1177.11083984375,547.0445556640625,-1172.962646484375,546.7918090820312
1715,1715,-1177.1932373046875,536.9654541015625,-1181.485370216748,545.9974857149487,10.0,-1185.061279296875,547.7169189453125,13.322915637247654,-1179.991943359375,548.9700317382812,12.32650152381252,-1182.4478759765625,549.123779296875,-1179.991943359375,548.9700317382812
1716,1716,-1180.6339111328125,537.4059448242188,-1189.3655475894275,542.2802165431025,10.0,-1188.0771484375,543.3652954101562,9.534969374885547,-1186.3922119140625,550.108642578125,13.946919305511138,-1187.1846923828125,548.87109375,-1186.3922119140625,550.108642578125
1717,1717,-1183.7562255859375,537.7996215820312,-1193.6969954748633,536.7128400881585,10.0,-1193.347900390625,533.9462280273438,10.336772583654152,-1191.182861328125,546.3980712890625,11.361701272762044,-1192.3299560546875,544.613525390625,-1191.182861328125,546.3980712890625
1718,1718,-1187.179443359375,538.231201171875,-1194.6516436404745,531.5854338753819,10.0,-1198.34814453125,528.9776611328125,14.504064572428476,-1196.0914306640625,540.5723876953125,9.214373123356603,-1197.4451904296875,538.7523193359375,-1196.0914306640625,540.5723876953125
1719,1719,-1190.6114501953125,538.6638793945312,-1192.850653767125,528.9178049353461,10.0,-1198.3155517578125,528.9752197265625,12.378340237973719,-1198.969970703125,535.2700805664062,9.021238028414102,-1200.4549560546875,534.1786499023438,-1198.969970703125,535.2700805664062
1720,1720,-1193.80419921875,539.110595703125,-1189.981986766116,529.8698872905123,10.0,-1195.861083984375,529.6190185546875,9.711890223010203,-1198.6533203125,532.1087036132812,8.517069227126646,-1200.7083740234375,531.1510009765625,-1198.6533203125,532.1087036132812
1721,1721,-1197.2916259765625,539.5985717773438,-1188.8220692981643,534.2819365941288,10.0,-1194.929443359375,534.3189697265625,5.783952327911803,-1199.4166259765625,532.2340087890625,7.66501226407121,-1200.2659912109375,531.0836791992188,-1199.4166259765625,532.2340087890625
1722,1722,-1200.4766845703125,540.0442504882812,-1190.493194326772,540.618639343617,10.0,-1194.5194091796875,539.21240234375,6.015072852036485,-1198.974609375,533.9366455078125,6.289600026219455,-1199.4737548828125,533.5812377929688,-1198.974609375,533.9366455078125
1723,1723,-1205.586669921875,540.6799926757812,-1197.7827540436751,546.9329037551089,10.0,-1199.6156005859375,541.3723754882812,6.011078353641592,-1200.2271728515625,536.9096069335938,6.552863304814092,-1200.482666015625,536.1863403320312,-1200.2271728515625,536.9096069335938
1724,1724,-1210.2296142578125,541.2576293945312,-1207.4924218763515,550.8757257689118,10.0,-1209.6796875,543.4569702148438,2.2670508337598054,-1204.8455810546875,539.9664916992188,5.536682226804182,-1204.92626953125,539.2352294921875,-1204.8455810546875,539.9664916992188
1725,1725,-1213.3311767578125,541.6336669921875,-1216.673363920381,551.0586224281757,10.0,-1217.4425048828125,543.4208984375,4.482991767840961,-1211.737060546875,542.184814453125,1.6867038915208517,-1211.9349365234375,541.29150390625,-1211.737060546875,542.184814453125
1726,1726,-1216.754150390625,542.0486450195312,-1224.939236218393,547.7935880124661,10.0,-1222.07470703125,543.6868286132812,5.567043061889359,-1217.952880859375,543.6524047851562,2.002248766399208,-1218.6827392578125,542.8707885742188,-1217.952880859375,543.6524047851562
1727,1727,-1220.1458740234375,542.4598999023438,-1230.1456911441685,542.3994222045114,10.0,-1225.7264404296875,538.0571899414062,7.108204865836685,-1223.361328125,542.0092163085938,3.2468847809755306,-1224.3155517578125,541.3255004882812,-1223.361328125,542.0092163085938
1728,1728,-1223.382568359375,542.908935546875,-1231.4975685251295,537.0654115835629,10.0,-1226.23046875,534.8921508789062,8.507606775556852,-1226.7498779296875,539.9918212890625,4.455146387656765,-1227.610107421875,539.0645141601562,-1226.7498779296875,539.9918212890625
1729,1729,-1226.6282958984375,543.3593139648438,-1229.8562407399775,533.8946231563717,10.0,-1226.3150634765625,533.7952880859375,9.569153858231257,-1228.191650390625,537.8304443359375,5.745648496182548,-1229.2813720703125,536.8912963867188,-1228.191650390625,537.8304443359375
1730,1730,-1230.174560546875,543.8513793945312,-1227.3212344561748,534.2670938071685,10.0,-1222.58837890625,535.92431640625,10.972168404865753,-1227.2684326171875,537.792724609375,6.719589075933623,-1228.49169921875,536.1243286132812,-1227.2684326171875,537.792724609375
1731,1731,-1233.38525390625,544.3153686523438,-1225.5062779423968,538.1573058269882,10.0,-1222.4027099609375,537.818603515625,12.760259744707568,-1226.0626220703125,538.5064697265625,9.346884172526584,-1227.0113525390625,536.5609130859375,-1226.0626220703125,538.5064697265625
1732,1732,-1236.892578125,544.8222045898438,-1226.9028707680707,544.3686112445301,10.0,-1222.278564453125,541.263916015625,15.040971151463761,-1224.1102294921875,539.9375610351562,13.683865653648962,-1225.55322265625,538.0437622070312,-1224.1102294921875,539.9375610351562
1733,1733,-1240.111328125,545.2874145507812,-1231.706697398637,550.7061028010384,10.0,-1225.8424072265625,547.2718505859375,14.406251767322862,-1222.8182373046875,542.76025390625,17.47677118471384,-1225.97119140625,541.1784057617188,-1222.8182373046875,542.76025390625
1734,1734,-1243.4815673828125,545.7384643554688,-1239.7714038391503,555.0247276771325,10.0,-1252.52294921875,550.2683715820312,10.11269721609837,-1228.10986328125,547.5499877929688,15.478078180142559,-1231.517333984375,545.66943359375,-1228.10986328125,547.5499877929688
1735,1735,-1246.5555419921875,546.14990234375,-1248.9124636373174,555.8681799873821,10.0,-1259.163330078125,550.5842895507812,13.364883475802921,-1243.5838623046875,550.3278198242188,5.126975193884445,-1249.40966796875,548.8710327148438,-1243.5838623046875,550.3278198242188
1736,1736,-1249.925537109375,546.6009521484375,-1257.4775734624875,553.1558546588695,10.0,-1265.8709716796875,550.9947509765625,16.53972042623906,-1253.372314453125,552.13525390625,6.5198749991019636,-1260.186767578125,550.96240234375,-1253.372314453125,552.13525390625
1737,1737,-1252.6943359375,546.9646606445312,-1262.6475236169435,547.9311258626178,10.0,-1267.5858154296875,549.56787109375,15.117303533010196,-1261.322021484375,555.0333862304688,11.812759646963034,-1267.47900390625,551.6537475585938,-1261.322021484375,555.0333862304688
1738,1738,-1255.7103271484375,547.36083984375,-1264.382369008543,542.3813127601228,10.0,-1268.623291015625,539.6585693359375,15.035611288231955,-1265.8548583984375,548.22607421875,10.181362620293426,-1272.01513671875,548.8621826171875,-1265.8548583984375,548.22607421875
1739,1739,-1258.7388916015625,547.7586669921875,-1262.9214652418054,538.6753813672639,10.0,-1267.253173828125,536.221435546875,14.338783465003774,-1269.1749267578125,544.6737060546875,10.882454400014128,-1273.8004150390625,544.3890991210938,-1269.1749267578125,544.6737060546875
1740,1740,-1260.9417724609375,548.0135498046875,-1259.0874862844685,538.1869724363585,10.0,-1265.3446044921875,537.3619995117188,11.525643302611948,-1268.8101806640625,541.1353759765625,10.450891007991066,-1273.059814453125,541.1771850585938,-1268.8101806640625,541.1353759765625
1741,1741,-1263.365966796875,548.2939453125,-1256.1608354670134,541.359532394347,10.0,-1264.1400146484375,538.9509887695312,9.374965975421516,-1266.541259765625,537.6823120117188,11.07651780785111,-1270.6197509765625,539.496337890625,-1266.541259765625,537.6823120117188
1742,1742,-1265.571044921875,548.549072265625,-1255.6806902860749,547.0722902308925,10.0,-1263.4837646484375,543.9298706054688,5.068901549356782,-1265.8741455078125,538.7183837890625,9.835359977571455,-1268.26025390625,540.4608154296875,-1265.8741455078125,538.7183837890625
1743,1743,-1267.686279296875,549.1079711914062,-1258.7697526880356,553.6351726706711,10.0,-1264.1507568359375,549.2510375976562,3.5384158981655682,-1264.3619384765625,542.2120971679688,7.655345873095224,-1267.1343994140625,544.472412109375,-1264.3619384765625,542.2120971679688
1744,1744,-1269.6151123046875,549.6177368164062,-1264.97118608986,558.4740311493222,10.0,-1264.6121826171875,551.7821044921875,5.451035946866942,-1266.2109375,545.2630004882812,5.527398537138496,-1266.3990478515625,548.5760498046875,-1266.2109375,545.2630004882812
1745,1745,-1270.1434326171875,550.5604248046875,-1271.4901811255502,560.4693232528109,10.0,-1273.099365234375,552.669677734375,3.631320084865591,-1268.2999267578125,547.933837890625,3.208967539672897,-1268.6787109375,551.087158203125,-1268.2999267578125,547.933837890625
1746,1746,-1270.6246337890625,551.4190063476562,-1277.4638118002922,558.7145970797842,10.0,-1278.5478515625,554.1055297851562,8.366288786884702,-1271.0933837890625,549.7546997070312,1.7290584595462564,-1272.8189697265625,553.3172607421875,-1271.0933837890625,549.7546997070312
1747,1747,-1271.106201171875,552.2782592773438,-1280.907575510373,554.2614539416753,10.0,-1282.16650390625,552.8020629882812,11.072699169742444,-1276.479736328125,552.3088989257812,5.3736225084677365,-1277.840087890625,554.3048095703125,-1276.479736328125,552.3088989257812
1748,1748,-1271.03369140625,553.8015747070312,-1280.1711300314414,549.7386674510308,10.0,-1278.48388671875,546.1522827148438,10.67787798095393,-1277.6055908203125,551.3276977539062,7.02210289640917,-1279.551025390625,552.569091796875,-1277.6055908203125,551.3276977539062
1749,1749,-1270.961181640625,555.3242797851562,-1276.0541832245005,546.7183902398134,10.0,-1279.02294921875,542.2980346679688,15.319110885973723,-1277.8775634765625,549.1249389648438,9.288065692429132,-1280.6845703125,549.1690673828125,-1277.8775634765625,549.1249389648438
1750,1750,-1270.8814697265625,556.9982299804688,-1270.0458193021009,547.0332067307168,10.0,-1272.164794921875,543.1799926757812,13.877701746527814,-1274.60595703125,547.7600708007812,9.960692280761553,-1277.9456787109375,546.73876953125,-1274.60595703125,547.7600708007812
1751,1751,-1270.6866455078125,559.153564453125,-1264.2315016352518,551.5160833510507,10.0,-1268.83154296875,548.56591796875,10.748937785127163,-1272.7987060546875,548.3139038085938,11.043506809083135,-1273.3826904296875,546.9922485351562,-1272.7987060546875,548.3139038085938
1752,1752,-1270.472412109375,561.5238037109375,-1260.7859300835173,559.0394394134287,10.0,-1267.6844482421875,554.6658325195312,7.403006915227159,-1272.9256591796875,552.8287963867188,9.03446587000109,-1270.288818359375,550.7767944335938,-1272.9256591796875,552.8287963867188
1753,1753,-1270.258544921875,563.8888549804688,-1260.9243510405613,567.4767268547201,10.0,-1267.94287109375,560.4832153320312,4.118340283812472,-1270.3837890625,557.1802978515625,6.709726137970145,-1268.65576171875,554.7478637695312,-1270.3837890625,557.1802978515625
1754,1754,-1269.9805908203125,566.6162719726562,-1264.45197829907,574.9490052331153,10.0,-1271.4197998046875,566.889404296875,1.4648971865761964,-1271.0050048828125,563.2340087890625,3.5339960971316144,-1268.850830078125,559.6563110351562,-1271.0050048828125,563.2340087890625
1755,1755,-1269.6754150390625,569.6097412109375,-1269.9977581601943,579.6045446063155,10.0,-1275.53076171875,568.8817138671875,5.900432912301869,-1271.540771484375,567.8629760742188,2.5555318645880662,-1270.73193359375,564.3392944335938,-1271.540771484375,567.8629760742188
1756,1756,-1269.3701171875,572.605224609375,-1275.4241613771871,580.5644047775403,10.0,-1276.9888916015625,569.854736328125,8.100056132994819,-1272.2940673828125,570.5662231445312,3.5646895682938458,-1273.410400390625,568.141845703125,-1272.2940673828125,570.5662231445312
1757,1757,-1268.9716796875,575.7566528320312,-1278.517661127615,578.7356188179028,10.0,-1279.8306884765625,569.0506591796875,12.762774884256608,-1274.7147216796875,572.2451782226562,6.731492052755784,-1276.3509521484375,570.3138427734375,-1274.7147216796875,572.2451782226562
1758,1758,-1268.5352783203125,579.2077026367188,-1278.0415505331996,576.1043514457494,10.0,-1280.361328125,566.5625,17.31348040420031,-1275.771240234375,574.16552734375,8.819448764338253,-1278.6658935546875,570.0784912109375,-1275.771240234375,574.16552734375
1759,1759,-1268.1343994140625,582.3790283203125,-1274.0840068109335,574.3414806953775,10.0,-1277.644287109375,567.1769409179688,17.931576209746723,-1277.3236083984375,573.4681396484375,12.80021479042709,-1279.14306640625,570.0377807617188,-1277.3236083984375,573.4681396484375
1760,1760,-1267.692626953125,585.5333251953125,-1267.8844433178424,575.5351650404526,10.0,-1272.572509765625,566.255615234375,19.88575765722196,-1275.2569580078125,572.4320068359375,15.128240051592456,-1277.343505859375,569.5978393554688,-1275.2569580078125,572.4320068359375
1761,1761,-1267.2091064453125,588.9857177734375,-1261.5721670904798,580.7258803228616,10.0,-1269.5909423828125,569.624267578125,19.507406185824216,-1271.267822265625,571.3291625976562,18.117039349338032,-1274.2000732421875,570.3418579101562,-1271.267822265625,571.3291625976562
1762,1762,-1266.72509765625,592.4423217773438,-1257.3448536318322,588.9766296325663,10.0,-1264.3729248046875,586.7998046875,6.11315926774417,-1268.375732421875,577.6760864257812,14.858206540064787,-1270.236083984375,578.0223388671875,-1268.375732421875,577.6760864257812
1763,1763,-1266.0828857421875,597.2522583007812,-1256.4296670479032,599.8628844402966,10.0,-1252.0550537109375,603.9170532226562,15.530600852755642,-1261.4273681640625,590.2985229492188,8.368290103707023,-1262.340087890625,588.8615112304688,-1261.4273681640625,590.2985229492188
1764,1764,-1265.376953125,602.5390014648438,-1259.0220799036317,610.2601144895532,10.0,-1259.6375732421875,614.9190673828125,13.645750751515441,-1258.47509765625,609.166015625,9.568329299853017,-1259.54736328125,607.3759155273438,-1258.47509765625,609.166015625
1765,1765,-1265.0313720703125,605.668212890625,-1264.3259033270544,615.6432975445157,10.0,-1263.257080078125,615.6204223632812,10.109133764134763,-1258.547607421875,616.9864501953125,13.043837614043944,-1259.5018310546875,615.3899536132812,-1258.547607421875,616.9864501953125
1766,1766,-1264.652587890625,609.0969848632812,-1269.857519963867,617.6356429611874,10.0,-1266.166748046875,616.3858642578125,7.444490835967042,-1260.551513671875,621.1275634765625,12.710374955839663,-1261.2904052734375,620.1060791015625,-1260.551513671875,621.1275634765625
1767,1767,-1264.2740478515625,612.5243530273438,-1273.4637557923977,616.4676090375657,10.0,-1269.8067626953125,616.2066650390625,6.646078188969776,-1261.8271484375,623.7988891601562,11.537004886565406,-1264.652587890625,621.9395751953125,-1261.8271484375,623.7988891601562
1768,1768,-1263.9576416015625,615.7396240234375,-1273.7322864428254,613.628624680194,10.0,-1269.712646484375,615.1011962890625,5.790308383256881,-1264.3502197265625,621.6500854492188,5.923484772486264,-1266.8929443359375,620.5999145507812,-1264.3502197265625,621.6500854492188
1769,1769,-1263.610107421875,619.2716674804688,-1270.3534460103044,611.8874014585949,10.0,-1267.053955078125,613.0242919921875,7.133707813685391,-1264.0330810546875,620.5191040039062,1.3171957235204037,-1267.2572021484375,619.23046875,-1264.0330810546875,620.5191040039062
1770,1770,-1263.293701171875,622.4874877929688,-1264.5109572371757,612.561849895509,10.0,-1263.04736328125,612.9803466796875,9.510331987065447,-1261.709228515625,618.897216796875,3.9243597469900666,-1266.0655517578125,617.5892944335938,-1261.709228515625,618.897216796875
1771,1771,-1262.9739990234375,625.5301513671875,-1258.2148345754958,616.7352463786474,10.0,-1259.847412109375,614.755615234375,11.219009519938425,-1260.4056396484375,618.25244140625,7.717611816791468,-1263.684326171875,617.0528564453125,-1260.4056396484375,618.25244140625
1772,1772,-1262.65380859375,628.5778198242188,-1253.6789316817674,624.1674247835493,10.0,-1254.3558349609375,620.5324096679688,11.557897343078547,-1255.203857421875,619.2620239257812,11.928362238156026,-1259.4910888671875,618.53564453125,-1255.203857421875,619.2620239257812
1773,1773,-1262.302978515625,631.9161987304688,-1252.4327488776173,633.5219904021983,10.0,-1249.9755859375,634.0929565429688,12.518102186413527,-1250.973876953125,625.683837890625,12.930230618649377,-1255.0252685546875,624.4892578125,-1250.973876953125,625.683837890625
1774,1774,-1262.014892578125,634.6428833007812,-1254.9009160707967,641.6707804438236,10.0,-1248.65771484375,639.0385131835938,14.061854752996046,-1245.463134765625,632.2703247070312,16.720936605478528,-1251.2545166015625,631.534912109375,-1245.463134765625,632.2703247070312
1775,1775,-1261.7279052734375,637.3597412109375,-1260.0020799611052,647.2096918195098,10.0,-1257.54345703125,642.4345703125,6.577499334976151,-1246.6444091796875,639.0465698242188,15.177524342947233,-1252.2095947265625,637.841064453125,-1246.6444091796875,639.0465698242188
1776,1776,-1261.465576171875,639.8421630859375,-1265.766391132229,648.87006376532,10.0,-1272.84521484375,648.5615234375,14.33608807320997,-1256.25341796875,645.4013061523438,7.620411062874227,-1259.7293701171875,644.6591186523438,-1256.25341796875,645.4013061523438
1777,1777,-1261.223388671875,641.7208251953125,-1269.9597075612003,646.5866994501631,10.0,-1271.26220703125,643.9365844726562,10.280440809014927,-1261.35400390625,647.827392578125,6.107964107645063,-1264.650634765625,647.2542114257812,-1261.35400390625,647.827392578125
1778,1778,-1261.0028076171875,643.4315185546875,-1270.9425280029886,642.3351798059022,10.0,-1274.4229736328125,636.1893310546875,15.249594606811437,-1265.3662109375,645.6358642578125,4.888601897741296,-1269.48828125,645.6557006835938,-1265.3662109375,645.6358642578125
1779,1779,-1260.760986328125,645.3079833984375,-1268.2267934461102,638.6550348733817,10.0,-1270.3319091796875,636.6719360351562,12.891232613346107,-1266.446533203125,644.7409057617188,5.713757110158673,-1271.22314453125,643.9830932617188,-1266.446533203125,644.7409057617188
1780,1780,-1260.1617431640625,646.13427734375,-1262.3915751375662,636.3860544610939,10.0,-1265.9825439453125,630.7549438476562,16.44401473239038,-1264.23046875,639.7671508789062,7.556111917711127,-1270.4769287109375,639.9426879882812,-1264.23046875,639.7671508789062
1781,1781,-1259.5628662109375,646.9602661132812,-1255.731770856217,637.723236916454,10.0,-1251.16015625,634.0752563476562,15.382750448079495,-1260.1353759765625,637.4842529296875,9.493292015279977,-1263.8824462890625,637.8736572265625,-1260.1353759765625,637.4842529296875
1782,1782,-1258.9124755859375,647.857177734375,-1250.4378110342604,642.5486882376775,10.0,-1246.95654296875,638.3280029296875,15.288868408257656,-1251.6453857421875,636.9509887695312,13.105554262754932,-1255.7415771484375,637.99462890625,-1251.6453857421875,636.9509887695312
1783,1783,-1257.0726318359375,647.9210205078125,-1247.0896984648489,648.5050079292571,10.0,-1246.1690673828125,645.9967041015625,11.072068976248929,-1247.220703125,638.5110473632812,13.623806146088324,-1250.0308837890625,641.1691284179688,-1247.220703125,638.5110473632812
1784,1784,-1255.0623779296875,647.9907836914062,-1247.2644776482534,654.2511951156506,10.0,-1246.9710693359375,650.0574951171875,8.351082018322378,-1244.9937744140625,642.4017944335938,11.515796875544464,-1246.9742431640625,644.9849853515625,-1244.9937744140625,642.4017944335938
1785,1785,-1253.013916015625,647.8292846679688,-1250.2859724154935,657.4500083265352,10.0,-1245.84619140625,655.6326904296875,10.595726381794945,-1242.604248046875,647.0325317382812,10.4401150592599,-1244.7293701171875,649.8406372070312,-1242.604248046875,647.0325317382812
1786,1786,-1251.1439208984375,647.681884765625,-1254.4951683330485,657.1036224308338,10.0,-1248.07861328125,654.91796875,7.858563623011274,-1241.8697509765625,649.9769897460938,9.553938172878418,-1244.041015625,653.2199096679688,-1241.8697509765625,649.9769897460938
1787,1787,-1249.27197265625,647.5343627929688,-1257.4625782941173,653.2714334117546,10.0,-1258.2796630859375,647.964599609375,9.017959336528147,-1245.7196044921875,649.478759765625,4.049691242591164,-1247.081298828125,652.5547485351562,-1245.7196044921875,649.478759765625
1788,1788,-1246.5703125,647.2477416992188,-1256.5700668511627,647.17764949993,10.0,-1254.78369140625,640.6224975585938,10.552414556892575,-1246.3353271484375,645.0750732421875,2.1853389530293703,-1249.0936279296875,648.39501953125,-1246.3353271484375,645.0750732421875
1789,1789,-1244.0865478515625,646.9841918945312,-1252.1959258904105,641.1328682987072,10.0,-1249.8525390625,638.8535766601562,9.967625531392084,-1246.8211669921875,642.2778930664062,5.443104858799191,-1249.3214111328125,644.728515625,-1246.8211669921875,642.2778930664062
1790,1790,-1241.612548828125,646.7217407226562,-1244.8313921564334,637.253950715067,10.0,-1237.7403564453125,637.7371826171875,9.78346350737076,-1242.12353515625,639.5115356445312,7.228289167994748,-1243.88037109375,641.6577758789062,-1242.12353515625,639.5115356445312
1791,1791,-1238.7255859375,646.276123046875,-1235.8630461575553,636.6945852784249,10.0,-1233.73779296875,637.2520751953125,10.310747709375965,-1236.593505859375,637.3740844726562,9.153800098124062,-1238.1893310546875,639.174560546875,-1236.593505859375,637.3740844726562
1792,1792,-1235.5526123046875,645.7864379882812,-1227.6677191867038,639.6359534124146,10.0,-1232.1099853515625,639.497314453125,7.169710955041282,-1233.0418701171875,634.5867309570312,11.477685477391466,-1233.695068359375,638.5999755859375,-1233.0418701171875,634.5867309570312
1793,1793,-1232.3804931640625,645.2968139648438,-1222.3903543078732,644.8528256383569,10.0,-1231.0672607421875,641.087158203125,4.409737069943689,-1230.72314453125,635.2049560546875,10.227042611110445,-1230.8955078125,638.9727172851562,-1230.72314453125,635.2049560546875
1794,1794,-1229.188720703125,644.7823486328125,-1220.7893037705237,650.2091151831931,10.0,-1231.7197265625,642.919189453125,3.1428256058910398,-1230.2515869140625,637.0599975585938,7.795151742964348,-1229.656005859375,640.1318969726562,-1230.2515869140625,637.0599975585938
1795,1795,-1225.7049560546875,644.2207641601562,-1222.0037226943773,653.5105904024779,10.0,-1231.0931396484375,645.025634765625,5.447966513434558,-1227.0855712890625,638.9014282226562,5.495583066551477,-1228.679931640625,641.8701782226562,-1227.0855712890625,638.9014282226562
1796,1796,-1222.5050048828125,643.7049560546875,-1224.8712692760441,653.4209630957165,10.0,-1232.430419921875,645.1111450195312,10.024531465484877,-1227.352783203125,640.4165649414062,5.857855474215712,-1229.1153564453125,643.2080078125,-1227.352783203125,640.4165649414062
1797,1797,-1219.0736083984375,643.1810302734375,-1226.6319436064548,649.7286686937571,10.0,-1232.124755859375,642.2167358398438,13.086722806027307,-1227.5291748046875,639.0123291015625,9.427336458984348,-1229.673583984375,643.0057983398438,-1227.5291748046875,639.0123291015625
1798,1798,-1215.640869140625,642.6568603515625,-1225.594981447397,643.6137554263597,10.0,-1231.5594482421875,639.231689453125,16.282903804180798,-1227.7220458984375,637.48193359375,13.142857330209164,-1230.0142822265625,641.5113525390625,-1227.7220458984375,637.48193359375
1799,1799,-1212.5172119140625,642.1798706054688,-1221.1844620973227,637.1920079108091,10.0,-1229.586669921875,634.5072631835938,18.714574569855593,-1226.652099609375,635.8511962890625,15.486999992323783,-1229.5123291015625,638.8048095703125,-1226.652099609375,635.8511962890625
1800,1800,-1209.2781982421875,641.7124633789062,-1213.4520366377967,632.6251605311226,10.0,-1207.189697265625,630.7528076171875,11.156876388330092,-1219.1702880859375,632.004638671875,13.859844949322783,-1222.9434814453125,635.1033325195312,-1219.1702880859375,632.004638671875
1801,1801,-1206.03759765625,641.244873046875,-1204.1738643723615,631.420083062019,10.0,-1201.5145263671875,631.0816040039062,11.124307238013001,-1208.2261962890625,630.616943359375,10.85093790499202,-1211.284423828125,632.61083984375,-1208.2261962890625,630.616943359375
1802,1802,-1202.488525390625,640.7327270507812,-1195.2767301574438,633.8052448592007,10.0,-1200.896728515625,634.1634521484375,6.7593779324597065,-1200.5645751953125,631.0524291992188,9.869637827651456,-1204.1689453125,632.2117309570312,-1200.5645751953125,631.0524291992188
1803,1803,-1199.282958984375,640.2802734375,-1189.3911890376269,638.8130013698145,10.0,-1193.10498046875,636.9801025390625,7.0041806443307735,-1195.8916015625,634.17822265625,6.981140945422918,-1196.8782958984375,633.8027954101562,-1195.8916015625,634.17822265625
1804,1804,-1196.072265625,639.8270263671875,-1187.160095908274,644.362798731435,10.0,-1193.96337890625,638.2877197265625,2.610913274391236,-1188.082275390625,635.3839721679688,9.142246691191572,-1192.2850341796875,635.3793334960938,-1188.082275390625,635.3839721679688
1805,1805,-1192.5518798828125,639.330078125,-1187.9164708804233,648.1908333625952,10.0,-1194.486328125,641.5318603515625,2.9308590847921754,-1186.2506103515625,637.7236328125,6.502819715132261,-1189.95849609375,637.7743530273438,-1186.2506103515625,637.7236328125
1806,1806,-1189.2720947265625,638.8368530273438,-1190.6283697262268,648.7444520364521,10.0,-1199.806884765625,640.849853515625,10.72538913666777,-1186.740966796875,638.9879760742188,2.535635378310713,-1191.2083740234375,639.423828125,-1186.740966796875,638.9879760742188
1807,1807,-1185.9927978515625,638.3436889648438,-1192.8389871970824,645.6327006567874,10.0,-1199.97314453125,637.856201171875,13.98884332718552,-1188.25390625,638.6568603515625,2.2826930382650974,-1193.0322265625,639.1450805664062,-1188.25390625,638.6568603515625
1808,1808,-1182.70703125,637.8495483398438,-1192.5103078413906,639.8233183549908,10.0,-1199.40234375,636.439697265625,16.75473483896812,-1189.895263671875,637.8392333984375,7.188239822718156,-1194.3704833984375,638.28759765625,-1189.895263671875,637.8392333984375
1809,1809,-1177.806884765625,637.1644897460938,-1186.9404128018048,633.0927989901156,10.0,-1193.9227294921875,633.8345336914062,16.45627717853653,-1189.47705078125,636.1036987304688,11.718278560056481,-1193.4501953125,636.673095703125,-1189.47705078125,636.1036987304688
1810,1810,-1172.9132080078125,636.4803466796875,-1177.9979329285038,627.8695643411946,10.0,-1183.504150390625,625.0492553710938,15.583257331554968,-1184.63134765625,631.2412719726562,12.835992388831395,-1188.1124267578125,631.45166015625,-1184.63134765625,631.2412719726562
1811,1811,-1169.7281494140625,636.0274658203125,-1168.8829182997185,626.0632506297746,10.0,-1177.911376953125,625.0797119140625,13.668157467189316,-1179.2818603515625,627.2052612304688,13.004025780594533,-1182.774169921875,627.6591796875,-1179.2818603515625,627.2052612304688
1812,1812,-1166.543212890625,635.5746459960938,-1160.0807287887553,627.9433748547253,10.0,-1165.2198486328125,625.3512573242188,10.308684149544874,-1170.697998046875,625.272705078125,11.108205362339776,-1173.6419677734375,625.470458984375,-1170.697998046875,625.272705078125
1813,1813,-1163.0479736328125,635.0776977539062,-1153.3591074411281,632.6026478716547,10.0,-1160.725830078125,630.1200561523438,5.4745375090613715,-1161.886474609375,625.0479125976562,10.09681485726955,-1165.150390625,625.8304443359375,-1161.886474609375,625.0479125976562
1814,1814,-1159.808837890625,634.6143188476562,-1150.4780979567481,638.211163615832,10.0,-1157.866943359375,633.9290161132812,2.0592703096583773,-1155.7088623046875,627.2586059570312,8.421182335906897,-1158.8170166015625,627.7184448242188,-1155.7088623046875,627.2586059570312
1815,1815,-1156.5628662109375,634.1500244140625,-1151.0422679225078,642.4880694210043,10.0,-1156.8271484375,640.10009765625,5.9559396137530225,-1150.9453125,630.38525390625,6.76242609362664,-1154.722900390625,631.6070556640625,-1150.9453125,630.38525390625
1816,1816,-1153.0091552734375,633.6416625976562,-1153.3411079544412,643.6361514498975,10.0,-1158.0689697265625,640.2152099609375,8.29537505103624,-1149.2918701171875,633.8951416015625,3.7259174089474785,-1152.5374755859375,635.1090087890625,-1149.2918701171875,633.8951416015625
1817,1817,-1149.93212890625,633.1884155273438,-1155.9938228148092,641.1417712316322,10.0,-1159.97705078125,630.7727661132812,10.331302801027276,-1148.7259521484375,632.6873779296875,1.3061014682451821,-1152.1380615234375,634.207275390625,-1148.7259521484375,632.6873779296875
1818,1818,-1146.555419921875,632.6910400390625,-1156.1042611377027,635.6608264682374,10.0,-1160.32763671875,627.6705322265625,14.658767144459981,-1148.7322998046875,629.2520141601562,4.070098895602006,-1153.7530517578125,631.7704467773438,-1148.7322998046875,629.2520141601562
1819,1819,-1143.1846923828125,632.1945190429688,-1152.6879764210807,629.0820292858776,10.0,-1159.750732421875,623.9116821289062,18.52131393613256,-1152.6593017578125,626.3035278320312,11.156702033135991,-1155.396728515625,628.0715942382812,-1152.6593017578125,626.3035278320312
1820,1820,-1139.81201171875,631.7091674804688,-1145.7538885005067,623.6659031984486,10.0,-1153.212646484375,620.0552978515625,17.75921421260583,-1152.2886962890625,622.3719482421875,15.583687656354112,-1153.64453125,624.0560913085938,-1152.2886962890625,622.3719482421875
1821,1821,-1136.436767578125,631.2234497070312,-1136.6189709178964,621.2251097476692,10.0,-1146.5455322265625,617.085205078125,17.38036489560263,-1148.9139404296875,618.51611328125,17.80888097005972,-1149.507568359375,620.3820190429688,-1148.9139404296875,618.51611328125
1822,1822,-1133.3603515625,630.78076171875,-1127.715473222889,622.5263478370143,10.0,-1133.806640625,620.4046020507812,10.38575290397805,-1141.8828125,617.9649658203125,15.390807806662417,-1142.9874267578125,619.1038208007812,-1141.8828125,617.9649658203125
1823,1823,-1130.0076904296875,630.3177490234375,-1120.624118580096,626.8610773086879,10.0,-1127.083251953125,622.9031982421875,7.970439366241624,-1134.3052978515625,619.27587890625,11.848726734860307,-1135.5909423828125,619.4860229492188,-1134.3052978515625,619.27587890625
1824,1824,-1126.6622314453125,629.855712890625,-1117.011527252954,632.4756191087166,10.0,-1121.435546875,631.5202026367188,5.4853220244935486,-1127.0946044921875,622.5433349609375,7.325149652958963,-1127.5355224609375,623.4041137695312,-1127.0946044921875,622.5433349609375
1825,1825,-1123.607421875,629.4337768554688,-1117.259975213524,637.1609963346682,10.0,-1120.9888916015625,636.5172729492188,7.551994286483549,-1121.728271484375,627.1273193359375,2.975055038144393,-1121.7430419921875,628.43798828125,-1121.728271484375,627.1273193359375
1826,1826,-1118.4461669921875,628.6883544921875,-1117.7502893248784,638.664112822868,10.0,-1120.049560546875,636.7411499023438,8.210869917922643,-1117.63916015625,630.7034912109375,2.170722466946056,-1117.7821044921875,632.4019775390625,-1117.63916015625,630.7034912109375
1827,1827,-1113.7421875,628.0089111328125,-1118.9553268355353,636.5425608952702,10.0,-1121.341064453125,631.6665649414062,8.433348227854383,-1116.001953125,631.32177734375,4.010189922123767,-1116.15771484375,633.183349609375,-1116.001953125,631.32177734375
1828,1828,-1110.3431396484375,627.4998779296875,-1119.5366346660949,631.4342964839736,10.0,-1126.3857421875,626.5476684570312,16.070836913681593,-1117.1177978515625,629.9016723632812,7.187809838219899,-1117.45556640625,631.2910766601562,-1117.1177978515625,629.9016723632812
1829,1829,-1106.947265625,626.9912719726562,-1116.7198762846506,624.8708755722436,10.0,-1121.6109619140625,623.2598266601562,15.131016918173199,-1117.68359375,627.951416015625,10.779175209213106,-1117.3994140625,628.4839477539062,-1117.68359375,627.951416015625
1830,1830,-1103.8564453125,626.5283813476562,-1110.5926810299477,619.1376352175972,10.0,-1116.8953857421875,619.0966186523438,15.008166586508086,-1115.177734375,623.2881469726562,11.775852616333722,-1115.8604736328125,624.6776123046875,-1115.177734375,623.2881469726562
1831,1831,-1100.7366943359375,626.03759765625,-1101.9444066303336,616.1107939907208,10.0,-1103.708984375,613.1993408203125,13.177835431580032,-1110.7698974609375,618.9405517578125,12.289557576741252,-1110.0902099609375,619.6826171875,-1110.7698974609375,618.9405517578125
1832,1832,-1097.3131103515625,625.4990234375,-1092.5454920614554,616.7086983104165,10.0,-1093.72900390625,612.4385986328125,13.543283024814446,-1101.2017822265625,614.0626831054688,12.079389435789404,-1100.8935546875,615.6702880859375,-1101.2017822265625,614.0626831054688
1833,1833,-1093.87890625,624.958740234375,-1084.8997930214891,620.556976311857,10.0,-1081.1221923828125,617.0901489257812,14.98827801553504,-1092.25048828125,613.7691040039062,11.307506535535001,-1091.1903076171875,614.8121948242188,-1092.25048828125,613.7691040039062
1834,1834,-1090.451904296875,624.4530029296875,-1080.5832231423753,626.0682837940644,10.0,-1074.984130859375,621.1053466796875,15.825890732656871,-1081.5008544921875,615.2880249023438,12.810859254854448,-1081.0477294921875,616.0858764648438,-1081.5008544921875,615.2880249023438
1835,1835,-1087.3284912109375,623.9920654296875,-1080.2212751077334,631.0267992030691,10.0,-1076.1937255859375,626.844482421875,11.49431547422471,-1075.5921630859375,619.4491577148438,12.584888094983318,-1075.0418701171875,619.527099609375,-1075.5921630859375,619.4491577148438
1836,1836,-1083.9217529296875,623.4893188476562,-1082.20539885223,633.3409242336222,10.0,-1082.8790283203125,632.0806274414062,8.654354855449299,-1073.93115234375,624.1747436523438,10.014085441547602,-1074.0341796875,624.4169311523438,-1073.93115234375,624.1747436523438
1837,1837,-1080.7320556640625,623.0291137695312,-1085.041548696924,632.0528751692867,10.0,-1080.9862060546875,626.2096557617188,3.190680144596583,-1073.17236328125,626.2493286132812,8.21697831095234,-1073.5155029296875,625.755615234375,-1073.17236328125,626.2493286132812
1838,1838,-1077.54345703125,622.5690307617188,-1086.284450277207,627.4265030543966,10.0,-1088.525634765625,627.1940307617188,11.91632715182837,-1077.5428466796875,627.583251953125,5.014221228553497,-1077.935791015625,626.99267578125,-1077.5428466796875,627.583251953125
1839,1839,-1074.0462646484375,622.064453125,-1083.9849263425801,620.9585581347858,10.0,-1080.5028076171875,616.9482421875,8.237873600894208,-1075.3681640625,623.8085327148438,2.1884313278255556,-1077.4334716796875,623.5923461914062,-1075.3681640625,623.8085327148438
1840,1840,-1070.85205078125,621.6152954101562,-1078.3114578345348,614.9551718066933,10.0,-1074.8330078125,611.2041015625,11.146343625518377,-1073.6856689453125,619.2079467773438,3.718160746875953,-1075.31005859375,618.6718139648438,-1073.6856689453125,619.2079467773438
1841,1841,-1067.340087890625,621.1214599609375,-1069.5605462045057,611.371097666319,10.0,-1068.611328125,607.4058227539062,13.774423970837901,-1067.9825439453125,614.2852783203125,6.86630389699021,-1071.115234375,613.497314453125,-1067.9825439453125,614.2852783203125
1842,1842,-1064.150390625,620.6729736328125,-1060.3104159097563,611.4396321907186,10.0,-1064.5947265625,608.1165771484375,12.564255930940712,-1064.6300048828125,610.8721313476562,9.812570475405709,-1067.1004638671875,610.0867919921875,-1064.6300048828125,610.8721313476562
1843,1843,-1059.2139892578125,619.9940795898438,-1050.7342246670537,614.6937406869703,10.0,-1055.2398681640625,613.3406982421875,7.7499110849821236,-1059.4378662109375,611.447509765625,8.549501543972434,-1061.1572265625,609.9108276367188,-1059.4378662109375,611.447509765625
1844,1844,-1054.27490234375,619.3148803710938,-1044.292535073594,619.9084658187942,10.0,-1048.22705078125,619.2236328125,6.048539876613447,-1054.0810546875,614.8739013671875,4.445207692219765,-1053.7808837890625,612.4744873046875,-1054.0810546875,614.8739013671875
1845,1845,-1050.958740234375,618.8138427734375,-1043.1668627582853,625.0817487553111,10.0,-1043.6907958984375,624.4057006835938,9.170163016962295,-1047.92138671875,618.962158203125,3.0409725164103234,-1046.922119140625,617.0133666992188,-1047.92138671875,618.962158203125
1846,1846,-1047.6444091796875,618.3131103515625,-1044.9257168826668,627.93645240067,10.0,-1048.42822265625,628.5919799804688,10.308711093734866,-1044.89794921875,623.5482788085938,5.91185513105047,-1044.3564453125,621.8915405273438,-1044.89794921875,623.5482788085938
1847,1847,-1044.327880859375,617.81201171875,-1047.688185468049,627.2305229034821,10.0,-1048.08740234375,627.5582275390625,10.446182298217224,-1043.3857421875,626.737060546875,8.974637700846637,-1043.11669921875,625.0751342773438,-1043.3857421875,626.737060546875
1848,1848,-1040.805419921875,617.3380126953125,-1049.0015377982359,623.0672056364515,10.0,-1054.3719482421875,623.845947265625,15.046723996847607,-1043.5086669921875,626.6649780273438,9.71080980289831,-1045.0777587890625,625.704345703125,-1043.5086669921875,626.6649780273438
1849,1849,-1037.603759765625,616.9071655273438,-1047.6034421031889,616.8274588913937,10.0,-1048.453125,613.7994384765625,11.285685331915932,-1042.8995361328125,623.3561401367188,8.34473012407382,-1045.1573486328125,622.2234497070312,-1042.8995361328125,623.3561401367188
1850,1850,-1034.4013671875,616.4761962890625,-1042.5051156029235,610.6170784698409,10.0,-1044.474365234375,607.6568603515625,13.3882775602699,-1043.346923828125,618.1947021484375,9.109129815703378,-1043.843017578125,616.6058959960938,-1043.346923828125,618.1947021484375
1851,1851,-1031.2393798828125,615.9987182617188,-1034.4491187223052,606.5278378072809,10.0,-1041.482177734375,603.0889282226562,16.47961124179362,-1040.529296875,610.7423095703125,10.673911656596433,-1041.8648681640625,610.6619262695312,-1040.529296875,610.7423095703125
1852,1852,-1028.0694580078125,615.5199584960938,-1025.1977071848287,605.9411774039771,10.0,-1036.47705078125,603.8541259765625,14.37982143900651,-1037.219482421875,608.0752563476562,11.796039032526542,-1038.4534912109375,606.6484375,-1037.219482421875,608.0752563476562
1853,1853,-1024.597412109375,614.9956665039062,-1016.7066091262608,608.852765863193,10.0,-1016.3804931640625,611.0996704101562,9.093763935596236,-1029.103515625,608.6509399414062,7.7820642535525915,-1030.537109375,607.0613403320312,-1029.103515625,608.6509399414062
1854,1854,-1021.5248413085938,614.5321044921875,-1011.5342801882864,614.0977215949617,10.0,-1011.1688232421875,614.7833251953125,10.35906472773538,-1020.1046752929688,611.53466796875,3.3168504976819912,-1020.7964477539062,609.0443725585938,-1020.1046752929688,611.53466796875
1855,1855,-1018.1553344726562,614.0238037109375,-1009.7611390984541,619.4586435447986,10.0,-1007.947998046875,618.723876953125,11.237455467809768,-1009.6034545898438,614.341064453125,8.557762786417166,-1011.800048828125,612.4735717773438,-1009.6034545898438,614.341064453125
1856,1856,-1014.783203125,613.51513671875,-1011.0909033695555,622.8085172939736,10.0,-1011.2327270507812,621.8432006835938,9.053315953623224,-1005.2115478515625,619.4924926757812,11.284740533595837,-1007.5145874023438,616.558349609375,-1005.2115478515625,619.4924926757812
1857,1857,-1011.5759887695312,613.0485229492188,-1013.9515937234287,622.7622504059173,10.0,-1011.7761840820312,621.7587890625,8.712566437469652,-1003.6078491210938,621.45361328125,11.581743951003531,-1005.420166015625,619.3744506835938,-1003.6078491210938,621.45361328125
1858,1858,-1008.0520629882812,612.5358276367188,-1015.6166900640835,619.0761959141201,10.0,-1016.4276123046875,619.2185668945312,10.714888256041757,-1004.2620239257812,622.3367309570312,10.508192137060897,-1006.0419921875,620.1744384765625,-1004.2620239257812,622.3367309570312
1859,1859,-1004.8363037109375,612.0679321289062,-1014.7913314431999,613.0152561758334,10.0,-1009.9448852539062,615.1141357421875,5.947853548527293,-1004.8638305664062,621.7435913085938,9.67569833599844,-1005.7989501953125,618.99169921875,-1004.8638305664062,621.7435913085938
1860,1860,-1001.4046020507812,611.578369140625,-1010.0670525449665,606.5821754458419,10.0,-1006.815185546875,605.7205200195312,7.974259219118782,-1003.4492797851562,616.4974975585938,5.327150404289015,-1005.12841796875,614.4181518554688,-1003.4492797851562,616.4974975585938
1861,1861,-997.9705200195312,611.0884399414062,-1002.1356193121051,601.9971282713005,10.0,-1000.5533447265625,598.6759643554688,12.6783490107642,-1000.7112426757812,609.8045654296875,3.0265317510845833,-1001.9230346679688,607.762939453125,-1000.7112426757812,609.8045654296875
1862,1862,-994.8484497070312,610.64306640625,-992.9752710386065,600.8200728871562,10.0,-988.5860595703125,601.323486328125,11.228183426407705,-993.5006103515625,604.160888671875,6.620823144305957,-994.6382446289062,603.8204345703125,-993.5006103515625,604.160888671875
1863,1863,-991.6530151367188,610.1942138671875,-984.4345626669875,603.2736688061225,10.0,-984.9572143554688,604.5326538085938,8.768523843797894,-987.1878662109375,603.012451171875,8.456670168641303,-987.977294921875,602.63671875,-987.1878662109375,603.012451171875
1864,1864,-988.457275390625,609.7453002929688,-978.5640992771362,608.2875395487123,10.0,-984.465576171875,608.4189453125,4.206290549544054,-983.9653930664062,603.7538452148438,7.4882935818395024,-983.9525146484375,603.547607421875,-983.9653930664062,603.7538452148438
1865,1865,-984.9423828125,609.2515869140625,-976.0345782265268,613.7959259703077,10.0,-982.0692749023438,614.959716796875,6.390422194382736,-980.8500366210938,607.1333618164062,4.608055437454944,-980.6129150390625,606.962646484375,-980.8500366210938,607.1333618164062
1866,1866,-981.6387329101562,608.7694702148438,-977.0118454052969,617.6346781660075,10.0,-979.1007080078125,622.4794921875,13.942964996572076,-976.6643676757812,613.685791015625,6.99389159918518,-977.526123046875,612.8268432617188,-976.6643676757812,613.685791015625
1867,1867,-978.3348999023438,608.2872924804688,-979.7007001395364,618.1935828917218,10.0,-980.1525268554688,622.568603515625,14.396513905234217,-975.6704711914062,618.502197265625,10.556678460835876,-976.5905151367188,617.3721313476562,-975.6704711914062,618.502197265625
1868,1868,-975.0260620117188,607.804443359375,-981.8792563627347,615.0868692729839,10.0,-982.86376953125,614.662109375,10.414280692567047,-976.5827026367188,618.7144165039062,11.02046478374635,-977.9343872070312,617.450927734375,-976.5827026367188,618.7144165039062
1869,1869,-971.8385009765625,607.3480834960938,-981.6436707584436,609.3124270374547,10.0,-984.3085327148438,608.4767456054688,12.521005139799302,-977.9818115234375,616.9237670898438,11.376905588206247,-979.6398315429688,614.9039306640625,-977.9818115234375,616.9237670898438
1870,1870,-968.3466186523438,606.8482055664062,-977.4762276562432,602.7677350744265,10.0,-984.9224853515625,600.4851684570312,17.75521326499776,-979.4069213867188,610.3347778320312,11.596830719616827,-981.56982421875,608.7210693359375,-979.4069213867188,610.3347778320312
1871,1871,-965.1505737304688,606.3906860351562,-970.227017287525,597.7750188635425,10.0,-980.2252807617188,595.6015014648438,18.53788811516262,-980.6917114257812,605.0799560546875,15.59631283176773,-980.7575073242188,602.400390625,-980.6917114257812,605.0799560546875
1872,1872,-960.0160522460938,605.6102294921875,-959.161241223223,595.646831572041,10.0,-972.335205078125,595.625732421875,15.857228895554938,-978.2007446289062,600.3995361328125,18.916510310915005,-977.86279296875,598.0529174804688,-978.2007446289062,600.3995361328125
1873,1873,-955.33642578125,604.8989868164062,-948.8666074241585,597.2739326902874,10.0,-940.9356689453125,594.5974731445312,17.706015400976817,-958.3607177734375,596.6881103515625,8.750133391836632,-957.7637939453125,594.9851684570312,-958.3607177734375,596.6881103515625
1874,1874,-952.4466552734375,604.4921875,-942.755413872564,602.0264543210055,10.0,-939.82421875,596.9740600585938,14.691771302788329,-945.0122680664062,594.8679809570312,12.161227928371066,-945.1388549804688,594.1053466796875,-945.0122680664062,594.8679809570312
1875,1875,-949.5657348632812,604.086669921875,-940.2384575024184,607.6924842589613,10.0,-939.366943359375,606.55322265625,10.492818045291889,-938.1826171875,597.8228759765625,12.992708824953212,-938.2127685546875,596.476806640625,-938.1826171875,597.8228759765625
1876,1876,-946.4004516601562,603.6410522460938,-940.8878727079227,611.9844012916144,10.0,-939.0604248046875,607.0836181640625,8.107234691222557,-934.2991943359375,601.0914916992188,12.366919091234465,-934.7509765625,599.5380859375,-934.2991943359375,601.0914916992188
1877,1877,-944.13525390625,603.3463745117188,-944.4768158402577,613.3405395816602,10.0,-939.9976806640625,615.3121337890625,12.66092048066822,-934.1392822265625,607.4195556640625,10.793991593517335,-932.9939575195312,605.6688232421875,-934.1392822265625,607.4195556640625
1878,1878,-941.8670043945312,603.0512084960938,-947.936342418378,610.9987323842169,10.0,-939.6096801757812,606.2130737304688,3.8849587370916274,-933.9993286132812,608.37158203125,9.49772060825432,-933.3541870117188,606.734375,-933.9993286132812,608.37158203125
1879,1879,-939.384521484375,602.728271484375,-948.9362136487202,605.6888756115061,10.0,-939.4862670898438,599.2355346679688,3.494218458670246,-931.7575073242188,604.546142578125,7.8406632571942385,-934.63720703125,604.3408813476562,-931.7575073242188,604.546142578125
1880,1880,-937.8533935546875,602.5272827148438,-947.3536806332567,599.4056572688986,10.0,-939.6452026367188,595.39794921875,7.351052705903693,-933.4468994140625,599.9228515625,5.118618196218687,-935.9141845703125,600.287841796875,-933.4468994140625,599.9228515625
1881,1881,-936.1751708984375,602.3069458007812,-942.1093115722559,594.257972297077,10.0,-939.102783203125,593.2167358398438,9.550017326711245,-934.3834838867188,596.1724853515625,6.390754834210961,-936.8712158203125,596.8522338867188,-934.3834838867188,596.1724853515625
1882,1882,-934.6356811523438,602.1048583984375,-934.8082712987356,592.1063478772965,10.0,-939.5380859375,591.2151489257812,11.942334155280623,-935.2821044921875,593.68701171875,8.4426302688807,-937.5713500976562,593.9964599609375,-935.2821044921875,593.68701171875
1883,1883,-933.7686157226562,601.9785766601562,-928.1158036165361,593.7295939778552,10.0,-938.066162109375,594.4010009765625,8.711403915936321,-934.0676879882812,593.3211669921875,8.662573888810694,-937.5620727539062,593.2473754882812,-934.0676879882812,593.3211669921875
1884,1884,-932.977783203125,601.8634033203125,-923.5908922027753,598.4157552310271,10.0,-933.5582275390625,597.6355590820312,4.26750307911897,-933.7608032226562,594.4837036132812,7.421124450980717,-936.2611694335938,594.12646484375,-933.7608032226562,594.4837036132812
1885,1885,-932.1132202148438,601.7374877929688,-922.4650394457703,604.3666716677257,10.0,-933.6382446289062,601.8796997070312,1.5316408495427352,-934.0305786132812,597.2183837890625,4.909028847560413,-935.0530395507812,596.4462890625,-934.0305786132812,597.2183837890625
1886,1886,-931.9306030273438,601.6796264648438,-925.5905887935054,609.4129452552937,10.0,-935.8603515625,607.5849609375,7.093370058266026,-933.7780151367188,601.903564453125,1.8609351747067495,-935.0240478515625,600.3846435546875,-933.7780151367188,601.903564453125
1887,1887,-931.7485961914062,601.6218872070312,-931.0623102433333,611.5983099926532,10.0,-938.2722778320312,607.9135131835938,9.063276426170821,-935.578857421875,604.9877319335938,5.099001060694199,-936.8297119140625,603.6616821289062,-935.578857421875,604.9877319335938
1888,1888,-931.551513671875,601.5593872070312,-936.7728554505414,610.0880207453158,10.0,-938.0377197265625,608.8626708984375,9.767743939161452,-935.416259765625,607.4042358398438,7.00703346000617,-937.4219360351562,606.5083618164062,-935.416259765625,607.4042358398438
1889,1889,-931.604736328125,601.541259765625,-940.8020099239005,605.4668372268974,10.0,-938.7386474609375,599.3958129882812,7.4495389068908695,-933.9009399414062,603.498291015625,3.017038671797634,-938.1614379882812,604.5374755859375,-933.9009399414062,603.498291015625
1890,1890,-931.6572265625,601.5233764648438,-941.4277940064851,599.3935849674109,10.0,-939.1310424804688,595.8294677734375,9.395664987735286,-935.3388061523438,600.6202392578125,3.7907367477943232,-938.789306640625,601.0361328125,-935.3388061523438,600.6202392578125
1891,1891,-931.7149658203125,601.5037231445312,-938.444092439627,594.1065037384818,10.0,-938.7796020507812,593.540771484375,10.645077933525751,-935.5510864257812,597.1033325195312,5.837744337694982,-938.9976806640625,597.6074829101562,-935.5510864257812,597.1033325195312
1892,1892,-931.7185668945312,601.5115966796875,-932.9167343015822,591.583636422682,10.0,-939.979248046875,591.6163330078125,12.890116222773804,-938.069580078125,595.2468872070312,8.920871775503253,-939.6336059570312,594.8682250976562,-938.069580078125,595.2468872070312
1893,1893,-931.7218627929688,601.518798828125,-926.9457950680076,592.7330616885001,10.0,-937.0894775390625,590.893310546875,11.904297092960347,-938.0398559570312,593.465087890625,10.23617592101404,-939.219482421875,592.4649658203125,-938.0398559570312,593.465087890625
1894,1894,-931.7251586914062,601.5260009765625,-922.7418174468897,597.1328722413023,10.0,-934.3779296875,594.990478515625,7.053385555542444,-937.2439575195312,593.4386596679688,9.79092589835102,-937.7997436523438,592.5913696289062,-937.2439575195312,593.4386596679688
1895,1895,-931.6865844726562,601.5068969726562,-921.8194609245278,603.1316655364733,10.0,-933.6797485351562,602.0315551757812,2.06106021507084,-934.7552490234375,596.3488159179688,6.001874898058739,-936.2025146484375,595.4645385742188,-934.7552490234375,596.3488159179688
1896,1896,-931.6513671875,601.4894409179688,-924.5509180585121,608.5310048185988,10.0,-934.6707153320312,609.4498901367188,8.513824932554215,-934.2113037109375,602.088134765625,2.6290129948805347,-935.2424926757812,600.8589477539062,-934.2113037109375,602.088134765625
1897,1897,-931.61279296875,601.4703369140625,-929.905911712809,611.3235879703443,10.0,-937.0511474609375,607.5478515625,8.155481830319307,-934.5281372070312,605.3021850585938,4.814799292849834,-935.7910766601562,604.0032958984375,-934.5281372070312,605.3021850585938
1898,1898,-931.3216552734375,601.2086791992188,-935.639822395,610.2282929775497,10.0,-937.9701538085938,607.6986083984375,9.290947948559767,-933.9022827148438,606.0736694335938,5.50706527761412,-936.9260864257812,606.3920288085938,-933.9022827148438,606.0736694335938
1899,1899,-931.0307006835938,600.9471435546875,-939.7763602057842,605.796209394818,10.0,-938.9676513671875,600.06298828125,7.9860451226715865,-936.0443725585938,604.890869140625,6.378861745432651,-937.9439697265625,604.8110961914062,-936.0443725585938,604.890869140625
1900,1900,-930.4243774414062,600.5040283203125,-940.3619712563353,599.3885781109873,10.0,-940.3580322265625,597.9434204101562,10.258372690647013,-936.98095703125,601.5972900390625,6.64710140614989,-939.38232421875,602.1743774414062,-936.98095703125,601.5972900390625
1901,1901,-929.8704833984375,600.0991821289062,-937.3234834913553,593.4318896038278,10.0,-941.1524658203125,595.719970703125,12.102091558040268,-940.910888671875,598.563232421875,11.1467345040723,-940.6565551757812,599.365966796875,-940.910888671875,598.563232421875
1902,1902,-929.263916015625,599.6558227539062,-931.4749986172314,589.9033300608112,10.0,-941.233642578125,593.241943359375,13.579845465564423,-942.3278198242188,598.2713012695312,13.137065214913346,-941.3189086914062,596.7822875976562,-942.3278198242188,598.2713012695312
1903,1903,-928.1654663085938,598.9690551757812,-924.3166157825985,589.7394100239595,10.0,-936.1771240234375,594.036376953125,9.408399108673196,-942.1119995117188,597.7947387695312,13.995885374203947,-940.7554931640625,594.9820556640625,-942.1119995117188,597.7947387695312
1904,1904,-926.9625244140625,598.2169189453125,-918.4776676231363,592.924735536031,10.0,-919.9529418945312,587.9423217773438,12.437909553544339,-933.6655883789062,594.8737182617188,7.490531177931811,-932.741455078125,591.6514892578125,-933.6655883789062,594.8737182617188
1905,1905,-925.8631591796875,597.5296020507812,-915.8813672384222,598.1327849760119,10.0,-917.1400146484375,597.4393920898438,8.72361096966899,-925.311767578125,594.8850708007812,2.7014030114924026,-924.9423828125,592.8837890625,-925.311767578125,594.8850708007812
1906,1906,-924.2528076171875,596.4736328125,-916.4669601494546,602.7490275577888,10.0,-919.4220581054688,602.8347778320312,7.98750942437492,-919.0798950195312,596.0777587890625,5.188038259826476,-920.572021484375,596.0518188476562,-919.0798950195312,596.0777587890625
1907,1907,-922.49072265625,595.318115234375,-919.7812841755716,604.9440667779586,10.0,-919.10791015625,602.70703125,8.12646911617314,-915.8263549804688,596.4909057617188,6.766774278711032,-917.5745849609375,598.6489868164062,-915.8263549804688,596.4909057617188
1908,1908,-920.7365112304688,594.1677856445312,-924.1058699068535,603.5830616420722,10.0,-936.880859375,606.0377197265625,20.03834604261531,-926.6781616210938,597.27880859375,6.706837791014476,-928.2897338867188,602.1975708007812,-926.6781616210938,597.27880859375
1909,1909,-918.4950561523438,592.7299194335938,-926.6966786904943,598.4512294008741,10.0,-939.9772338867188,598.8855590820312,22.34671921541712,-935.5801391601562,595.8001098632812,17.358747957683704,-935.6547241210938,601.3856201171875,-935.5801391601562,595.8001098632812
1910,1910,-916.0435791015625,591.1573486328125,-926.0431801815631,591.0680276338816,10.0,-940.6962890625,593.2178955078125,24.738673405059117,-939.330078125,593.0030517578125,23.359530320496393,-939.0865478515625,598.5782470703125,-939.330078125,593.0030517578125
1911,1911,-913.8124389648438,589.7261352539062,-921.9105502655287,583.8592286276066,10.0,-935.601318359375,590.0051879882812,21.790666251815033,-940.2061157226562,590.9202270507812,26.420674253607835,-940.1893310546875,595.1061401367188,-940.2061157226562,590.9202270507812
1912,1912,-911.0809936523438,587.9526977539062,-914.2816250358577,578.4787356077466,10.0,-920.8447265625,568.134521484375,22.092772369964795,-933.1309204101562,582.4810180664062,22.71868281013439,-933.444091796875,584.9837036132812,-933.1309204101562,582.4810180664062
1913,1913,-908.3471069335938,586.1776733398438,-905.4661477222915,576.6016577789326,10.0,-902.61376953125,575.6032104492188,12.02873323315132,-925.4066162109375,578.4974365234375,18.70863154642422,-925.4129638671875,579.5962524414062,-925.4066162109375,578.4974365234375
1914,1914,-905.85693359375,584.5609130859375,-897.9602280399669,578.4256020590334,10.0,-891.713623046875,582.5370483398438,14.287381206359223,-906.9186401367188,577.8680419921875,6.776558437801373,-908.0971069335938,579.1090698242188,-906.9186401367188,577.8680419921875
1915,1915,-903.2526245117188,582.8994140625,-893.2616503628254,582.4746369960923,10.0,-888.9295043945312,587.586669921875,15.070571899653528,-890.5184936523438,579.216796875,13.255932939380656,-893.0469970703125,583.040283203125,-890.5184936523438,579.216796875
1916,1916,-900.39013671875,581.0732421875,-892.0011706627578,586.5161502807356,10.0,-883.9209594726562,589.915771484375,18.692889651665546,-879.608154296875,583.1995849609375,20.890479338044674,-884.2730102539062,586.8446044921875,-879.608154296875,583.1995849609375
1917,1917,-897.5337524414062,579.2509765625,-893.8503897040845,588.5479028795851,10.0,-887.8411865234375,590.9998779296875,15.230972306785596,-880.9098510742188,585.280517578125,17.68359300382936,-882.9517211914062,588.559326171875,-880.9098510742188,585.280517578125
1918,1918,-893.4937133789062,576.67236328125,-895.8786566974014,586.3838021739973,10.0,-887.75732421875,589.835693359375,14.35894910299596,-881.5169677734375,586.0449829101562,15.208169975584628,-882.5643310546875,589.46435546875,-881.5169677734375,586.0449829101562
1919,1919,-889.0574340820312,573.8408203125,-896.6283460326822,580.3739124008982,10.0,-887.724609375,588.6622314453125,14.88121801693434,-880.3721313476562,586.2242431640625,15.125595694330263,-882.7138671875,589.3271484375,-880.3721313476562,586.2242431640625
1920,1920,-886.1267700195312,572.0022583007812,-896.0827039745996,572.9400104441099,10.0,-892.1385498046875,577.71435546875,8.292740816010708,-882.416259765625,589.0380249023438,17.43517221157439,-882.2514038085938,588.0872802734375,-882.416259765625,589.0380249023438
1921,1921,-883.2027587890625,570.1679077148438,-891.8604015863802,565.1633876385474,10.0,-899.5003662109375,555.7684326171875,21.747572065993424,-884.0535278320312,576.72705078125,6.614088427747179,-886.2970581054688,576.4990234375,-884.0535278320312,576.72705078125
1922,1922,-880.5402221679688,568.4974975585938,-884.6965785071819,559.4021854704089,10.0,-889.307861328125,545.4655151367188,24.64434439631666,-884.7088012695312,553.6597900390625,15.412158063072733,-887.3013916015625,554.6873168945312,-884.7088012695312,553.6597900390625
1923,1923,-877.682861328125,566.6904907226562,-875.8002390067763,556.8693027499536,10.0,-882.593994140625,545.4892578125,21.762617085559967,-883.4307861328125,544.201171875,23.212240344091917,-885.521728515625,545.9617309570312,-883.4307861328125,544.201171875
1924,1924,-875.0636596679688,565.0341186523438,-867.838556634611,558.1205171193245,10.0,-868.808837890625,545.59814453125,20.417636628712923,-877.6148681640625,540.0029296875,25.16086417006094,-878.5978393554688,541.4189453125,-877.6148681640625,540.0029296875
1925,1925,-872.1965942382812,563.220947265625,-862.3020211035589,561.7726991923893,10.0,-859.699462890625,551.4430541992188,17.172566989366295,-870.935791015625,536.56787109375,26.68288017043946,-870.0262451171875,536.8780517578125,-870.935791015625,536.56787109375
1926,1926,-869.541015625,561.5206909179688,-860.6375844043849,566.0735924653095,10.0,-860.98291015625,572.2128295898438,13.69536412779352,-864.3348388671875,542.4388427734375,19.779312552374964,-864.24658203125,542.9915771484375,-864.3348388671875,542.4388427734375
1927,1927,-866.6267700195312,559.6549072265625,-862.0084082894158,568.524559696068,10.0,-860.229248046875,571.4367065429688,13.406680518409107,-860.1412963867188,550.071533203125,11.571621576728251,-860.1727294921875,550.8750610351562,-860.1412963867188,550.071533203125
1928,1928,-863.9551391601562,557.9443969726562,-865.330463372294,567.849369628424,10.0,-866.4971923828125,573.333984375,15.598122803760537,-860.3958740234375,559.5396728515625,3.9004196496379273,-860.7008056640625,559.262939453125,-860.3958740234375,559.5396728515625
1929,1929,-860.9951782226562,556.0494995117188,-867.8553712438987,563.3253329149308,10.0,-865.7813110351562,556.5942993164062,4.817039975553109,-860.5244140625,560.1605224609375,4.137889387536942,-860.7523803710938,559.87939453125,-860.5244140625,560.1605224609375
1930,1930,-858.29638671875,554.32177734375,-868.1034406269698,556.276692595435,10.0,-866.970703125,545.8711547851562,12.110193505619614,-860.6094360351562,551.5125732421875,3.6389318246379654,-861.996337890625,552.4558715820312,-860.6094360351562,551.5125732421875
1931,1931,-855.5911254882812,552.5899658203125,-864.7168070202536,548.5007193644211,10.0,-866.7205810546875,537.4369506835938,18.801027869194776,-861.4837036132812,542.528076171875,11.660364499301137,-863.0186767578125,544.0872192382812,-861.4837036132812,542.528076171875
1932,1932,-852.6944580078125,550.7177124023438,-857.7626155084384,542.0971683621541,10.0,-859.9927368164062,532.0665283203125,20.02826855296744,-858.1541748046875,535.181396484375,16.467714468164917,-861.2274169921875,537.8307495117188,-858.1541748046875,535.181396484375
1933,1933,-849.8198852539062,548.8597412109375,-848.955495112718,538.8971697716044,10.0,-851.3775024414062,529.4774169921875,19.44481070680654,-854.3419799804688,529.5960083007812,19.787388568222976,-857.0344848632812,532.4160766601562,-854.3419799804688,529.5960083007812
1934,1934,-847.186279296875,547.1575317382812,-840.7091326654268,539.5387016762102,10.0,-844.6034545898438,530.70263671875,16.65636675782103,-849.7174072265625,528.6305541992188,18.699077659857195,-851.1256103515625,529.4935913085938,-849.7174072265625,528.6305541992188
1935,1935,-842.95654296875,544.460205078125,-833.2629353175207,542.003790881775,10.0,-835.1764526367188,535.1535034179688,12.130313325125663,-841.0597534179688,529.964599609375,14.619178790397491,-842.2257690429688,529.8646240234375,-841.0597534179688,529.964599609375
1936,1936,-838.7200927734375,541.758544921875,-829.3962866079637,545.3733254945618,10.0,-832.4280395507812,539.8695068359375,6.569505205634692,-835.3349609375,532.8357543945312,9.543338427486104,-835.6009521484375,531.886962890625,-835.3349609375,532.8357543945312
1937,1937,-835.8197631835938,539.9136962890625,-830.3152086635264,548.2623416603552,10.0,-831.8316040039062,538.9637451171875,4.0997342440056235,-830.3229370117188,534.2369995117188,7.901897510453732,-831.226318359375,533.9793701171875,-830.3229370117188,534.2369995117188
1938,1938,-833.1817626953125,538.2357788085938,-833.5329335665756,548.2296108573714,10.0,-833.9349975585938,538.6905517578125,0.8798756699690264,-828.8744506835938,536.1123657226562,4.8022723683509705,-829.6075439453125,535.6636962890625,-828.8744506835938,536.1123657226562
1939,1939,-830.2846069335938,536.3929443359375,-836.3615834620739,544.3346290610007,10.0,-840.473388671875,535.0802001953125,10.27300201932613,-831.1322631835938,535.9405517578125,0.9608226490391694,-831.1820068359375,535.4828491210938,-831.1322631835938,535.9405517578125
1940,1940,-827.6398315429688,534.6903686523438,-837.1943658260011,537.6417877405722,10.0,-841.857177734375,530.0999755859375,14.94003484702778,-830.79443359375,532.6337890625,3.7657713297749713,-833.6038208007812,532.8003540039062,-830.79443359375,532.6337890625
1941,1941,-824.7363891601562,532.8212890625,-834.2336704967161,529.690530813412,10.0,-838.2967529296875,521.6707153320312,17.55616017472601,-832.1556396484375,528.2728271484375,8.702515934575395,-834.990966796875,528.6522827148438,-832.1556396484375,528.2728271484375
1942,1942,-821.8286743164062,530.949462890625,-827.7550733966118,522.8947876059137,10.0,-836.1797485351562,518.1463623046875,19.23207518302963,-832.433837890625,523.1746215820312,13.149815656873368,-835.265380859375,523.3043823242188,-832.433837890625,523.1746215820312
1943,1943,-818.8846435546875,529.029541015625,-819.0476203481529,519.0308691755858,10.0,-829.6810302734375,513.5211791992188,18.896329072319013,-831.399658203125,517.8682861328125,16.76899526536134,-833.0670776367188,518.0916748046875,-831.399658203125,517.8682861328125
1944,1944,-816.2036743164062,527.2811279296875,-810.5429336693843,519.0375840723921,10.0,-812.404052734375,516.8262939453125,11.123878721357947,-823.4650268554688,515.270751953125,14.034827102424135,-824.771484375,515.7586059570312,-823.4650268554688,515.270751953125
1945,1945,-813.5157470703125,525.5281982421875,-804.1255455966888,522.0895769654611,10.0,-807.9180908203125,521.6226806640625,6.8254540542155455,-814.8717651367188,514.9608154296875,10.654030434644936,-815.51416015625,516.1077270507812,-814.8717651367188,514.9608154296875
1946,1946,-810.6072998046875,523.6696166992188,-800.9616513779262,526.3080758001555,10.0,-806.1221313476562,529.3031616210938,7.200941915800438,-808.6107177734375,517.2915649414062,6.683254000323906,-808.9212646484375,519.8038940429688,-808.6107177734375,517.2915649414062
1947,1947,-807.9541015625,521.97412109375,-801.6215256171699,529.7135320465699,10.0,-806.38427734375,528.5557861328125,6.766288699441639,-804.1891479492188,520.9808959960938,3.8937606249965864,-805.0499877929688,522.7484741210938,-804.1891479492188,520.9808959960938
1948,1948,-805.049560546875,520.1180419921875,-804.3728669524585,530.0951200102886,10.0,-808.5407104492188,527.5787353515625,8.23711557787415,-803.7340698242188,523.1466674804688,3.3019824635605657,-803.950439453125,524.7217407226562,-803.7340698242188,523.1466674804688
1949,1949,-802.3204956054688,518.3863525390625,-807.5500350005233,526.9099619690852,10.0,-813.2174072265625,527.9254760742188,14.482318899157686,-803.6764526367188,524.7354736328125,6.492299910948161,-804.8446655273438,526.2853393554688,-803.6764526367188,524.7354736328125
1950,1950,-799.590576171875,516.6541137695312,-808.7916198435729,520.5708465088827,10.0,-814.384765625,517.1531372070312,14.80260335096936,-805.5296020507812,521.4940795898438,7.661416157089459,-806.71533203125,522.688720703125,-805.5296020507812,521.4940795898438
1951,1951,-796.5936279296875,514.75244140625,-806.3621431258427,512.6132567806311,10.0,-807.6436767578125,514.554443359375,11.05182257957994,-805.1390380859375,518.5567016601562,9.353952684186055,-806.3370971679688,518.9447021484375,-805.1390380859375,518.5567016601562
1952,1952,-793.8734130859375,513.0308837890625,-800.5954243865422,505.6271979452045,10.0,-805.2573852539062,505.93548583984375,13.414152764109433,-804.8101806640625,512.3012084960938,10.9610816569851,-805.1944580078125,512.4832763671875,-804.8101806640625,512.3012084960938
1953,1953,-791.1544799804688,511.31011962890625,-792.3431013925577,501.3810119580869,10.0,-798.138427734375,501.3521728515625,12.162903857619813,-800.9476928710938,506.2637939453125,11.01691525001448,-801.8296508789062,506.20684814453125,-800.9476928710938,506.2637939453125
1954,1954,-788.1683349609375,509.4202575683594,-783.3838222162424,500.63911653795503,10.0,-776.1495971679688,497.0547790527344,17.24398785248119,-791.55078125,501.6792907714844,8.447692575414536,-791.7825317382812,501.0050964355469,-791.55078125,501.6792907714844
1955,1955,-783.7976684570312,506.5862121582031,-774.8101075009425,502.20172267131994,10.0,-771.36767578125,504.5838623046875,12.590239189779103,-778.2919921875,497.87799072265625,10.302698275471219,-779.4927368164062,499.8208312988281,-778.2919921875,497.87799072265625
1956,1956,-779.8247680664062,504.0101318359375,-769.9592112460724,505.64438659721674,10.0,-769.9178466796875,504.8648681640625,9.943724933506656,-771.2107543945312,498.5083923339844,10.221074752030768,-771.7960205078125,499.66326904296875,-771.2107543945312,498.5083923339844
1957,1957,-776.934814453125,502.1292419433594,-769.8411388621918,509.1776294618346,10.0,-769.7922973632812,510.35211181640625,10.891792291802666,-767.6219482421875,502.6392822265625,9.326822511086576,-767.4164428710938,503.0541076660156,-767.6219482421875,502.6392822265625
1958,1958,-774.3021240234375,500.4157409667969,-772.6047171669004,510.2706285847954,10.0,-769.9801025390625,510.27935791015625,10.768974366982457,-763.4598999023438,503.73785400390625,11.339764500348286,-765.2843627929688,505.4652404785156,-763.4598999023438,503.73785400390625
1959,1959,-771.40966796875,498.533203125,-775.7365051871884,507.54866094394276,10.0,-771.3777465820312,510.070556640625,11.537397675361397,-765.1829223632812,507.02032470703125,10.526328589940798,-765.3806762695312,507.23773193359375,-765.1829223632812,507.02032470703125
1960,1960,-768.5348510742188,496.6851501464844,-777.2851687879282,501.5258050514679,10.0,-771.4398193359375,500.11334228515625,4.493477711221555,-767.0948486328125,505.255126953125,8.690115620497474,-766.680419921875,504.7323913574219,-767.0948486328125,505.255126953125
1961,1961,-765.9164428710938,495.0019226074219,-775.8529596202412,493.87691821013664,10.0,-771.259765625,487.6771240234375,9.06662960246815,-767.7108154296875,498.2997131347656,3.7543568345686653,-767.9656982421875,498.8865966796875,-767.7108154296875,498.2997131347656
1962,1962,-763.045654296875,493.1564636230469,-770.4922405396803,486.48200833977006,10.0,-767.5059204101562,475.8509826660156,17.87102808893367,-769.4996337890625,481.3825988769531,13.42675472126031,-767.1424560546875,485.50543212890625,-769.4996337890625,481.3825988769531
1963,1963,-760.391357421875,491.4832458496094,-762.5930622672277,481.7286317734939,10.0,-760.26904296875,473.76129150390625,17.722376439310533,-765.9444580078125,471.9261169433594,20.330229147090762,-764.2456665039062,477.1546936035156,-765.9444580078125,471.9261169433594
1964,1964,-757.4818115234375,489.6491394042969,-753.6240887446673,480.42319907486933,10.0,-756.5145874023438,474.2292175292969,15.450226960518382,-761.7003784179688,468.0093078613281,22.04719065667325,-760.300537109375,472.9659729003906,-761.7003784179688,468.0093078613281
1965,1965,-754.5693359375,487.8131408691406,-746.0793947900269,482.52911784568187,10.0,-751.2788696289062,474.9022216796875,13.323625739436677,-756.24609375,466.4333190917969,21.445472622275357,-755.2682495117188,471.6064453125,-756.24609375,466.4333190917969
1966,1966,-751.740478515625,486.00823974609375,-741.7592711306761,486.6210195912589,10.0,-750.4983520507812,474.8509521484375,11.22621684680459,-751.54931640625,466.3643798828125,19.64478997801434,-751.5253295898438,471.2315368652344,-751.54931640625,466.3643798828125
1967,1967,-748.91015625,484.202392578125,-741.1303459880622,490.48527028569237,10.0,-748.313232421875,477.6925354003906,6.5371674700196545,-749.6298828125,468.5173034667969,15.701593127930431,-748.3048095703125,472.7247009277344,-749.6298828125,468.5173034667969
1968,1968,-746.072509765625,482.3918762207031,-743.3723276059615,492.02042836028437,10.0,-749.5477294921875,481.7546691894531,3.53315509828872,-748.8992309570312,471.12347412109375,11.617540125707599,-746.83447265625,474.8518371582031,-748.8992309570312,471.12347412109375
1969,1969,-743.1885375976562,480.51641845703125,-746.566947227032,489.9284505636563,10.0,-753.3312377929688,477.64947509765625,10.54010111326531,-750.802490234375,471.8151550292969,11.562190968541566,-748.1952514648438,476.1758728027344,-750.802490234375,471.8151550292969
1970,1970,-740.2958374023438,478.63525390625,-748.5029570204925,484.34867561074526,10.0,-752.122314453125,475.0229797363281,12.365843445205844,-749.231689453125,471.6829528808594,11.32183471973951,-748.8330078125,475.5279541015625,-749.231689453125,471.6829528808594
1971,1971,-737.6676635742188,476.92608642578125,-747.6671741527672,476.8271511464425,10.0,-750.9846801757812,471.7999572753906,14.26955259399452,-749.2063598632812,471.9782409667969,12.554787403107111,-749.0117797851562,474.2214050292969,-749.2063598632812,471.9782409667969
1972,1972,-735.043212890625,475.2326354980469,-743.1356795904685,469.357945488189,10.0,-747.5858154296875,468.2862854003906,14.3376657141986,-746.9097900390625,470.76904296875,12.678300812309745,-747.9383544921875,471.9614562988281,-746.9097900390625,470.76904296875
1973,1973,-732.1524658203125,473.36737060546875,-735.3439867891015,463.89033552556214,10.0,-738.9291381835938,461.7681884765625,13.433700695593824,-741.5372924804688,465.47003173828125,12.265518033265854,-743.1505737304688,467.5331726074219,-741.5372924804688,465.47003173828125
1974,1974,-729.283203125,471.5159606933594,-726.3930381886099,461.9427195159701,10.0,-735.14306640625,457.92791748046875,14.797733476121437,-735.95849609375,459.6581726074219,13.60759620615061,-737.2177734375,462.6134948730469,-735.95849609375,459.6581726074219
1975,1975,-725.27783203125,468.9483642578125,-717.3752312067162,462.8206485163573,10.0,-729.02783203125,460.01202392578125,9.691268159012441,-732.1143798828125,459.0734558105469,12.010503876548304,-732.4078369140625,459.9627685546875,-732.1143798828125,459.0734558105469
1976,1976,-720.8783569335938,466.12811279296875,-710.8869789920287,465.71294195005163,10.0,-715.3820190429688,458.3378601074219,9.534032049064571,-723.73486328125,457.43902587890625,9.146576404006726,-725.6112670898438,457.8143005371094,-723.73486328125,457.43902587890625
1977,1977,-717.9815063476562,464.28326416015625,-709.5977773648516,469.7342354812037,10.0,-709.173095703125,460.2664794921875,9.681046283926147,-715.5474853515625,457.3376770019531,7.35973091774566,-717.6680297851562,457.755126953125,-715.5474853515625,457.3376770019531
1978,1978,-715.0971069335938,462.44635009765625,-711.4226846193902,471.7468135622844,10.0,-710.1361694335938,460.23504638671875,5.43146066734467,-709.6321411132812,457.3425598144531,7.477601665781784,-711.5814208984375,457.8112487792969,-709.6321411132812,457.3425598144531
1979,1979,-712.4530639648438,460.76251220703125,-714.8473434432312,470.47165355832345,10.0,-728.900146484375,462.791259765625,16.571733164058926,-716.801025390625,458.3933410644531,4.951539201390479,-718.0173950195312,459.1501159667969,-716.801025390625,458.3933410644531
1980,1980,-709.6395263671875,458.95281982421875,-717.2167161939408,465.47862968425494,10.0,-728.703125,460.3909912109375,19.117769999938464,-721.1563110351562,459.41522216796875,11.52606372600228,-720.719970703125,459.3287353515625,-721.1563110351562,459.41522216796875
1981,1981,-706.82275390625,457.14105224609375,-716.7795848806022,458.0692316189416,10.0,-728.3162841796875,456.5250244140625,21.502356473303372,-720.8646240234375,457.6235046386719,14.050155753551904,-722.5892944335938,458.11004638671875,-720.8646240234375,457.6235046386719
1982,1982,-704.00732421875,455.3301086425781,-712.6601513158508,450.31726681107403,10.0,-708.3931274414062,448.990234375,7.709038567588128,-713.5809326171875,453.0586242675781,9.839391192167438,-715.9999389648438,454.1459045410156,-713.5809326171875,453.0586242675781
1983,1983,-701.3118896484375,453.6060485839844,-705.4594991920471,444.50674448566133,10.0,-704.8828735351562,446.057861328125,8.350272855944459,-709.1156005859375,449.9519348144531,8.616870187993724,-710.2388305664062,450.2129211425781,-709.1156005859375,449.9519348144531
1984,1984,-698.611572265625,451.87884521484375,-696.7195080316993,442.05947186749114,10.0,-696.8857421875,439.7842102050781,12.217147190650087,-700.8430786132812,444.640869140625,7.57416122290734,-702.9143676757812,444.7389831542969,-700.8430786132812,444.640869140625
1985,1985,-695.6535034179688,449.9867858886719,-688.4217565000545,443.08013427481166,10.0,-691.2686157226562,439.97796630859375,10.927200441424063,-695.35791015625,439.6608581542969,10.330157740901557,-695.58203125,441.0484313964844,-695.35791015625,439.6608581542969
1986,1986,-692.9450073242188,448.23187255859375,-683.0490463150613,446.7931384951765,10.0,-688.3316650390625,444.8194580078125,5.738248871075068,-689.9160766601562,438.3787536621094,10.308170204064131,-689.7578735351562,440.53253173828125,-689.9160766601562,438.3787536621094
1987,1987,-689.9825439453125,446.3124694824219,-681.083494320616,450.8739293120366,10.0,-687.0263061523438,449.34771728515625,4.236988448483261,-685.7499389648438,440.79229736328125,6.956094101263033,-685.5118408203125,442.8518371582031,-685.7499389648438,440.79229736328125
1988,1988,-687.2691040039062,444.55438232421875,-682.6592723178674,453.42847111273056,10.0,-686.5099487304688,449.73516845703125,5.236111313095842,-682.6211547851562,442.8166198730469,4.962182007623422,-682.8225708007812,444.8577575683594,-682.6211547851562,442.8166198730469
1989,1989,-684.2781982421875,442.644775390625,-685.6630451578852,452.5484211344954,10.0,-690.9672241210938,449.9295654296875,9.889956173912084,-683.5467529296875,444.4219970703125,1.9218556511688076,-683.5350341796875,446.60589599609375,-683.5467529296875,444.4219970703125
1990,1990,-681.5444946289062,440.8992919921875,-688.4116799786377,448.16852615903304,10.0,-691.3702392578125,446.2527770996094,11.189506705296164,-684.6456298828125,445.2509460449219,5.3435880134699465,-684.9953002929688,446.47271728515625,-684.6456298828125,445.2509460449219
1991,1991,-678.8131713867188,439.1553955078125,-688.6221003553839,441.10088066264746,10.0,-689.8421020507812,439.842041015625,11.050284776696806,-685.8973388671875,443.0809326171875,8.099090719853136,-685.9290771484375,443.7650451660156,-685.8973388671875,443.0809326171875
1992,1992,-676.0535888671875,437.4103088378906,-685.1753344912181,433.3122901982945,10.0,-690.6085205078125,431.64630126953125,15.654705947777202,-687.7813110351562,437.91680908203125,11.738654511756454,-687.2477416992188,438.23284912109375,-687.7813110351562,437.91680908203125
1993,1993,-673.0341186523438,435.5008850097656,-678.093985411402,426.87547207005207,10.0,-682.5309448242188,428.3897705078125,11.864133208907342,-686.3579711914062,433.6870422363281,13.446749499021452,-685.2150268554688,433.35797119140625,-686.3579711914062,433.6870422363281
1994,1994,-670.2755126953125,433.75640869140625,-669.4015442348714,423.7946729425443,10.0,-668.04248046875,424.7192687988281,9.308938197393601,-676.5062255859375,427.1966552734375,9.04721769551022,-678.1062622070312,428.4620361328125,-676.5062255859375,427.1966552734375
1995,1995,-667.4051513671875,431.9302978515625,-660.9206824490255,424.31769889658057,10.0,-660.818603515625,425.9932861328125,8.867396503455646,-667.027099609375,424.0480041503906,7.891354581003121,-668.7771606445312,425.6197509765625,-667.027099609375,424.0480041503906
1996,1996,-664.5337524414062,430.1035461425781,-654.8377875008422,427.6564531996452,10.0,-658.013671875,429.8837890625,6.523782933748862,-659.5074462890625,424.6417541503906,7.42259559069549,-661.9210815429688,425.87945556640625,-659.5074462890625,424.6417541503906
1997,1997,-661.9114990234375,428.4353332519531,-652.5911726725196,432.0590767186441,10.0,-658.1610717773438,433.3363342285156,6.171346295623746,-654.96533203125,426.69329833984375,7.161279321347762,-657.5690307617188,428.0846862792969,-654.96533203125,426.69329833984375
1998,1998,-657.5457153320312,425.62432861328125,-652.0491903326842,433.9782625926441,10.0,-658.449951171875,433.1207275390625,7.550737666513929,-651.2188110351562,427.9131774902344,6.728190482094344,-655.1771850585938,429.6478576660156,-651.2188110351562,427.9131774902344
1999,1999,-653.578125,423.0697326660156,-653.9389044838871,433.0632224550736,10.0,-656.1566162109375,432.4801025390625,9.757237215135758,-649.494873046875,429.56109619140625,7.668816527435699,-653.15185546875,430.54046630859375,-649.494873046875,429.56109619140625
2000,2000,-650.890625,421.3408203125,-656.9752344153997,429.27665853300516,10.0,-660.13427734375,428.604736328125,11.756257250254787,-650.6736450195312,428.66748046875,7.329872397054774,-654.0011596679688,429.6574401855469,-650.6736450195312,428.66748046875
2001,2001,-647.9495849609375,419.44879150390625,-657.5069525301998,422.39102282486203,10.0,-660.7227783203125,425.5783386230469,14.167773871774871,-651.9283447265625,426.9091491699219,8.455026066041098,-655.364501953125,427.8448486328125,-651.9283447265625,426.9091491699219
2002,2002,-645.2549438476562,417.71527099609375,-654.749210662675,414.5753828380165,10.0,-659.2882080078125,413.00860595703125,14.801526907000477,-652.6482543945312,421.80267333984375,8.447952341379898,-656.19580078125,422.5939025878906,-652.6482543945312,421.80267333984375
2003,2003,-642.59912109375,416.020751953125,-648.5177731018284,407.96038233335764,10.0,-658.5604858398438,394.53125,26.76871044244021,-655.9254760742188,404.82354736328125,17.40600837907078,-657.2927856445312,405.7811279296875,-655.9254760742188,404.82354736328125
2004,2004,-639.6740112304688,414.1543884277344,-639.8273745203478,404.1555645118272,10.0,-651.4163818359375,392.9014892578125,24.2810417931983,-654.744140625,395.3262634277344,24.116531487416257,-653.81982421875,397.0975341796875,-654.744140625,395.3262634277344
2005,2005,-636.7581787109375,412.29400634765625,-631.0895147559484,404.05590893591085,10.0,-643.3745727539062,392.65399169921875,20.724546931662267,-648.6604614257812,391.2021484375,24.21839804624346,-649.4271850585938,391.54541015625,-648.6604614257812,391.2021484375
2006,2006,-633.8692626953125,410.41375732421875,-624.4757594289584,406.9841660388037,10.0,-630.607421875,401.4079284667969,9.578338005428161,-640.5687255859375,389.5414123535156,21.921167569244517,-642.9476928710938,390.3094177246094,-640.5687255859375,389.5414123535156
2007,2007,-631.2333374023438,408.69818115234375,-621.5902302345805,411.34591304040083,10.0,-618.8753662109375,408.7808837890625,12.358247921681578,-628.2007446289062,393.5228576660156,15.47536952205689,-631.474609375,394.7258605957031,-628.2007446289062,393.5228576660156
2008,2008,-628.3430786132812,406.81707763671875,-622.017946810456,414.5625735973974,10.0,-618.2845458984375,408.1059875488281,10.140777541052548,-619.1649780273438,397.4134216308594,13.140254055463364,-622.8887939453125,398.65924072265625,-619.1649780273438,397.4134216308594
2009,2009,-625.6209716796875,405.0799255371094,-624.9538710644829,415.05764956462156,10.0,-627.9755249023438,410.2484130859375,5.679540863548064,-616.6251220703125,401.9268798828125,9.532418743035407,-620.2495727539062,402.72979736328125,-616.6251220703125,401.9268798828125
2010,2010,-622.6394653320312,403.1772155761719,-627.8771975091529,411.6957930184884,10.0,-624.9942626953125,409.8042297363281,7.032950113645608,-618.2343139648438,406.3378601074219,5.421718585536733,-618.302734375,405.7178955078125,-618.2343139648438,406.3378601074219
2011,2011,-619.9177856445312,401.4403381347656,-629.1225908864686,405.3482225314696,10.0,-644.0076293945312,392.5193786621094,25.688598440012047,-632.0969848632812,398.9315490722656,12.434907163711365,-631.119140625,399.7111511230469,-632.0969848632812,398.9315490722656
2012,2012,-617.0423583984375,399.6247253417969,-626.8088123164955,397.4761495655094,10.0,-629.5497436523438,385.0626525878906,19.196058157332466,-628.6278686523438,389.2434387207031,15.556193613884695,-630.1339721679688,390.239501953125,-628.6278686523438,389.2434387207031
2013,2013,-614.4209594726562,397.9695129394531,-621.1358492405506,390.5593675019446,10.0,-623.2779541015625,378.2717590332031,21.59740407566755,-628.323486328125,380.6188659667969,22.233425362205782,-627.1246337890625,382.87811279296875,-628.323486328125,380.6188659667969
2014,2014,-611.5435791015625,396.1526794433594,-612.722653419895,386.22243353744904,10.0,-613.1357421875,375.03118896484375,21.181415045417722,-622.9862060546875,374.74798583984375,24.27127149221411,-620.751220703125,376.97235107421875,-622.9862060546875,374.74798583984375
2015,2015,-608.7725830078125,394.3317565917969,-603.9796296663104,385.5552197881263,10.0,-606.39453125,376.320556640625,18.167510942446928,-615.2030639648438,371.8358459472656,23.396945977316697,-613.716064453125,374.116943359375,-615.2030639648438,371.8358459472656
2016,2016,-605.7254638671875,392.32940673828125,-596.7336915078596,387.95356055291023,10.0,-598.8995361328125,380.59033203125,13.579365390627451,-605.0195922851562,372.5889587402344,19.7530641130411,-605.34765625,374.24365234375,-605.0195922851562,372.5889587402344
2017,2017,-602.9548950195312,390.5087585449219,-593.0909140469674,392.1524979929183,10.0,-595.0505981445312,383.41510009765625,10.620635539109593,-598.3763427734375,374.857421875,16.307283042415474,-598.345947265625,374.6255187988281,-598.3763427734375,374.857421875
2018,2018,-598.711181640625,387.77789306640625,-591.6242861453229,394.83309768701554,10.0,-594.3770141601562,382.95843505859375,6.481680587457304,-593.1419067382812,374.9375305175781,13.9961327988564,-593.6012573242188,376.4523010253906,-593.1419067382812,374.9375305175781
2019,2019,-594.478515625,385.0541076660156,-592.7905847369913,394.9106227356184,10.0,-594.3290405273438,383.00537109375,2.054182160218039,-590.6649169921875,376.8901062011719,9.010796549149262,-590.8173828125,378.3323974609375,-590.6649169921875,376.8901062011719
2020,2020,-591.8435668945312,383.3844909667969,-596.1790702100058,392.39578449222984,10.0,-597.7133178710938,383.4446716308594,5.870059474927271,-590.5446166992188,377.9336242675781,5.603500636437396,-590.9496459960938,380.093017578125,-590.5446166992188,377.9336242675781
2021,2021,-588.9536743164062,381.5533142089844,-597.7086421326155,386.38555370399484,10.0,-598.2772216796875,381.1463928222656,9.332423074974573,-591.3193359375,377.1993713378906,4.955115884645282,-591.9485473632812,380.71405029296875,-591.3193359375,377.1993713378906
2022,2022,-586.0634155273438,379.721923828125,-595.9988460251371,378.5873662828605,10.0,-599.9420166015625,373.9833984375,15.018197010165823,-593.22265625,374.3500061035156,8.950543434055383,-593.8381958007812,377.984619140625,-593.22265625,374.3500061035156
2023,2023,-583.1085205078125,377.82330322265625,-590.5486860166891,371.14169135121955,10.0,-593.43798828125,367.00360107421875,14.958738551876188,-592.6180419921875,370.9226379394531,11.749475742031835,-592.8712158203125,373.7422790527344,-592.6180419921875,370.9226379394531
2024,2024,-580.4191284179688,376.0952453613281,-582.611453471755,366.338518919609,10.0,-589.5433349609375,362.0952453613281,16.71080922752557,-589.9169921875,365.5617370605469,14.18323705319776,-590.74365234375,367.81451416015625,-589.9169921875,365.5617370605469
2025,2025,-577.7300415039062,374.3674621582031,-573.8634500385375,365.1452351798677,10.0,-573.051513671875,359.2350769042969,15.839119487766053,-582.3588256835938,359.864990234375,15.223249813477683,-583.4544067382812,362.671875,-582.3588256835938,359.864990234375
2026,2026,-574.8062744140625,372.47576904296875,-566.3112567583628,367.1999112900199,10.0,-565.7683715820312,362.5325012207031,13.436973713844255,-573.8187255859375,359.43096923828125,13.082127297664783,-573.8270874023438,360.52008056640625,-573.8187255859375,359.43096923828125
2027,2027,-572.1458740234375,370.7545166015625,-562.1652604216903,371.3768928001905,10.0,-562.1004638671875,362.6580810546875,12.902036032037413,-566.8626708984375,358.9433898925781,12.938892896832165,-566.4598999023438,359.4732360839844,-566.8626708984375,358.9433898925781
2028,2028,-569.4885864257812,369.0352478027344,-561.7148205614957,375.3256026645262,10.0,-561.48193359375,367.9637451171875,8.07803240757353,-562.0130004882812,361.2370910644531,10.802575323678564,-561.3549194335938,361.5294494628906,-562.0130004882812,361.2370910644531
2029,2029,-566.7642822265625,367.27215576171875,-564.0733588840319,376.9032995964158,10.0,-565.6367797851562,374.7169189453125,7.52965873165378,-559.4823608398438,365.9909362792969,7.393774573551002,-560.0955200195312,367.2405700683594,-559.4823608398438,365.9909362792969
2030,2030,-563.7696533203125,365.3341369628906,-567.157110779588,374.7429164778755,10.0,-564.9185791015625,368.0416564941406,2.941205953842937,-559.4295654296875,366.6737060546875,4.542114953416224,-559.7078857421875,367.72467041015625,-559.4295654296875,366.6737060546875
2031,2031,-561.0428466796875,363.5694580078125,-569.2554557909616,369.2749861678883,10.0,-568.3378295898438,361.87579345703125,7.489010299768909,-560.3619995117188,365.0885925292969,1.6647289750877252,-561.2514038085938,365.7564392089844,-560.3619995117188,365.0885925292969
2032,2032,-558.3824462890625,361.8601379394531,-568.3818571223534,361.75158847116484,10.0,-567.480712890625,353.0707092285156,12.650395733642489,-562.7648315429688,359.51422119140625,4.970777192997265,-562.7367553710938,359.9698486328125,-562.7648315429688,359.51422119140625
2033,2033,-555.4598388671875,359.9823303222656,-563.5466534853034,354.0998623595626,10.0,-565.09375,349.6881103515625,14.09904991551387,-564.07861328125,354.50933837890625,10.20964804548007,-563.1517333984375,354.93670654296875,-564.07861328125,354.50933837890625
2034,2034,-552.535888671875,358.1036682128906,-555.7182962756148,348.62356896005264,10.0,-557.2786254882812,346.8978576660156,12.168144580097259,-558.6442260742188,350.2652282714844,9.937450706086768,-560.4080200195312,350.3786926269531,-558.6442260742188,350.2652282714844
2035,2035,-549.6467895507812,356.2462463378906,-546.7474215610486,346.67578839377353,10.0,-551.2684936523438,342.9739990234375,13.370956322157097,-554.4262084960938,345.77325439453125,11.51201136641562,-556.0343627929688,345.6951599121094,-554.4262084960938,345.77325439453125
2036,2036,-547.0167846679688,354.555419921875,-539.1082958780522,348.4353051304871,10.0,-547.29638671875,348.98553466796875,5.576898694479161,-549.7213134765625,345.7957763671875,9.167651350356415,-551.4303588867188,344.9736328125,-549.7213134765625,345.7957763671875
2037,2037,-544.1207885742188,352.69354248046875,-534.1290160762694,352.2879782448369,10.0,-531.9161376953125,347.7271728515625,13.176430866016393,-540.5735473632812,345.76361083984375,7.785041602477719,-541.7040405273438,344.54638671875,-540.5735473632812,345.76361083984375
2038,2038,-539.640869140625,349.89642333984375,-531.262384981142,355.35545284968265,10.0,-532.2112426757812,351.00946044921875,7.512536257080726,-532.8944702148438,345.8243103027344,7.880101715890382,-535.2691040039062,346.2898254394531,-532.8944702148438,345.8243103027344
2039,2039,-535.562744140625,347.3502197265625,-531.8972656462704,356.65421174114545,10.0,-531.60546875,350.73406982421875,5.206771552570216,-529.1287231445312,346.9921569824219,6.443976653194572,-530.8722534179688,347.5855712890625,-529.1287231445312,346.9921569824219
2040,2040,-532.6717529296875,345.51611328125,-535.0753663546337,355.2229481157065,10.0,-543.65478515625,352.00042724609375,12.754345317748697,-529.8357543945312,348.75372314453125,4.304068461145156,-531.6416015625,349.073974609375,-529.8357543945312,348.75372314453125
2041,2041,-529.7866821289062,343.685791015625,-537.3701428272138,350.2043126146706,10.0,-542.0242919921875,348.1481018066406,13.025794131702414,-529.488037109375,348.46270751953125,4.786242799209285,-533.3380737304688,348.6639404296875,-529.488037109375,348.46270751953125
2042,2042,-527.1578369140625,342.01800537109375,-537.1155557033474,342.93661111542787,10.0,-540.2781982421875,331.09814453125,17.070068603907572,-531.17333984375,342.5885314941406,4.055830844032798,-535.2828979492188,343.2024230957031,-531.17333984375,342.5885314941406
2043,2043,-524.493408203125,340.2962341308594,-533.1414116011136,335.2750751781496,10.0,-537.6400756835938,325.3938903808594,19.872461223642595,-534.60107421875,333.3736572265625,12.250999276766164,-536.0737915039062,333.9945983886719,-534.60107421875,333.3736572265625
2044,2044,-521.57470703125,338.41021728515625,-525.7135659450988,329.3069295883264,10.0,-537.7012939453125,323.0226745605469,22.2899815297925,-536.6194458007812,326.920166015625,18.930542591798403,-536.4402465820312,327.1817932128906,-536.6194458007812,326.920166015625
2045,2045,-518.9061889648438,336.685791015625,-517.004684567414,326.86824137090434,10.0,-529.9305419921875,323.4421081542969,17.2317003050465,-534.3175659179688,321.93115234375,21.335648617487628,-534.0673828125,323.2104797363281,-534.3175659179688,321.93115234375
2046,2046,-516.0077514648438,334.7712707519531,-508.76936734758783,327.8715754419371,10.0,-508.77435302734375,328.9940185546875,9.257359013586862,-525.4815063476562,323.34796142578125,14.840620861036072,-524.1359252929688,323.9189147949219,-525.4815063476562,323.34796142578125
2047,2047,-513.3672485351562,333.027099609375,-503.46990879964534,331.5978808857791,10.0,-503.9813232421875,332.46600341796875,9.40268166754576,-514.5709228515625,326.177734375,6.954324983335259,-514.02880859375,325.44140625,-514.5709228515625,326.177734375
2048,2048,-510.7157897949219,331.2756652832031,-501.8211299926548,335.84567917836074,10.0,-502.05657958984375,341.8974914550781,13.704200545863953,-506.7496032714844,331.1016540527344,3.9700019454688547,-506.0491943359375,330.68927001953125,-506.7496032714844,331.1016540527344
2049,2049,-507.7536315917969,329.3597412109375,-503.15233421128374,338.23825811502024,10.0,-502.3700256347656,344.69818115234375,16.25579751770761,-501.1710205078125,336.4478759765625,9.673283989352102,-501.1142578125,337.89178466796875,-501.1710205078125,336.4478759765625
2050,2050,-505.0410461425781,327.605224609375,-506.43541448164757,337.5075342861626,10.0,-506.4058837890625,340.784912109375,13.250167712105279,-500.5343017578125,338.7311096191406,12.004001924364388,-499.94256591796875,340.0777893066406,-500.5343017578125,338.7311096191406
2051,2051,-502.0760192871094,325.68743896484375,-508.95019061712486,332.95006717545687,10.0,-508.27703857421875,336.9486999511719,12.855685092646691,-500.85321044921875,336.5592041015625,10.940317117981392,-500.66448974609375,339.35400390625,-500.85321044921875,336.5592041015625
2052,2052,-499.10321044921875,323.8428649902344,-508.91400541070266,325.77891824976047,10.0,-509.15264892578125,331.2447204589844,12.481132884256905,-502.4045715332031,334.16986083984375,10.841855389401564,-501.9820556640625,336.537353515625,-502.4045715332031,334.16986083984375
2053,2053,-496.14495849609375,322.00732421875,-505.262759779806,317.9005371837632,10.0,-505.52032470703125,322.488037109375,9.387682167201957,-501.7062072753906,329.4219055175781,9.26841431001888,-502.1251220703125,330.5090026855469,-501.7062072753906,329.4219055175781
2054,2054,-493.44647216796875,320.3329772949219,-498.4980435079898,311.70270342923965,10.0,-495.998291015625,318.7159729003906,3.021006892277316,-498.1650390625,323.86962890625,5.896844762928401,-498.94989013671875,324.4042053222656,-498.1650390625,323.86962890625
2055,2055,-490.7530517578125,318.660400390625,-489.8695057860375,308.6995095411196,10.0,-483.3537292480469,314.92633056640625,8.288139179313129,-488.5802001953125,319.09796142578125,2.216470972547509,-489.53607177734375,319.3901672363281,-488.5802001953125,319.09796142578125
2056,2056,-488.0473327636719,316.9802551269531,-481.55554755320657,309.3738943163431,10.0,-476.5409851074219,315.130615234375,11.654063845659431,-481.0909729003906,315.6242370605469,7.087293386328132,-481.4574279785156,315.63555908203125,-481.0909729003906,315.6242370605469
2057,2057,-485.0926818847656,315.1454772949219,-475.3943686180661,312.7077078675641,10.0,-472.3838195800781,316.9720458984375,12.8394522446581,-474.8131103515625,313.92376708984375,10.351916089856607,-474.94384765625,315.300537109375,-474.8131103515625,313.92376708984375
2058,2058,-480.9620361328125,312.46514892578125,-471.64519821240043,316.09785193659457,10.0,-468.342529296875,318.3607482910156,13.92874885471144,-467.4386291503906,313.9132995605469,13.600723387863926,-469.16632080078125,315.583251953125,-467.4386291503906,313.9132995605469
2059,2059,-476.8409729003906,309.791015625,-471.35248250289146,318.1502304898398,10.0,-469.08319091796875,318.2642517089844,11.48820747643967,-465.797119140625,315.0998840332031,12.25360312898645,-465.9222412109375,316.320068359375,-465.797119140625,315.0998840332031
2060,2060,-474.1192626953125,308.00518798828125,-474.48965045831204,317.9983262793798,10.0,-473.7633361816406,317.8639221191406,9.865156985375659,-466.6204833984375,314.5668029785156,9.96426024465989,-466.4703674316406,316.7254943847656,-466.6204833984375,314.5668029785156
2061,2061,-471.14593505859375,306.0542907714844,-477.2381717361431,313.984275151338,10.0,-474.24041748046875,317.4119567871094,11.771677823563488,-466.4884948730469,315.1693420410156,10.23601039116951,-467.78076171875,316.8729248046875,-466.4884948730469,315.1693420410156
2062,2062,-468.4259033203125,304.2695617675781,-477.98609534072705,307.20260260138895,10.0,-475.9539794921875,315.99737548828125,13.936052006112227,-468.8030700683594,314.83404541015625,10.571214187127845,-470.8929443359375,316.3038024902344,-468.8030700683594,314.83404541015625
2063,2063,-465.5291748046875,302.3658752441406,-475.02041832142015,299.21686007966764,10.0,-475.2344665527344,295.030517578125,12.16553163668078,-469.4295959472656,310.828857421875,9.318548837137685,-472.1538391113281,311.0425720214844,-469.4295959472656,310.828857421875
2064,2064,-462.8830871582031,300.62689208984375,-468.79398662279993,292.5608355862338,10.0,-474.75714111328125,290.7052917480469,15.473568129893323,-471.2655029296875,303.4303894042969,8.838805991658369,-473.1271057128906,303.1999816894531,-471.2655029296875,303.4303894042969
2065,2065,-459.9903869628906,298.7258605957031,-460.13413660740815,288.7268938470985,10.0,-469.75634765625,286.4032287597656,15.723270767505745,-469.8149719238281,294.7708740234375,10.590769020306348,-471.5699157714844,294.8171691894531,-469.8149719238281,294.7708740234375
2066,2066,-457.2487487792969,296.9888610839844,-451.57216675659953,288.7562177332987,10.0,-460.97735595703125,285.27606201171875,12.291955645588654,-465.9095153808594,288.101806640625,12.409214914972424,-467.843994140625,288.0621643066406,-465.9095153808594,288.101806640625
2067,2067,-454.5061950683594,295.25128173828125,-445.1093986928723,291.83072361457806,10.0,-451.07379150390625,287.529052734375,8.45069316790294,-459.3798828125,284.9823913574219,11.366747198802862,-462.0494689941406,284.7486877441406,-459.3798828125,284.9823913574219
2068,2068,-451.50384521484375,293.34912109375,-441.8632882204162,296.00612332129793,10.0,-437.933837890625,287.6878967285156,14.703556035628724,-449.1846008300781,283.71417236328125,9.91015295316012,-453.12335205078125,283.32232666015625,-449.1846008300781,283.71417236328125
2069,2069,-448.6200866699219,291.5310974121094,-442.3024048567164,299.2826712205107,10.0,-437.1480712890625,287.8183898925781,12.057832890874627,-441.0004577636719,282.8263854980469,11.568524286864864,-444.51177978515625,282.6426086425781,-441.0004577636719,282.8263854980469
2070,2070,-445.99273681640625,289.87469482421875,-445.33522979709613,299.85305563747653,10.0,-460.6413269042969,309.0057067871094,24.095161553459477,-444.5493469238281,289.7567443847656,1.448201190499399,-447.8720703125,289.8076477050781,-444.5493469238281,289.7567443847656
2071,2071,-443.0989685058594,288.0503234863281,-448.34488862315345,296.5638610661459,10.0,-455.0172119140625,297.5152893066406,15.219398934151805,-445.265625,291.6289367675781,4.18340452028496,-447.86968994140625,291.6584777832031,-445.265625,291.6289367675781
2072,2072,-440.47100830078125,286.36016845703125,-449.6795666037988,290.25920089853867,10.0,-462.8781433105469,286.8006286621094,22.411463685759614,-449.9466247558594,289.4039306640625,9.952476856375958,-453.0711669921875,289.6445617675781,-449.9466247558594,289.4039306640625
2073,2073,-437.58636474609375,284.5048828125,-447.3507483576922,282.3469178717406,10.0,-443.53155517578125,271.921875,13.916801890329685,-445.1912536621094,279.41705322265625,9.149882259364157,-447.96478271484375,280.9744873046875,-445.1912536621094,279.41705322265625
2074,2074,-434.7043151855469,282.65130615234375,-441.41207721331364,275.2347079713142,10.0,-441.09173583984375,262.6319580078125,21.01364896315928,-441.7039489746094,266.90606689453125,17.23100207378391,-444.2821960449219,269.97021484375,-441.7039489746094,266.90606689453125
2075,2075,-430.4891357421875,279.9167785644531,-431.65866187679904,269.98540360322744,10.0,-433.55169677734375,259.62432861328125,20.522251463103963,-436.0630798339844,257.7895202636719,22.81851030737918,-438.55029296875,262.37677001953125,-436.0630798339844,257.7895202636719
2076,2076,-426.2790222167969,277.185546875,-421.47763270921547,268.41362241132117,10.0,-426.3894958496094,259.20648193359375,17.9794043447176,-429.9525146484375,252.86349487304688,24.597901541209424,-431.9990539550781,258.1485595703125,-429.9525146484375,252.86349487304688
2077,2077,-423.5559387207031,275.4348449707031,-414.5599632703622,271.06764613198936,10.0,-422.1841735839844,261.5099182128906,13.992330928074834,-423.1694641113281,250.09866333007812,25.339129084292438,-424.92681884765625,256.56890869140625,-423.1694641113281,250.09866333007812
2078,2078,-420.8418884277344,273.68994140625,-410.97949242145864,275.3431640214462,10.0,-418.1162109375,261.64569091796875,12.348817255317753,-417.87646484375,250.261962890625,23.614908730736975,-419.1357116699219,256.2352294921875,-417.87646484375,250.261962890625
2079,2079,-417.8639221191406,271.775390625,-410.78381327077864,278.8374058257303,10.0,-418.8170166015625,270.04656982421875,1.974135368620132,-413.283447265625,256.8557434082031,15.606941499133125,-416.02880859375,258.7293701171875,-413.283447265625,256.8557434082031
2080,2080,-415.2197570800781,270.09002685546875,-413.54130372096455,279.9481602650591,10.0,-422.33624267578125,270.6839599609375,7.141227049157716,-414.9400634765625,260.87945556640625,9.214816980426145,-416.58856201171875,261.4152526855469,-414.9400634765625,260.87945556640625
2081,2081,-412.3179931640625,268.240478515625,-416.662158568724,277.2475994172751,10.0,-425.348876953125,271.2697448730469,13.37835516751816,-415.1685485839844,264.4198913574219,4.7668178521391615,-418.3109436035156,264.9140319824219,-415.1685485839844,264.4198913574219
2082,2082,-409.4284362792969,266.398681640625,-418.18804610468806,271.2225012586156,10.0,-425.04345703125,262.008056640625,16.22055674058544,-417.9200439453125,263.7669677734375,8.890068539234235,-420.11328125,263.7793273925781,-417.9200439453125,263.7669677734375
2083,2083,-406.61199951171875,264.6056823730469,-416.54633457359023,263.4615727286197,10.0,-424.0223388671875,258.70599365234375,18.382770288337273,-418.9114990234375,259.7456970214844,13.224868462717195,-421.26434326171875,261.2282409667969,-418.9114990234375,259.7456970214844
2084,2084,-403.79510498046875,262.8123779296875,-411.2288428775342,256.1236156467436,10.0,-418.366455078125,253.483642578125,17.301720923883806,-418.81451416015625,255.97201538085938,16.50373327178707,-419.4271240234375,258.0658264160156,-418.81451416015625,255.97201538085938
2085,2085,-400.9826965332031,261.0219421386719,-403.1656397687811,251.2631123507186,10.0,-415.9127197265625,250.52008056640625,18.253621258185408,-417.4670715332031,252.33392333984375,18.63374062794199,-417.609619140625,254.27085876464844,-417.4670715332031,252.33392333984375
2086,2086,-398.2017822265625,259.2135314941406,-394.3263256489741,249.99502639216087,10.0,-395.62152099609375,251.0220184326172,8.588284709682673,-409.6802673339844,251.7954559326172,13.666874748741098,-409.58172607421875,251.9642333984375,-409.6802673339844,251.7954559326172
2087,2087,-395.4093017578125,257.3976135253906,-386.9092154468996,252.1299259200906,10.0,-388.8677978515625,253.9991455078125,7.371625209001431,-400.4310302734375,252.00344848632812,7.369855748471974,-399.8768005371094,251.565185546875,-400.4310302734375,252.00344848632812
2088,2088,-392.62890625,255.5895538330078,-382.64889565779106,256.221525809758,10.0,-384.5628662109375,252.8681640625,8.512753032643667,-391.245361328125,251.2896270751953,4.517030736379598,-391.12982177734375,251.12518310546875,-391.245361328125,251.2896270751953
2089,2089,-389.9232177734375,253.8508758544922,-382.1555034930751,260.148702055544,10.0,-384.05267333984375,257.186767578125,6.752145254554323,-383.7862854003906,253.77134704589844,6.137447660285755,-384.84967041015625,252.955810546875,-383.7862854003906,253.77134704589844
2090,2090,-387.2144470214844,252.11019897460938,-384.53278498364557,261.7439256011446,10.0,-388.1054382324219,261.21356201171875,9.146861971374506,-382.00396728515625,256.9529724121094,7.113476903008934,-382.88177490234375,255.95652770996094,-382.00396728515625,256.9529724121094
2091,2091,-384.24444580078125,250.20169067382812,-387.64094795850355,259.6072088994544,10.0,-387.64080810546875,257.19287109375,7.772507997332727,-381.6657409667969,258.2808837890625,8.480747609383556,-382.1033630371094,256.6371765136719,-381.6657409667969,258.2808837890625
2092,2092,-379.8360595703125,247.40005493164062,-388.05415058276554,253.09768427295782,10.0,-387.2425537109375,252.24061584472656,8.848004600383513,-380.9602355957031,256.92547607421875,9.591528537179954,-381.9078369140625,255.22291564941406,-380.9602355957031,256.92547607421875
2093,2093,-375.81915283203125,244.8472137451172,-385.81845467635134,244.72905018822527,10.0,-386.86602783203125,242.5565185546875,11.281876250034065,-380.85986328125,251.68699645996094,8.496551619282874,-382.08447265625,249.78028869628906,-380.85986328125,251.68699645996094
2094,2094,-372.8261413574219,242.93785095214844,-380.9072964181515,237.04761047450714,10.0,-381.5312194824219,235.55581665039062,11.413711736095426,-379.4508972167969,244.94552612304688,6.9222936797109,-380.4781494140625,243.0417022705078,-379.4508972167969,244.94552612304688
2095,2095,-370.09783935546875,241.19735717773438,-373.2711306522596,231.71420251561315,10.0,-373.08807373046875,230.96878051757812,10.6567012771366,-374.63616943359375,238.1659698486328,5.4576321822793785,-376.0911865234375,236.9285430908203,-374.63616943359375,238.1659698486328
2096,2096,-367.3734436035156,239.4593505859375,-364.4648752406909,229.8916847222707,10.0,-361.3851318359375,230.4688720703125,10.802248921665774,-368.091796875,233.65545654296875,5.848180698701131,-369.3475036621094,232.18850708007812,-368.091796875,233.65545654296875
2097,2097,-364.653076171875,237.693115234375,-356.7387067273853,231.58060705064815,10.0,-355.61346435546875,229.7213897705078,12.052509641671316,-361.14520263671875,229.83021545410156,8.609899517025369,-361.7862854003906,228.9969940185547,-361.14520263671875,229.83021545410156
2098,2098,-361.93231201171875,235.9265899658203,-351.94015419403723,235.53063271238776,10.0,-352.7525634765625,231.6833038330078,10.113024294127953,-355.0897521972656,229.58534240722656,9.329096709421549,-355.196044921875,228.016845703125,-355.0897521972656,229.58534240722656
2099,2099,-358.93792724609375,233.98243713378906,-350.5646956552191,239.44951978595182,10.0,-352.9786071777344,234.09957885742188,5.960471278394557,-351.65130615234375,230.40614318847656,8.116940639622868,-351.37969970703125,228.67103576660156,-351.65130615234375,230.40614318847656
2100,2100,-356.04156494140625,232.13247680664062,-352.3850336553655,241.43998877032917,10.0,-353.40130615234375,234.19515991210938,3.3504668431142526,-348.1811218261719,230.84486389160156,7.965206399510993,-349.43218994140625,229.60780334472656,-348.1811218261719,230.84486389160156
2101,2101,-353.14166259765625,230.28028869628906,-355.55460774719893,239.98480804066148,10.0,-356.1278381347656,234.5260009765625,5.190695242960729,-347.88629150390625,232.71884155273438,5.793571037512241,-349.45880126953125,230.88246154785156,-347.88629150390625,232.71884155273438
2102,2102,-350.50244140625,228.59457397460938,-358.0921659657638,235.10580128677663,10.0,-355.6847839355469,232.255859375,6.345209600483869,-348.398681640625,232.4634246826172,4.40384047761895,-349.9437255859375,231.07191467285156,-348.398681640625,232.4634246826172
2103,2103,-347.8619079589844,226.90660095214844,-357.82050535802983,227.81563221878594,10.0,-354.0610656738281,227.25729370117188,6.2090693165501385,-348.6590270996094,230.73988342285156,3.915284590492828,-350.1387634277344,229.2588653564453,-348.6590270996094,230.73988342285156
2104,2104,-344.9514465332031,225.04605102539062,-353.59461823764224,220.01657959316407,10.0,-350.88604736328125,224.66879272460938,5.946579759649435,-348.2575988769531,229.0395965576172,5.184500866819327,-349.5744934082031,227.1407470703125,-348.2575988769531,229.0395965576172
2105,2105,-342.05670166015625,223.19557189941406,-346.1868061181744,214.0883090193903,10.0,-348.6165466308594,215.82373046875,9.867908193660613,-346.8175964355469,223.67808532714844,4.785283509917226,-348.3732604980469,221.8758087158203,-346.8175964355469,223.67808532714844
2106,2106,-339.3371276855469,221.4528350830078,-337.42618488241266,211.6371182165151,10.0,-339.81536865234375,210.2037811279297,11.25921530598743,-343.21807861328125,217.62046813964844,5.454247564241651,-344.12103271484375,215.78659057617188,-343.21807861328125,217.62046813964844
2107,2107,-336.6144104003906,219.70811462402344,-329.3693957751419,212.81538199610785,10.0,-332.4214172363281,209.7648162841797,10.791217426639792,-337.0730285644531,213.51048278808594,6.214577298114015,-338.3421325683594,211.46652221679688,-337.0730285644531,213.51048278808594
2108,2108,-333.63140869140625,217.7965850830078,-323.7326993788975,216.37688302044214,10.0,-327.7496337890625,212.62481689453125,7.832142886667669,-331.0589599609375,211.99676513671875,6.3447146413580136,-332.3931579589844,209.98699951171875,-331.0589599609375,211.99676513671875
2109,2109,-330.7435302734375,215.9315948486328,-321.85326851605265,220.51015858469466,10.0,-324.8103942871094,216.20091247558594,5.939245290139941,-326.2933044433594,212.98268127441406,5.338595433904516,-327.1322937011719,210.61026000976562,-326.2933044433594,212.98268127441406
2110,2110,-327.8666076660156,214.07366943359375,-323.2738488445843,222.95660624571644,10.0,-329.424560546875,220.6927490234375,6.799958220141072,-324.377197265625,215.98011779785156,3.9762457554753268,-325.65936279296875,213.68560791015625,-324.377197265625,215.98011779785156
2111,2111,-325.23675537109375,212.3753204345703,-326.6406438445449,222.27628489032466,10.0,-328.9416809082031,216.4124755859375,5.479515941370717,-323.1072998046875,216.1344757080078,4.320396900645996,-324.9559631347656,214.22032165527344,-323.1072998046875,216.1344757080078
2112,2112,-321.0184020996094,209.71206665039062,-327.89955305524774,216.96808219101052,10.0,-332.71990966796875,212.9057159423828,12.129496080736986,-324.8436279296875,215.34384155273438,6.808027702776028,-326.5240173339844,213.37554931640625,-324.8436279296875,215.34384155273438
2113,2113,-316.7910461425781,207.04312133789062,-326.60369802752865,208.96974091237254,10.0,-327.50018310546875,209.32012939453125,10.948533243314218,-324.2845458984375,213.2829132080078,9.751284078184014,-325.84771728515625,211.35275268554688,-324.2845458984375,213.2829132080078
2114,2114,-313.8865051269531,205.19784545898438,-323.00035364161636,201.0822938250268,10.0,-326.5395202636719,201.24838256835938,13.255076354908628,-323.5697937011719,209.02609252929688,10.412567082278589,-325.2398681640625,206.93515014648438,-323.5697937011719,209.02609252929688
2115,2115,-310.9875183105469,203.35610961914062,-316.03078956172806,194.7209828055374,10.0,-319.47344970703125,193.33944702148438,13.128006751259877,-320.17572021484375,202.4361114501953,9.23414591962827,-322.13092041015625,200.7447052001953,-320.17572021484375,202.4361114501953
2116,2116,-308.3453369140625,201.67752075195312,-307.452214247724,191.71748400990882,10.0,-310.4729309082031,188.4940643310547,13.354032327564266,-315.277099609375,195.87733459472656,9.03833466533568,-316.56915283203125,193.94219970703125,-315.277099609375,195.87733459472656
2117,2117,-305.39154052734375,199.77317810058594,-298.89244502574866,192.1730624658639,10.0,-303.938720703125,188.41018676757812,11.45549027652914,-309.2135009765625,191.4090118408203,9.196013206623514,-310.0926513671875,189.44638061523438,-309.2135009765625,191.4090118408203
2118,2118,-302.6788330078125,198.0242462158203,-292.978180380349,195.59580255757234,10.0,-295.1518249511719,193.59234619140625,8.734849060581084,-300.462646484375,190.51901245117188,7.825600077226343,-301.6760559082031,188.63742065429688,-300.462646484375,190.51901245117188
2119,2119,-299.9710998535156,196.2785186767578,-290.6577589763346,199.92017787352913,10.0,-294.95697021484375,199.3095245361328,5.859052188961396,-294.31561279296875,192.7777862548828,6.651290204282168,-296.1307678222656,190.83425903320312,-294.31561279296875,192.7777862548828
2120,2120,-297.098876953125,194.39161682128906,-291.61842623117565,202.75610484413212,10.0,-295.1236572265625,198.79220581054688,4.823554334780394,-291.5042419433594,194.54115295410156,5.596633090306326,-292.8593444824219,192.7603759765625,-291.5042419433594,194.54115295410156
2121,2121,-294.4847412109375,192.6742401123047,-294.86473691065123,202.66701766752922,10.0,-298.066162109375,198.90316772460938,7.185131512442667,-290.888671875,196.3894500732422,5.170541530895888,-292.3559875488281,194.49688720703125,-290.888671875,196.3894500732422
2122,2122,-291.6172790527344,190.7904815673828,-297.7171373606128,198.7146047759029,10.0,-298.4753112792969,192.54290771484375,7.078389889153788,-291.02264404296875,195.24424743652344,4.493286237483754,-292.7678527832031,193.4884796142578,-291.02264404296875,195.24424743652344
2123,2123,-288.7930603027344,188.95750427246094,-298.3560679366132,191.88135190774818,10.0,-299.13787841796875,188.4791259765625,10.355873098453262,-292.1084289550781,193.30465698242188,5.467120447243168,-293.787841796875,191.05003356933594,-292.1084289550781,193.30465698242188
2124,2124,-285.97821044921875,187.13059997558594,-295.4664218937143,183.9724607157459,10.0,-299.4093322753906,179.442626953125,15.47578633554876,-293.03375244140625,187.29257202148438,7.0574009201102985,-295.1590576171875,185.88818359375,-293.03375244140625,187.29257202148438
2125,2125,-283.1613464355469,185.30242919921875,-289.06448789247423,177.23069326823676,10.0,-293.3054504394531,173.85279846191406,15.296956888959944,-292.2132568359375,181.54910278320312,9.799211247945452,-293.7612609863281,179.9993133544922,-292.2132568359375,181.54910278320312
2126,2126,-280.1915283203125,183.4346466064453,-280.32566418658485,173.43554626844593,10.0,-290.821044921875,170.2852325439453,16.908391803183576,-289.811767578125,176.30555725097656,11.973843093001287,-291.68743896484375,174.27072143554688,-289.811767578125,176.30555725097656
2127,2127,-277.47149658203125,181.72398376464844,-271.7870017392045,173.49680208549023,10.0,-283.7364196777344,170.23049926757812,13.090051462063473,-288.4679260253906,172.36074829101562,14.442701929953303,-288.3147888183594,170.5240478515625,-288.4679260253906,172.36074829101562
2128,2128,-274.7360534667969,180.0036163330078,-265.3359726688176,176.59209453306855,10.0,-257.58447265625,176.53866577148438,17.49807437104213,-276.0899353027344,172.65350341796875,7.47376450589029,-275.1895751953125,170.92404174804688,-276.0899353027344,172.65350341796875
2129,2129,-272.002685546875,178.27638244628906,-262.364687637762,180.94265255712432,10.0,-257.21392822265625,179.77920532226562,14.864919098037237,-265.228515625,174.52096557617188,7.745484749116527,-264.5162048339844,173.32601928710938,-265.228515625,174.52096557617188
2130,2130,-269.0116882324219,176.3863525390625,-262.7014622490641,184.14399702943174,10.0,-256.82232666015625,179.90684509277344,12.687568851445105,-258.9548034667969,176.76812744140625,10.064128539775304,-257.5333251953125,175.31629943847656,-258.9548034667969,176.76812744140625
2131,2131,-266.2801208496094,174.6602783203125,-265.63220803401026,184.63926669506185,10.0,-263.1461486816406,182.70169067382812,8.630532671213084,-253.78872680664062,176.8834991455078,12.687696243774806,-253.6028289794922,177.6173858642578,-253.78872680664062,176.8834991455078
2132,2132,-262.07513427734375,171.9457244873047,-267.32923748534836,180.45421433448882,10.0,-260.6207275390625,178.0455322265625,6.2708016565880484,-250.77835083007812,175.71798706054688,11.909965624463338,-252.03604125976562,177.85336303710938,-250.77835083007812,175.71798706054688
2133,2133,-257.86505126953125,169.22789001464844,-267.0773541210002,173.11806689659315,10.0,-260.32928466796875,167.73069763183594,2.883406192877896,-255.2907257080078,173.02044677734375,4.583736346582219,-253.8586883544922,174.0391387939453,-255.2907257080078,173.02044677734375
2134,2134,-255.1543731689453,167.4773406982422,-264.9166774476368,165.3099885878915,10.0,-257.79833984375,158.99334716796875,8.886433817859631,-259.8440246582031,168.23500061035156,4.750460991642348,-255.6209716796875,167.45315551757812,-259.8440246582031,168.23500061035156
2135,2135,-252.4481964111328,165.7296905517578,-259.14882449794214,158.30664648330034,10.0,-256.96636962890625,155.10513305664062,11.545350197930594,-259.1329040527344,162.34046936035156,7.494807304925426,-255.03663635253906,161.1454315185547,-259.1329040527344,162.34046936035156
2136,2136,-249.47039794921875,163.80662536621094,-250.63037481896927,153.87413053048897,10.0,-254.34573364257812,152.16395568847656,12.622228620484554,-257.5169982910156,157.67286682128906,10.117844184805758,-253.65846252441406,155.7644500732422,-257.5169982910156,157.67286682128906
2137,2137,-246.604248046875,161.97335815429688,-241.7944268117445,153.20605413960183,10.0,-237.73455810546875,152.36817932128906,13.074052932076745,-248.0668487548828,152.6934814453125,9.394429869077507,-247.6759033203125,152.17222595214844,-248.0668487548828,152.6934814453125
2138,2138,-243.98678588867188,160.29916381835938,-234.98661566342957,155.94061636345404,10.0,-229.51168823242188,155.4580078125,15.263198997295506,-238.44357299804688,151.3087921142578,10.561912351875545,-239.05029296875,151.25660705566406,-238.44357299804688,151.3087921142578
2139,2139,-241.11659240722656,158.4633026123047,-231.25579048429202,160.12600686641915,10.0,-227.0668182373047,156.06210327148438,14.253487731083919,-230.53030395507812,151.71990966796875,12.55160753026524,-231.0710906982422,151.37608337402344,-230.53030395507812,151.71990966796875
2140,2140,-238.39752197265625,156.71583557128906,-231.3242063162711,163.78465482383305,10.0,-227.50796508789062,161.43093872070312,11.866534745078734,-225.46917724609375,154.5824737548828,13.103180148671413,-226.55978393554688,154.19033813476562,-225.46917724609375,154.5824737548828
2141,2141,-235.41026306152344,154.79600524902344,-233.7412887829106,164.65574788548858,10.0,-230.49815368652344,161.84632873535156,8.592780677628916,-224.44744873046875,157.84930419921875,11.380067334442352,-224.6311798095703,156.63372802734375,-224.44744873046875,157.84930419921875
2142,2142,-232.6810760498047,153.0420379638672,-237.0338995277927,162.04497791532063,10.0,-230.678955078125,161.09295654296875,8.296130323986137,-223.49441528320312,158.9386444091797,10.9162586819623,-224.28814697265625,158.2755584716797,-223.49441528320312,158.9386444091797
2143,2143,-229.79331970214844,151.17019653320312,-238.55756343911335,155.98559181490862,10.0,-237.31565856933594,157.74066162109375,9.987822260332294,-228.1107177734375,159.2752685546875,8.277882683630553,-227.86424255371094,158.1626434326172,-228.1107177734375,159.2752685546875
2144,2144,-226.90037536621094,149.29498291015625,-236.83360580860497,148.14132222421077,10.0,-229.90927124023438,147.0616455078125,3.747165639976807,-227.5874786376953,155.04013061523438,5.786089617250063,-227.8602752685547,153.8647918701172,-227.5874786376953,155.04013061523438
2145,2145,-224.26600646972656,147.58738708496094,-231.6933098830434,140.89148057377577,10.0,-229.6968536376953,133.43292236328125,15.160572961438794,-226.89306640625,146.04385375976562,3.04695569972309,-228.09280395507812,145.3961181640625,-226.89306640625,146.04385375976562
2146,2146,-221.35816955566406,145.759765625,-223.53172895506472,135.9988415121264,10.0,-229.876953125,129.57481384277344,18.289951823178395,-227.59384155273438,137.49378967285156,10.35422443723059,-228.4419403076172,137.1328887939453,-227.59384155273438,137.49378967285156
2147,2147,-218.7056427001953,144.09262084960938,-214.82132459295926,134.87784614580906,10.0,-226.52761840820312,130.4722900390625,15.70658191222383,-223.22947692871094,131.771484375,13.125375429032081,-227.1531219482422,132.076416015625,-223.22947692871094,131.771484375
2148,2148,-215.7998504638672,142.2663116455078,-207.29470335543886,137.0067990574448,10.0,-217.93431091308594,138.99876403808594,3.902920544418952,-219.30902099609375,132.35337829589844,10.51572752680693,-221.8534393310547,132.0971221923828,-219.30902099609375,132.35337829589844
2149,2149,-213.08804321289062,140.55665588378906,-203.10864485599907,141.19822305445027,10.0,-212.80628967285156,141.77069091796875,1.2463009755031962,-213.0089569091797,134.20269775390625,6.354450295638368,-216.0863037109375,134.2089080810547,-213.0089569091797,134.20269775390625
2150,2150,-210.37478637695312,138.84609985351562,-202.6131308611879,145.1513915719527,10.0,-212.4214324951172,146.1712646484375,7.605708356606823,-212.32359313964844,139.47206115722656,2.0468696470636525,-212.7175750732422,138.52268981933594,-212.32359313964844,139.47206115722656
2151,2151,-207.39498901367188,136.96749877929688,-204.72259075952462,146.60379929200562,10.0,-216.10824584960938,148.87533569335938,14.755250748832468,-213.33433532714844,143.73985290527344,9.007808559191265,-212.35421752929688,142.41958618164062,-213.33433532714844,143.73985290527344
2152,2152,-203.17758178710938,134.22702026367188,-206.5831255034643,143.62926850523598,10.0,-216.77662658691406,145.153564453125,17.444867078632807,-213.40875244140625,144.28407287597656,14.346468562123924,-213.21051025390625,143.84141540527344,-213.40875244140625,144.28407287597656
2153,2153,-198.9492645263672,131.4794464111328,-207.17282984298268,137.1691716666578,10.0,-217.30886840820312,139.97315979003906,20.22914288003662,-215.15936279296875,144.41482543945312,20.738643070827656,-214.47601318359375,142.92677307128906,-215.15936279296875,144.41482543945312
2154,2154,-195.9793243408203,129.5196990966797,-205.97850795255715,129.39192156041761,10.0,-219.37294006347656,125.42571258544922,23.749146976964177,-218.2650146484375,133.8105926513672,22.695016192650787,-216.6514892578125,136.08753967285156,-218.2650146484375,133.8105926513672
2155,2155,-193.27549743652344,127.73553466796875,-201.3509854694387,121.83752712047934,10.0,-213.40878295898438,120.78822326660156,21.29822343850542,-217.1839141845703,127.76251220703125,23.908431968364262,-215.74826049804688,129.13320922851562,-217.1839141845703,127.76251220703125
2156,2156,-190.5648193359375,125.94686889648438,-193.72899139230506,116.4606675915519,10.0,-191.4661865234375,116.16084289550781,9.827449704704216,-208.1506805419922,121.94799041748047,18.03478703640439,-206.90359497070312,121.70573425292969,-208.1506805419922,121.94799041748047
2157,2157,-187.69459533691406,124.06661987304688,-184.77682928975287,114.50175493442734,10.0,-183.6102294921875,117.86290740966797,7.427522647683526,-198.25889587402344,118.35404205322266,12.009912205587394,-196.40162658691406,117.8802490234375,-198.25889587402344,118.35404205322266
2158,2158,-184.83367919921875,122.19246673583984,-176.91343641640444,116.08757081033237,10.0,-179.90501403808594,118.40882873535156,6.213505998170702,-188.56105041503906,115.74124908447266,7.450604362455261,-187.07992553710938,116.26824951171875,-188.56105041503906,115.74124908447266
2159,2159,-182.2212371826172,120.48108673095703,-172.22870328221165,120.09473682575916,10.0,-176.62701416015625,120.98716735839844,5.617067635920319,-180.77835083007812,116.29005432128906,4.432456845275629,-179.39385986328125,116.14716339111328,-180.77835083007812,116.29005432128906
2160,2160,-179.39874267578125,118.71454620361328,-171.03077139394617,124.18967694418772,10.0,-173.21551513671875,123.14884948730469,7.608899290408389,-172.79959106445312,117.79727172851562,6.66259667486786,-173.15359497070312,117.03254699707031,-172.79959106445312,117.79727172851562
2161,2161,-176.57225036621094,116.94548797607422,-172.92466966867374,126.25651128476345,10.0,-176.5037384033203,123.5096664428711,6.564535995256549,-171.20419311523438,119.60586547851562,5.991130703403025,-170.87498474121094,118.59791564941406,-171.20419311523438,119.60586547851562
2162,2162,-173.7550811767578,115.1822738647461,-176.17735582030824,124.88446874792653,10.0,-179.71389770507812,123.44778442382812,10.189512217004301,-170.8915252685547,121.56348419189453,6.9942689166710545,-171.43455505371094,120.14047241210938,-170.8915252685547,121.56348419189453
2163,2163,-171.00997924804688,113.47909545898438,-178.60596065262982,119.9830224651269,10.0,-179.59890747070312,120.68826293945312,11.213464396670156,-171.06753540039062,122.3800048828125,8.90109551020912,-172.4768524169922,120.3036117553711,-171.06753540039062,122.3800048828125
2164,2164,-168.27346801757812,111.78125,-178.23293482040026,112.68070594860671,10.0,-179.8071746826172,118.28128051757812,13.239213955692893,-171.66001892089844,119.75287628173828,8.661151920875197,-173.85540771484375,119.2022705078125,-171.66001892089844,119.75287628173828
2165,2165,-165.26852416992188,109.91686248779297,-173.90685619084073,104.87908322542268,10.0,-174.80215454101562,111.88469696044922,9.734602229388495,-169.8746337890625,113.67668914794922,5.945800395065537,-173.17303466796875,114.29255676269531,-169.8746337890625,113.67668914794922
2166,2166,-162.27099609375,108.00298309326172,-166.3923422779644,98.89175344903359,10.0,-163.64219665527344,108.40125274658203,1.4278689353992096,-164.305908203125,108.48738098144531,2.0917716431192335,-168.3482666015625,110.43116760253906,-164.305908203125,108.48738098144531
2167,2167,-159.5377197265625,106.2578353881836,-157.61734028424644,96.44396037382103,10.0,-156.68661499023438,102.1402587890625,5.008316610113852,-160.73687744140625,108.47618865966797,2.521719742987851,-162.4132537841797,107.32640075683594,-160.73687744140625,108.47618865966797
2168,2168,-156.81259155273438,104.51786804199219,-149.56095311697118,97.63210446799678,10.0,-149.8042449951172,102.95379638671875,7.180754947391986,-153.199951171875,105.15360260009766,3.66815061710739,-155.07974243164062,104.18930053710938,-153.199951171875,105.15360260009766
2169,2169,-154.10044860839844,102.7397689819336,-144.20037886951434,101.3295848928051,10.0,-146.71038818359375,105.69576263427734,7.9593273305575885,-146.6095428466797,103.17451477050781,7.503510713768201,-149.24815368652344,103.64849090576172,-146.6095428466797,103.17451477050781
2170,2170,-151.1175079345703,100.78411865234375,-142.23165244045492,105.37122799676744,10.0,-143.28172302246094,107.9348373413086,10.608124384524912,-144.27523803710938,105.58484649658203,8.358447534329855,-144.1310577392578,104.44818878173828,-144.27523803710938,105.58484649658203
2171,2171,-148.40771484375,99.00755310058594,-143.82349882706504,107.89490160913275,10.0,-147.21078491210938,110.31416320800781,11.369787745710635,-142.73770141601562,107.73148345947266,10.404614994193368,-142.68675231933594,105.77098846435547,-142.73770141601562,107.73148345947266
2172,2172,-145.69259643554688,97.26133728027344,-147.10600374559127,107.16094736228743,10.0,-146.8372802734375,108.00929260253906,10.808739274223704,-141.04432678222656,107.58255004882812,11.31962206894536,-142.11032104492188,106.51760864257812,-141.04432678222656,107.58255004882812
2173,2173,-142.9842987060547,95.51950073242188,-149.87242292620252,102.76889689540076,10.0,-150.8300018310547,104.46833801269531,11.901123736624474,-142.73768615722656,107.41075134277344,11.893807583252132,-143.9416046142578,105.5391616821289,-142.73768615722656,107.41075134277344
2174,2174,-140.0130615234375,93.60855865478516,-149.82756126078624,95.52574276320605,10.0,-155.53065490722656,84.02454376220703,18.238668972427057,-147.82269287109375,102.32449340820312,11.702899658295559,-147.30731201171875,99.5661392211914,-147.82269287109375,102.32449340820312
2175,2175,-135.6444549560547,90.8409423828125,-144.75434227659142,86.71662995440408,10.0,-149.74468994140625,75.28539276123047,20.99504109716466,-148.58750915527344,85.92924499511719,13.843678096236097,-147.84014892578125,84.12911224365234,-148.58750915527344,85.92924499511719
2176,2176,-131.6490478515625,88.30975341796875,-136.6840143517738,79.66978163897838,10.0,-139.3580322265625,71.5603256225586,18.438323447853183,-145.36402893066406,76.00455474853516,18.426031051052316,-144.1160430908203,74.72712707519531,-145.36402893066406,76.00455474853516
2177,2177,-128.79266357421875,86.49287414550781,-127.88996503894462,76.53370071823916,10.0,-131.59571838378906,68.32144927978516,18.386348139749202,-138.56094360351562,68.37025451660156,20.587584534004428,-138.07211303710938,68.38710021972656,-138.56094360351562,68.37025451660156
2178,2178,-126.18891143798828,84.8366928100586,-119.68251165319485,77.24282937696738,10.0,-127.93421173095703,68.38872528076172,16.540305588393498,-133.16058349609375,65.02823638916016,20.999503733764783,-132.4282684326172,65.10475158691406,-133.16058349609375,65.02823638916016
2179,2179,-123.33609008789062,83.02207946777344,-113.63310706719645,80.60296382355122,10.0,-120.02025604248047,70.97554779052734,12.494546044878728,-125.1769027709961,64.7718505859375,18.342830904025707,-125.48037719726562,64.64014434814453,-125.1769027709961,64.7718505859375
2180,2180,-120.52458190917969,81.21148681640625,-111.21474668472295,84.86209883269402,10.0,-120.64994812011719,73.9462661743164,7.266302200231778,-121.58175659179688,65.96692657470703,15.281172575177708,-121.10649871826172,64.948486328125,-121.58175659179688,65.96692657470703
2181,2181,-117.71334075927734,79.40107727050781,-112.2409347791478,87.77083071900572,10.0,-120.49545288085938,74.03731536865234,6.0423579500762665,-117.88338470458984,67.42633819580078,11.975946344679942,-118.43668365478516,66.85179138183594,-117.88338470458984,67.42633819580078
2182,2182,-114.90058135986328,77.58968353271484,-115.29018464501331,87.58209111448413,10.0,-124.13545989990234,73.92034149169922,9.93715515946283,-117.34933471679688,69.30975341796875,8.634444724947448,-119.05445861816406,69.48835754394531,-117.34933471679688,69.30975341796875
2183,2183,-111.98926544189453,75.70391082763672,-118.09673974123751,83.62216553955808,10.0,-123.99034118652344,73.77731323242188,12.154735592443295,-117.65577697753906,71.13648223876953,7.278101187672087,-119.74110412597656,71.35128784179688,-117.65577697753906,71.13648223876953
2184,2184,-109.30876922607422,73.9676513671875,-118.87458363312653,76.88230310107105,10.0,-123.56839752197266,68.84220123291016,15.152796382719297,-118.15353393554688,69.32648468017578,9.988507945762484,-119.986572265625,70.13538360595703,-118.15353393554688,69.32648468017578
2185,2185,-106.39358520507812,72.0793685913086,-115.8787558061901,68.91210815556903,10.0,-119.2524185180664,56.62348937988281,20.10556630312613,-118.61212921142578,66.2966537475586,13.517862575095991,-118.86408233642578,65.56090545654297,-118.61212921142578,66.2966537475586
2186,2186,-103.46590423583984,70.21493530273438,-109.36128222808154,62.13752740610118,10.0,-111.8160171508789,52.556602478027344,19.53307717288876,-113.98221588134766,59.80573272705078,14.7967668389774,-114.95034790039062,59.43658447265625,-113.98221588134766,59.80573272705078
2187,2187,-100.78590393066406,68.50822448730469,-100.91042589469257,58.50899980333671,10.0,-109.32240295410156,51.129390716552734,19.362222982100427,-108.98909759521484,55.15642547607422,15.670447445252513,-111.37808990478516,54.215980529785156,-108.98909759521484,55.15642547607422
2188,2188,-97.84574127197266,66.63584899902344,-92.1533388639083,58.41413659681287,10.0,-103.04329681396484,53.59300994873047,14.04030747896715,-103.43389129638672,53.03651809692383,14.702694368045616,-106.17027282714844,52.0179328918457,-103.43389129638672,53.03651809692383
2189,2189,-95.21379089355469,64.97654724121094,-85.81043436276026,61.57406491873432,10.0,-93.6935806274414,56.98160934448242,8.13818599110035,-100.19224548339844,53.99044418334961,12.061487076686952,-100.19520568847656,52.52499008178711,-100.19224548339844,53.99044418334961
2190,2190,-92.32366943359375,63.15447998046875,-82.68823951940902,65.83001550982246,10.0,-94.54590606689453,59.0100212097168,4.702645442391631,-95.74649047851562,55.14273452758789,8.712276918654343,-95.69683837890625,53.96016311645508,-95.74649047851562,55.14273452758789
2191,2191,-89.44087219238281,61.337039947509766,-83.13810787221009,69.10074794848182,10.0,-94.07546997070312,63.255435943603516,5.015948540868427,-92.6893539428711,58.671451568603516,4.202141726431352,-92.7005615234375,57.685569763183594,-92.6893539428711,58.671451568603516
2192,2192,-86.72245025634766,59.580684661865234,-86.08413224340688,69.56029137327202,10.0,-92.95213317871094,63.22254180908203,7.2160981696425655,-90.96686553955078,61.26658630371094,4.566982093490876,-90.54335021972656,60.13312530517578,-90.96686553955078,61.26658630371094
2193,2193,-83.997802734375,57.820308685302734,-89.26008417605975,66.32374293438706,10.0,-95.70072937011719,58.36554718017578,11.715621061550914,-91.80975341796875,61.364505767822266,8.578339375580848,-90.67124938964844,59.827083587646484,-91.80975341796875,61.364505767822266
2194,2194,-81.01557922363281,55.893516540527344,-90.23161810746294,59.77483426672953,10.0,-96.22077178955078,56.34117889404297,15.211781044618089,-90.92280578613281,58.17080307006836,10.165587641564777,-91.4259033203125,58.515037536621094,-90.92280578613281,58.17080307006836
2195,2195,-76.81578826904297,53.151214599609375,-86.5760041903017,50.974477323223546,10.0,-85.9377212524414,46.846588134765625,11.088641766006354,-88.41240692138672,54.79997253417969,11.713238958319579,-88.40406036376953,54.33924102783203,-88.41240692138672,54.79997253417969
2196,2196,-72.61071014404297,50.40546417236328,-79.30419809566322,42.9759810785327,10.0,-81.095703125,33.217811584472656,19.167955221382208,-83.55526733398438,44.388973236083984,12.48925519277387,-84.12164306640625,43.77416229248047,-83.55526733398438,44.388973236083984
2197,2197,-69.73775482177734,48.527252197265625,-70.88818135435427,38.59364666890167,10.0,-76.53890228271484,31.936824798583984,17.930362184193132,-76.03681945800781,33.979034423828125,15.853354713585768,-77.98197174072266,35.81572341918945,-76.03681945800781,33.979034423828125
2198,2198,-67.1033935546875,46.805023193359375,-62.285145038330676,38.042347732370004,10.0,-74.34434509277344,31.990325927734375,16.489591694430338,-72.90979766845703,29.135330200195312,18.599257490692228,-74.40852355957031,31.57691192626953,-72.90979766845703,29.135330200195312
2199,2199,-64.21605682373047,44.917415618896484,-55.211700143575214,40.567523576955274,10.0,-69.67276000976562,36.98142623901367,9.630967609648524,-70.93402862548828,28.778772354125977,17.481045493812307,-70.16971588134766,31.3218994140625,-70.93402862548828,28.778772354125977
2200,2200,-61.33393096923828,43.044673919677734,-51.47473224522446,44.71685827566371,10.0,-64.31489562988281,40.925697326660156,3.6573504220634847,-67.56939697265625,31.51052474975586,13.111736473625099,-65.75743865966797,32.75828170776367,-67.56939697265625,31.51052474975586
2201,2201,-58.70815658569336,41.33850860595703,-51.6416406600388,48.41412537571432,10.0,-63.04225158691406,46.3845329284668,6.651822377586944,-62.41865539550781,35.782711029052734,6.680919707133901,-62.28554916381836,36.008968353271484,-62.41865539550781,35.782711029052734
2202,2202,-55.8213996887207,39.46276092529297,-54.16190603345143,49.32410367403267,10.0,-69.14021301269531,40.54729461669922,13.362896455734395,-65.25281524658203,37.70429992675781,9.593945200408326,-64.45838928222656,37.243865966796875,-65.25281524658203,37.70429992675781
2203,2203,-52.89684295654297,37.63021469116211,-57.25832048399521,46.62896536986908,10.0,-68.61846923828125,41.498626708984375,16.190557262870094,-63.826072692871094,39.069393157958984,11.023579150563158,-65.32176208496094,38.765968322753906,-63.826072692871094,39.069393157958984
2204,2204,-50.22969436645508,35.958961486816406,-58.99856391309976,40.765927980763244,10.0,-73.44344329833984,34.27421569824219,23.274804141919212,-65.7348403930664,36.53059005737305,15.515679570331997,-68.82088470458984,36.692230224609375,-65.7348403930664,36.53059005737305
2205,2205,-47.293983459472656,34.119422912597656,-57.22610009985496,32.95621225160756,10.0,-67.49315643310547,33.67903518676758,20.203973128268608,-66.91339874267578,35.767616271972656,19.68852451060445,-68.54572296142578,35.09140396118164,-66.91339874267578,35.767616271972656
2206,2206,-44.31330871582031,32.2437744140625,-51.7341707793978,25.540729864504705,10.0,-55.21406555175781,22.82373809814453,14.407067147391642,-63.948604583740234,31.54439926147461,19.647747184469026,-64.68252563476562,30.38823699951172,-63.948604583740234,31.54439926147461
2207,2207,-41.5751838684082,30.520750045776367,-43.73935742233502,20.757740631231904,10.0,-33.124568939208984,11.201852798461914,21.086315077175023,-48.763065338134766,23.56694793701172,10.001050134395795,-47.281856536865234,20.869220733642578,-48.763065338134766,23.56694793701172
2208,2208,-38.838050842285156,28.79835319519043,-34.94487479616523,19.58731740794489,10.0,-28.9365177154541,9.483539581298828,21.704893070483095,-35.02394104003906,17.55713653564453,11.870652280748601,-32.18901443481445,13.539572715759277,-35.02394104003906,17.55713653564453
2209,2209,-35.954036712646484,26.94350814819336,-27.443836669081186,21.69217543939446,10.0,-23.574264526367188,14.28915023803711,17.702867945689153,-26.81904411315918,15.589019775390625,14.573005729800572,-23.963180541992188,11.209805488586426,-26.81904411315918,15.589019775390625
2210,2210,-33.32551574707031,25.25298309326172,-23.34673885070928,25.904144864752702,10.0,-17.383892059326172,19.73985481262207,16.868015569130645,-19.203256607055664,16.16385841369629,16.79435591674812,-16.433971405029297,12.831501960754395,-19.203256607055664,16.16385841369629
2211,2211,-30.443395614624023,23.399356842041016,-22.687806038530432,29.712108249089166,10.0,-17.723203659057617,19.95261001586914,13.178897794208066,-16.32254981994629,18.712055206298828,14.878477159356708,-12.285079002380371,14.507936477661133,-16.32254981994629,18.712055206298828
2212,2212,-26.065792083740234,20.568862915039062,-23.402660083716167,30.207728405876033,10.0,-16.876785278320312,19.228206634521484,9.286291258222782,-13.26253890991211,17.713924407958984,13.117696661851447,-10.590461730957031,15.858827590942383,-13.26253890991211,17.713924407958984
2213,2213,-22.058950424194336,17.978097915649414,-25.47353255100947,27.377067481470693,10.0,-24.265178680419922,19.35943603515625,2.602986384707164,-20.286602020263672,19.106613159179688,2.101134341206141,-15.868880271911621,16.97347640991211,-20.286602020263672,19.106613159179688
2214,2214,-19.091703414916992,16.06112289428711,-27.32073543361913,21.742938804291146,10.0,-24.03697967529297,14.739046096801758,5.118949535782447,-24.786834716796875,19.010360717773438,6.413464296706922,-18.981443405151367,15.912625312805176,-24.786834716796875,19.010360717773438
2215,2215,-16.385499954223633,14.312795639038086,-26.3845560898741,14.175404241524411,10.0,-24.159164428710938,6.897345066070557,10.743312643781268,-27.012319564819336,15.242532730102539,10.667413280390068,-21.017139434814453,11.949152946472168,-27.012319564819336,15.242532730102539
2216,2216,-13.68471908569336,12.567970275878906,-21.75453262560496,6.662201110811629,10.0,-16.54228401184082,1.5978813171386719,11.336160243654927,-25.955522537231445,10.600325584411621,12.427559815914723,-19.03506088256836,6.612947940826416,-25.955522537231445,10.600325584411621
2217,2217,-11.121628761291504,10.9376220703125,-14.276678652195683,1.448382891858543,10.0,-10.466771125793457,-0.7868411540985107,11.742737177648843,-21.826690673828125,6.694228172302246,11.515413250288193,-15.771890640258789,2.095280885696411,-21.826690673828125,6.694228172302246
2218,2218,-8.3084135055542,9.148173332214355,-5.3814524713146845,-0.413881839350152,10.0,-4.939939022064209,-1.5974589586257935,11.261227005787143,-12.439504623413086,1.829705834388733,8.403920533940251,-10.923678398132324,-1.2058883905410767,-12.439504623413086,1.829705834388733
2219,2219,-5.739412307739258,7.514065742492676,2.1866964917230334,1.4167877187277744,10.0,-3.7981579303741455,-0.9340312480926514,8.668264608327094,-6.760747909545898,1.030756950378418,6.563262855121968,-5.954109191894531,-2.7259724140167236,-6.760747909545898,1.030756950378418
2220,2220,-3.4314727783203125,6.040510654449463,6.561427967453138,5.663768454635811,10.0,-2.766328811645508,1.1415935754776,4.9438653949158144,-3.854907989501953,1.6216375827789307,4.4391143938406685,-2.8294787406921387,-2.8057587146759033,-3.854907989501953,1.6216375827789307
2221,2221,-1.326034665107727,4.69624662399292,7.036668572119403,10.179420391627033,10.0,-2.4301586151123047,3.476435422897339,1.6453051581065306,-0.38693153858184814,1.436716914176941,3.392115654193371,-1.1674389839172363,-1.7226532697677612,-0.38693153858184814,1.436716914176941
2222,2222,0.9906103014945984,3.2171332836151123,4.6292370386106025,12.53165932995502,10.0,-2.205188274383545,7.225252151489258,5.126221356573816,1.2866333723068237,2.5859897136688232,0.6971168225897623,-0.25966039299964905,0.18184298276901245,1.2866333723068237,2.5859897136688232
2223,2223,2.6601991653442383,2.1602890491485596,0.22859726699698069,11.860150502177362,10.0,-3.0276238918304443,7.288200855255127,7.65812056714538,1.0419179201126099,4.687643527984619,3.0010589548292983,-0.2098509520292282,2.5529778003692627,1.0419179201126099,4.687643527984619
2224,2224,4.189719200134277,1.1921076774597168,-3.41251202759675,7.688728365179694,10.0,-4.437381744384766,5.044148921966553,9.448020557572,-0.1744387149810791,4.160430431365967,5.27795550184175,-1.2728633880615234,3.9097132682800293,-0.1744387149810791,4.160430431365967
2225,2225,5.861961841583252,0.13358338177204132,-4.098365158227418,1.0234631808699686,10.0,-4.755217552185059,0.6404362916946411,10.629270819381517,-1.2605558633804321,1.1634209156036377,7.196584176094204,-2.508115768432617,2.5930874347686768,-1.2605558633804321,1.1634209156036377
2226,2226,6.806169033050537,-0.41509366035461426,-1.8273153188500384,-5.461176095817584,10.0,-4.163788795471191,-2.245142698287964,11.12155808512395,-3.563880205154419,0.7290236353874207,10.432972998585363,-3.342586040496826,0.8788760304450989,-3.563880205154419,0.7290236353874207
2227,2227,7.84283447265625,-1.01749849319458,3.7302503721242415,-10.132686478971468,10.0,-4.129604816436768,-6.583694934844971,13.203099838979465,-5.6641130447387695,-1.2942112684249878,13.509781685787495,-3.8494391441345215,-2.225566864013672,-5.6641130447387695,-1.2942112684249878
2228,2228,8.792943000793457,-1.5696048736572266,10.72275730704086,-11.381628963690988,10.0,-2.7936718463897705,-6.644421577453613,12.649245360656803,-6.016914367675781,-2.955702543258667,14.874580398252487,-3.334089756011963,-4.589381694793701,-6.016914367675781,-2.955702543258667
2229,2229,9.121515274047852,-1.7753535509109497,16.37977081672397,-8.654141705608797,10.0,2.0455517768859863,-5.5210747718811035,8.006228005646186,-4.184957504272461,-3.5633370876312256,13.42606058856291,-0.6764177083969116,-5.779903888702393,-4.184957504272461,-3.5633370876312256
2230,2230,9.422272682189941,-1.9636845588684082,19.323693695569723,-3.3643493709491765,10.0,7.516728401184082,-3.141726493835449,2.2402860994558322,1.7232599258422852,-3.2912158966064453,7.812626758976809,3.168154716491699,-5.350515365600586,1.7232599258422852,-3.2912158966064453
2231,2231,9.752915382385254,-2.1707301139831543,18.63435639891624,2.424920598362272,10.0,7.76148796081543,8.028348922729492,10.391679189259627,5.9668660163879395,0.42781001329421997,4.592012695413568,6.238881587982178,-0.7188419699668884,5.9668660163879395,0.42781001329421997
2232,2232,9.684682846069336,-2.218543291091919,14.260351820240398,6.673208698184904,10.0,2.1695969104766846,8.017485618591309,12.698535524193854,5.3916096687316895,2.6260986328125,6.473100700346648,4.932538986206055,3.00146222114563,5.3916096687316895,2.6260986328125
2233,2233,9.609941482543945,-2.2709176540374756,8.18701664249871,7.627328902781679,10.0,-1.7201814651489258,4.950682163238525,13.43589185468227,1.139014482498169,4.290692329406738,10.71500489103665,1.9553096294403076,4.542247295379639,1.139014482498169,4.290692329406738
2234,2234,9.563813209533691,-2.3068325519561768,2.6687220924343524,4.935937531851385,10.0,-3.6187381744384766,1.9243980646133423,13.844962026732388,-3.6707496643066406,4.200911521911621,14.74802994954222,-0.6262427568435669,4.0608625411987305,-3.6707496643066406,4.200911521911621
2235,2235,9.51313304901123,-2.346292018890381,-0.3032054679591045,-0.4385451488248988,10.0,-3.965754508972168,-0.15026810765266418,13.656607588251465,-7.287154197692871,3.7047107219696045,17.856771425475085,-2.708756685256958,2.509727716445923,-7.287154197692871,3.7047107219696045
2236,2236,9.46696662902832,-2.382237195968628,0.3610489240318664,-6.515306606205058,10.0,-4.212962627410889,-2.4839746952056885,13.680307561598621,-9.68199348449707,4.32388162612915,20.289275568276963,-4.075497627258301,0.6501008868217468,-9.68199348449707,4.32388162612915
2237,2237,9.457083702087402,-2.400190591812134,4.430426607298809,-11.044999349176955,10.0,-3.455655097961426,-5.301412582397461,13.23464817654562,-8.763510704040527,2.573448896408081,18.887221878068882,-4.212718963623047,-1.9567363262176514,-8.763510704040527,2.573448896408081
2238,2238,9.447144508361816,-2.418248176574707,10.359418078093752,-12.376549082551016,10.0,-2.3596696853637695,-4.808861255645752,12.046405783427083,-9.593990325927734,1.0652108192443848,19.3571511941491,-3.286914825439453,-3.7002949714660645,-9.593990325927734,1.0652108192443848
2239,2239,9.436328887939453,-2.437896966934204,15.950026941249233,-10.025501178429977,10.0,0.9252262115478516,-2.890716314315796,8.523139921967923,-8.003222465515137,1.6787135601043701,17.91882902538848,-0.8775272965431213,-3.853539228439331,-8.003222465515137,1.6787135601043701
2240,2240,9.44626522064209,-2.354862928390503,19.151569664879215,-4.7646483222941,10.0,7.488299369812012,-3.388946771621704,2.2142627820221708,-2.73451566696167,0.9224362373352051,12.6139649933508,1.9676908254623413,-4.178053855895996,-2.73451566696167,0.9224362373352051
2241,2241,9.457070350646973,-2.2645621299743652,18.763391316128534,1.3949993311078672,10.0,7.345399856567383,-0.8520602583885193,2.540534158951589,0.6093826293945312,1.6699597835540771,9.683080124672971,4.932032585144043,-3.1575567722320557,0.6093826293945312,1.6699597835540771
2242,2242,9.46696662902832,-2.1818621158599854,14.931322808502976,6.193149021078112,10.0,1.2156683206558228,2.2811732292175293,9.380970539616998,-1.5367937088012695,1.5770602226257324,11.628079752012303,2.749159336090088,-1.143596887588501,-1.5367937088012695,1.5770602226257324
2243,2243,9.407139778137207,-2.0552709102630615,9.007929267710173,7.936757460811782,10.0,-1.7391483783721924,4.1821722984313965,12.772839834963497,-3.2714972496032715,3.0774035453796387,13.678164494872805,1.0148420333862305,1.0414910316467285,-3.2714972496032715,3.0774035453796387
2244,2244,9.347637176513672,-1.9293670654296875,3.2325525316146324,5.983011830055538,10.0,-2.3441498279571533,1.290867805480957,12.127151189860781,-6.201691150665283,3.8198955059051514,16.57816731549545,-0.7014051675796509,1.599771499633789,-6.201691150665283,3.8198955059051514
2245,2245,9.293354034423828,-1.8145077228546143,-0.27525830291648035,1.0909454152460256,10.0,-3.438286542892456,-0.11966440081596375,12.84395444075638,-8.468582153320312,4.363037109375,18.805542727922045,-2.227815866470337,1.1958417892456055,-8.468582153320312,4.363037109375
2246,2246,9.130449295043945,-1.7198024988174438,-0.35167169434815193,-4.896181182559329,10.0,-3.2743706703186035,-2.3066048622131348,12.418691371748638,-9.60267448425293,4.067389965057373,19.606670373737288,-3.2101173400878906,0.1550559103488922,-9.60267448425293,4.067389965057373
2247,2247,8.981963157653809,-1.6334800720214844,3.0943540799390252,-9.71655246734311,10.0,-2.4931752681732178,-5.698472023010254,12.173863867051226,-9.875009536743164,1.9581644535064697,19.195971702286602,-3.1492247581481934,-2.0473434925079346,-9.875009536743164,1.9581644535064697
2248,2248,8.833792686462402,-1.5473408699035645,8.718884739789045,-11.54668065629903,10.0,-1.585116982460022,-5.509757041931152,11.146946694476965,-8.425249099731445,2.5059494972229004,17.728612077030327,-2.363528251647949,-3.716423511505127,-8.425249099731445,2.5059494972229004
2249,2249,8.801807403564453,-1.5473408699035645,14.502112114661028,-9.763576394804868,10.0,1.1050612926483154,-4.586348056793213,8.274990355152665,-5.338115215301514,1.6521778106689453,14.497390505013302,-0.2930425703525543,-4.531260013580322,-5.338115215301514,1.6521778106689453
2250,2250,8.766725540161133,-1.5473408699035645,18.17334911106623,-4.940780569573003,10.0,7.308722019195557,-4.302302360534668,3.116983651225712,-1.8399534225463867,1.2659354209899902,10.973429824209296,2.688595771789551,-4.898212432861328,-1.8399534225463867,1.2659354209899902
2251,2251,8.731668472290039,-1.5473408699035645,18.364521484306657,1.1374576046345757,10.0,7.149083137512207,-0.7277913689613342,1.7822002486669453,1.7565348148345947,1.7475721836090088,7.7142038843665075,5.390611171722412,-3.363703966140747,1.7565348148345947,1.7475721836090088
2252,2252,8.837142944335938,-1.619198203086853,15.132439774887537,6.1505661315147435,10.0,1.036964774131775,1.2232203483581543,8.301934877396251,-0.8040072917938232,3.6697580814361572,10.996582944497822,2.783008575439453,-1.3912932872772217,-0.8040072917938232,3.6697580814361572
2253,2253,8.952970504760742,-1.6981079578399658,9.58169312496558,8.282107864818517,10.0,-1.1911207437515259,2.782766580581665,11.089671946780863,-2.0747270584106445,3.4135847091674805,12.154814497420922,1.0387916564941406,0.4717327654361725,-2.0747270584106445,3.4135847091674805
2254,2254,9.058466911315918,-1.7699799537658691,3.7880121005396674,6.72839083642477,10.0,-2.216590166091919,3.5421783924102783,12.46378507491418,-4.826377868652344,6.058624267578125,15.939760306173268,-0.5961229801177979,2.1456191539764404,-4.826377868652344,6.058624267578125
2255,2255,9.221914291381836,-1.8590610027313232,0.0021478947336301957,2.0133939797360716,10.0,-3.2246294021606445,0.1132354661822319,12.601841265329085,-5.866745948791504,5.107556343078613,16.619308802905362,-2.1798229217529297,1.7790991067886353,-5.866745948791504,5.107556343078613
2256,2256,9.385266304016113,-1.9480910301208496,-0.37285223721460525,-4.134211460309744,10.0,-3.26092267036438,-3.330023765563965,12.721471363841214,-6.592637538909912,3.030256748199463,16.735511877910906,-3.2246148586273193,0.1259516477584839,-6.592637538909912,3.030256748199463
2257,2257,9.381864547729492,-1.977756381034851,2.695522918931159,-9.413671632232813,10.0,-4.358151435852051,-7.219348907470703,14.705860445491261,-8.42702865600586,0.892528772354126,18.038714311275523,-4.2995500564575195,-2.6454315185546875,-8.42702865600586,0.892528772354126
2258,2258,9.378463745117188,-2.0074167251586914,8.237588613200032,-11.942123763283822,10.0,-2.488780975341797,-6.626614570617676,12.734539096125724,-7.107391357421875,-0.883202075958252,16.524142248219427,-3.344289541244507,-4.645930290222168,-7.107391357421875,-0.883202075958252
2259,2259,9.375054359436035,-2.03714656829834,14.201725702906028,-10.79518537513892,10.0,1.0857651233673096,-5.059327125549316,8.823031868911654,-6.2980475425720215,-0.8866186141967773,15.715274028915236,-0.7689726948738098,-5.384716510772705,-6.2980475425720215,-0.8866186141967773
2260,2260,9.309885025024414,-2.0568790435791016,18.318419836232145,-6.398111651405878,10.0,6.994834899902344,-4.504129886627197,3.36875255408101,-1.801748275756836,-1.468317985534668,11.127209835806871,2.5936803817749023,-5.545163631439209,-1.801748275756836,-1.468317985534668
2261,2261,9.250542640686035,-2.0748472213745117,19.10812905168163,-0.3931843093273477,10.0,7.159400463104248,-1.9828588962554932,2.093164460528532,0.0339202880859375,0.1825237274169922,9.489038475572517,5.360190391540527,-4.32758903503418,0.0339202880859375,0.1825237274169922
2262,2262,9.191229820251465,-2.092806339263916,16.250939482705896,4.989601406824103,10.0,1.2278730869293213,1.3936264514923096,8.693115900907301,-3.158399820327759,3.493242025375366,13.554235079544775,3.1235692501068115,-2.106571912765503,-3.158399820327759,3.493242025375366
2263,2263,9.181015968322754,-2.0594069957733154,10.831027466167487,7.8035267491618185,10.0,-1.4104418754577637,3.0893208980560303,11.776602998372503,-4.2082343101501465,5.998666763305664,15.627046289249414,1.106793999671936,0.10989278554916382,-4.2082343101501465,5.998666763305664
2264,2264,9.170812606811523,-2.0260419845581055,4.800685061757316,6.968511102725246,10.0,-2.17008900642395,3.4535670280456543,12.595323113445534,-4.704006671905518,7.467975616455078,16.81210814340088,-0.5548940300941467,1.9538851976394653,-4.704006671905518,7.467975616455078
2265,2265,9.160592079162598,-1.9926189184188843,0.38710482900723875,2.805914344085542,10.0,-2.9213452339172363,0.8798169493675232,12.418699491159959,-6.502519607543945,8.015350341796875,18.58742898906857,-2.000094175338745,2.0360703468322754,-6.502519607543945,8.015350341796875
2266,2266,9.194601058959961,-1.9926189184188843,-0.7363925979056294,-3.165378479153914,10.0,-2.9358630180358887,-2.4560203552246094,12.139312155757441,-6.227087020874023,5.967281341552734,17.354782493030267,-2.9417500495910645,0.6862502098083496,-6.227087020874023,5.967281341552734
2267,2267,9.228705406188965,-1.9926189184188843,1.8142915523870604,-8.702795309882106,10.0,-2.638855457305908,-5.816906929016113,12.468527564903278,-2.463937759399414,0.5849471092224121,11.97337675113546,-3.282519817352295,-1.4953505992889404,-2.463937759399414,0.5849471092224121
2268,2268,9.262717247009277,-1.9926189184188843,7.107931539171929,-11.757704609456106,10.0,-2.64613676071167,-5.575836658477783,12.436247551005248,-1.534138798713684,-1.900639295578003,10.797247830955925,-3.2308809757232666,-3.3119874000549316,-1.534138798713684,-1.900639295578003
2269,2269,9.30890941619873,-2.0213911533355713,13.21093980225021,-11.22867950910737,10.0,0.9652369022369385,-4.21018123626709,8.625988235986695,0.9125247001647949,-2.5093655586242676,8.41055261679428,-0.5532922744750977,-4.089143753051758,0.9125247001647949,-2.5093655586242676
2270,2270,9.359565734863281,-2.052943706512451,17.874810846517217,-7.296091681579888,10.0,7.0086774826049805,-4.706748008728027,3.545328313296808,3.7162234783172607,-3.0874805450439453,5.737384272889229,2.670130968093872,-4.760473728179932,3.7162234783172607,-3.0874805450439453
2271,2271,9.405691146850586,-2.081674575805664,19.383837358042307,-1.4209188054333601,10.0,7.234813690185547,-2.3338356018066406,2.185473430378492,5.851723670959473,-1.7516305446624756,3.5692595705811447,5.370224475860596,-4.039371967315674,5.851723670959473,-1.7516305446624756
2272,2272,9.416472434997559,-2.128678560256958,17.16598890195256,4.191526699732096,10.0,7.285861492156982,5.305423259735107,7.733393359952754,8.777751922607422,1.0361804962158203,3.228667951382688,7.2498931884765625,-1.1048994064331055,8.777751922607422,1.0361804962158203
2273,2273,9.426443099975586,-2.172153949737549,12.080306384008576,7.469267608811876,10.0,-1.535900592803955,2.31099534034729,11.84363148682918,4.014194965362549,1.9227182865142822,6.786781895850814,2.3082590103149414,0.5885100364685059,4.014194965362549,1.9227182865142822
2274,2274,9.436328887939453,-2.2152578830718994,6.01271150718973,7.180424318355968,10.0,-1.833743691444397,2.575803756713867,12.246175222525865,1.6108975410461426,3.5874290466308594,9.742101999521648,0.13721801340579987,1.8595727682113647,1.6108975410461426,3.5874290466308594
2275,2275,9.436328887939453,-2.2152578830718994,1.201837774280028,3.4586434289940735,10.0,-3.2496654987335205,-0.2907850444316864,12.831135931216773,-1.8803021907806396,5.239578723907471,13.551410546825492,-1.8847496509552002,1.3637810945510864,-1.8803021907806396,5.239578723907471
