frame_id,reference_x,reference_y,latency_shared_candidate_ms,top1_x,top1_y,top1_error_m,weighted_centroid_x,weighted_centroid_y,weighted_centroid_error_m,softms_x,softms_y,softms_error_m
0,-37.63298034667969,0.8348962068557739,1228.3527629915625,-51.490604400634766,-0.13258513808250427,13.891355514526367,-51.580039978027344,0.6061583161354065,13.948935508728027,-51.530296325683594,1.5536372661590576,13.915889739990234
1,-47.69226837158203,1.7922438383102417,26.863284991122782,-60.95325469970703,-0.07257647067308426,13.391464233398438,-59.798709869384766,0.08061337471008301,12.226840019226074,-59.80302429199219,0.7340971231460571,12.15689468383789
2,-50.9120979309082,2.1374623775482178,7.307069026865065,-60.95325469970703,-0.07257647067308426,10.281493186950684,-63.77985382080078,0.3600093126296997,12.989937782287598,-63.0560188293457,0.7129215002059937,12.227188110351562
3,-54.1414794921875,2.4837052822113037,6.6427760175429285,-60.95325469970703,-0.07257647067308426,7.275634288787842,-63.67909240722656,0.11817356944084167,9.826586723327637,-62.97020721435547,0.5523739457130432,9.037504196166992
4,-57.659645080566406,2.8609108924865723,6.5774290123954415,-75.08610534667969,9.533742904663086,18.660337448120117,-74.51673126220703,4.629652976989746,16.94962501525879,-74.73336029052734,5.058094501495361,17.214509963989258
5,-60.85377502441406,3.1642963886260986,6.746447994373739,-79.81743621826172,9.563739776611328,20.014328002929688,-78.02838897705078,3.6501412391662598,17.18148422241211,-78.10476684570312,4.125687122344971,17.277759552001953
6,-64.02477264404297,3.465484857559204,7.1683169808238745,-79.81743621826172,9.563739776611328,16.929174423217773,-77.69542694091797,3.4479761123657227,13.670665740966797,-77.74629974365234,3.906187057495117,13.728602409362793
7,-67.50447845458984,3.795994520187378,7.4657860095612705,-75.14722442626953,0.017425041645765305,8.525793075561523,-79.53723907470703,2.8236327171325684,12.07198429107666,-79.46158599853516,3.2997937202453613,11.967399597167969
8,-70.70535278320312,4.076558589935303,7.138577988371253,-79.87855529785156,0.04742248356342316,10.019061088562012,-83.8783187866211,1.8953222036361694,13.352334022521973,-83.75900268554688,2.6453816890716553,13.131871223449707
9,-73.90149688720703,4.35670804977417,6.760930991731584,-79.87855529785156,0.04742248356342316,7.368525505065918,-83.5042953491211,1.210340976715088,10.10511589050293,-83.31334686279297,2.0586256980895996,9.688348770141602
10,-77.41057586669922,4.6642866134643555,6.591711018700153,-84.5793228149414,4.835577011108398,7.170793056488037,-89.0213851928711,1.0649497509002686,12.155909538269043,-88.80307006835938,2.076448440551758,11.682714462280273
11,-80.71418762207031,4.9646830558776855,6.517785950563848,-94.0419692993164,4.895564079284668,13.327960968017578,-92.921875,0.43099266290664673,13.022364616394043,-92.80165100097656,1.564223289489746,12.55666732788086
12,-84.01985931396484,5.2652668952941895,6.544984003994614,-94.0419692993164,4.895564079284668,10.028926849365234,-92.75137329101562,0.8597208261489868,9.779988288879395,-92.6219482421875,2.142254590988159,9.151455879211426
13,-87.32689666748047,5.565974712371826,6.528489990159869,-94.0419692993164,4.895564079284668,6.74845552444458,-95.55909729003906,1.420066237449646,9.217249870300293,-95.185791015625,2.888413906097412,8.302502632141113
14,-90.52931213378906,5.903904438018799,6.5338920103386045,-98.77330017089844,4.92555570602417,8.301837921142578,-103.92601013183594,-0.450919508934021,14.827518463134766,-104.1436767578125,0.808275043964386,14.536724090576172
15,-93.73101806640625,6.241759300231934,6.528673984576017,-98.77330017089844,4.92555570602417,5.211237907409668,-103.97222900390625,0.09634453058242798,11.94355583190918,-104.02848052978516,1.2053844928741455,11.463106155395508
16,-97.24320983886719,6.612377643585205,6.582703033927828,-108.29705047607422,-4.530783653259277,15.695777893066406,-107.98310852050781,-0.7916697859764099,13.044743537902832,-107.95985412597656,-0.37826770544052124,12.79513931274414
17,-100.48795318603516,6.946656227111816,6.566599011421204,-108.29705047607422,-4.530783653259277,13.882133483886719,-111.09097290039062,-3.041411876678467,14.56658935546875,-110.5750961303711,-2.759368896484375,13.9984769821167
18,-103.73233032226562,7.28089714050293,6.553753046318889,-108.29705047607422,-4.530783653259277,12.663036346435547,-111.31948852539062,-2.996532917022705,12.774604797363281,-110.80958557128906,-2.8281025886535645,12.340153694152832
19,-107.29228973388672,7.647648811340332,6.863334972877055,-117.82078552246094,-13.987129211425781,24.060606002807617,-116.48280334472656,-3.604574680328369,14.528526306152344,-116.42266845703125,-3.993866205215454,14.79488754272461
20,-110.61548614501953,7.9523024559021,7.734120008535683,-117.7291488647461,0.28734686970710754,10.457329750061035,-118.97321319580078,-0.191514253616333,11.669334411621094,-118.80523681640625,-0.6514983773231506,11.878442764282227
21,-113.93445587158203,8.25656795501709,6.958195008337498,-117.7291488647461,0.28734686970710754,8.826560974121094,-119.20526123046875,0.8382590413093567,9.10014820098877,-119.02462768554688,0.5441078543663025,9.24077320098877
22,-117.24945068359375,8.560468673706055,7.418615045025945,-122.52156066894531,-9.198986053466797,18.52547836303711,-123.10177612304688,-1.733152151107788,11.840960502624512,-122.84996032714844,-2.451801300048828,12.354586601257324
23,-120.81004333496094,8.859625816345215,7.556065975222737,-127.22234344482422,-4.410845756530762,14.73848819732666,-131.96424865722656,2.934701919555664,12.630163192749023,-132.0540313720703,2.927677869796753,12.712799072265625
24,-124.06947326660156,9.133479118347168,7.7259569661691785,-127.22234344482422,-4.410845756530762,13.906448364257812,-131.94424438476562,2.804736375808716,10.10272216796875,-132.01510620117188,2.7554588317871094,10.188828468322754
25,-127.31895446777344,9.40649700164795,7.174175989348441,-141.38577270507812,0.4372498095035553,16.683008193969727,-137.0124969482422,2.909837007522583,11.669248580932617,-137.1025848388672,3.0855488777160645,11.647909164428711
26,-130.83126831054688,9.741641998291016,7.1470210095867515,-141.38577270507812,0.4372498095035553,14.070155143737793,-141.16448974609375,2.999126434326172,12.338435173034668,-141.09744262695312,3.1193833351135254,12.21673583984375
27,-134.03652954101562,10.047489166259766,7.06685398472473,-141.38577270507812,0.4372498095035553,12.098267555236816,-141.13461303710938,3.0462989807128906,9.969927787780762,-141.05801391601562,3.194105863571167,9.81173324584961
28,-137.2352752685547,10.352712631225586,6.8364969920367,-141.38577270507812,0.4372498095035553,10.749094009399414,-145.83572387695312,3.11411714553833,11.241218566894531,-145.73854064941406,3.1410765647888184,11.14958381652832
29,-140.4192352294922,10.665609359741211,6.845276977401227,-155.5186767578125,10.043489456176758,15.112252235412598,-151.11318969726562,3.4469449520111084,12.902316093444824,-151.12229919433594,3.6572253704071045,12.793476104736328
30,-143.60858154296875,10.979033470153809,6.740527984220535,-155.5186767578125,10.043489456176758,11.946783065795898,-151.12954711914062,3.5108370780944824,10.599003791809082,-151.14111328125,3.7568864822387695,10.435441017150879
31,-147.09031677246094,11.321191787719727,6.930893054232001,-160.28053283691406,5.315302848815918,14.49318790435791,-155.67750549316406,3.811500072479248,11.407685279846191,-155.78216552734375,4.189775466918945,11.243012428283691
32,-150.38534545898438,11.621426582336426,7.207657967228442,-160.28053283691406,5.315302848815918,11.733794212341309,-160.08950805664062,3.4339852333068848,12.696651458740234,-160.105224609375,3.722480297088623,12.524751663208008
33,-153.68882751464844,11.922432899475098,7.40256899734959,-160.28053283691406,5.315302848815918,9.332992553710938,-160.08688354492188,3.4185423851013184,10.641958236694336,-160.103271484375,3.7047555446624756,10.424744606018066
34,-156.9862060546875,12.222880363464355,7.448935997672379,-160.28053283691406,5.315302848815918,7.6529221534729,-164.82571411132812,3.051849365234375,12.065061569213867,-164.84408569335938,3.1016619205474854,12.039223670959473
35,-161.97410583496094,12.701958656311035,7.47193000279367,-174.50503540039062,0.647049605846405,17.388071060180664,-169.95989990234375,2.750770092010498,12.759273529052734,-170.006103515625,2.628164052963257,12.883878707885742
36,-166.95358276367188,13.180227279663086,7.153282989747822,-174.50503540039062,0.647049605846405,14.632326126098633,-174.7687530517578,7.653146743774414,9.572121620178223,-174.80160522460938,7.159496307373047,9.891444206237793
37,-170.4643096923828,13.542064666748047,7.302664977032691,-183.84559631347656,19.73961067199707,14.746809959411621,-179.31265258789062,8.16808032989502,10.352433204650879,-179.3079833984375,7.945517063140869,10.46574878692627
38,-173.6732940673828,13.872800827026367,7.233899959828705,-183.84559631347656,19.73961067199707,11.742877960205078,-179.30584716796875,8.161344528198242,8.02161979675293,-179.30108642578125,7.949852466583252,8.170272827148438
39,-176.89031982421875,14.204366683959961,7.1856199647299945,-183.84559631347656,19.73961067199707,8.889026641845703,-183.77877807617188,8.173689842224121,9.155322074890137,-183.725830078125,8.054889678955078,9.194578170776367
40,-180.07899475097656,14.495210647583008,7.315034978091717,-183.84559631347656,19.73961067199707,6.456858158111572,-188.51547241210938,8.018237113952637,10.636039733886719,-188.52493286132812,7.743037223815918,10.813220024108887
41,-183.2713623046875,14.786392211914062,7.000015000812709,-183.84559631347656,19.73961067199707,4.986392974853516,-188.57632446289062,8.003994941711426,8.610664367675781,-188.60174560546875,7.744244575500488,8.83203411102295
42,-186.7760009765625,15.10605525970459,6.979162048082799,-188.6990203857422,0.736940860748291,14.497221946716309,-193.23751831054688,7.858549118041992,9.709662437438965,-193.19052124023438,7.611150741577148,9.865073204040527
43,-190.19520568847656,15.40483283996582,6.802882999181747,-193.4303436279297,0.7669014930725098,14.991169929504395,-197.99427795410156,8.0579833984375,10.714556694030762,-198.0139617919922,7.827193737030029,10.888230323791504
44,-193.5978240966797,15.702159881591797,6.704763043671846,-193.4303436279297,0.7669014930725098,14.936197280883789,-197.99644470214844,8.078579902648926,8.80152416229248,-198.01968383789062,7.860125541687012,9.002796173095703
45,-196.71273803710938,15.974347114562988,6.747560983058065,-207.5022430419922,19.889406204223633,11.477852821350098,-202.98121643066406,8.340271949768066,9.877901077270508,-203.04110717773438,8.256338119506836,9.980777740478516
46,-199.96063232421875,16.28047752380371,6.723508995492011,-207.5022430419922,19.889406204223633,8.360637664794922,-207.80162048339844,8.480725288391113,11.059712409973145,-207.8900909423828,8.366917610168457,11.202712059020996
47,-203.51315307617188,16.61532211303711,6.759459036402404,-207.5022430419922,19.889406204223633,5.160665035247803,-207.7459716796875,8.448539733886719,9.198537826538086,-207.8162078857422,8.339872360229492,9.327343940734863
48,-206.75160217285156,16.920562744140625,6.819568981882185,-217.0869598388672,0.9166819453239441,19.051084518432617,-212.3805389404297,12.544330596923828,7.129960536956787,-212.3634033203125,12.380630493164062,7.218261241912842
49,-210.1930389404297,17.253925323486328,6.904947978910059,-217.0869598388672,0.9166819453239441,17.732221603393555,-216.7602081298828,12.239548683166504,8.262667655944824,-216.79489135742188,11.966100692749023,8.458459854125977
50,-213.3181915283203,17.556650161743164,7.006924017332494,-217.0869598388672,0.9166819453239441,17.06142234802246,-216.69508361816406,12.185306549072266,6.344661712646484,-216.71978759765625,11.89600944519043,6.604067802429199
51,-216.74961853027344,17.889041900634766,6.7213220172561705,-217.0869598388672,0.9166819453239441,16.9757137298584,-221.10467529296875,11.929679870605469,7.381091594696045,-221.05963134765625,11.802019119262695,7.45842170715332
52,-219.85296630859375,18.18168067932129,6.834295985754579,-221.72674560546875,15.22110652923584,3.5037193298339844,-225.11859130859375,12.150014877319336,8.006734848022461,-224.87078857421875,12.0608549118042,7.914736270904541
53,-223.26548767089844,18.50347328186035,7.008534972555935,-221.72674560546875,15.22110652923584,3.6251425743103027,-225.152099609375,12.131742477416992,6.645167827606201,-224.9000244140625,12.014182090759277,6.691981315612793
54,-226.6659393310547,18.824125289916992,7.230060000438243,-226.45806884765625,15.251056671142578,3.5791101455688477,-229.6112060546875,12.647890090942383,6.842548847198486,-229.17527770996094,12.50825309753418,6.796103477478027
55,-229.90402221679688,19.161306381225586,7.791305019054562,-235.85971069335938,24.827266693115234,8.22029972076416,-235.69711303710938,13.465866088867188,8.12391185760498,-235.5533905029297,13.535194396972656,7.97298526763916
56,-233.15289306640625,19.499608993530273,7.960374990943819,-235.85971069335938,24.827266693115234,5.975851058959961,-235.57083129882812,12.637970924377441,7.275197505950928,-235.40902709960938,12.054683685302734,7.779270648956299
57,-236.7150115966797,19.870529174804688,7.865816005505621,-235.85971069335938,24.827266693115234,5.029988765716553,-239.95977783203125,12.946552276611328,7.6465654373168945,-239.85743713378906,12.06776237487793,8.411778450012207
58,-241.94894409179688,20.40029525756836,7.443833048455417,-240.56053161621094,29.61536979675293,9.319082260131836,-244.3297119140625,18.473390579223633,3.062844753265381,-244.16465759277344,19.667354583740234,2.3337926864624023
59,-246.72323608398438,20.88353729248047,7.362633012235165,-245.44439697265625,5.854525566101074,15.08332347869873,-249.03839111328125,17.43310546875,4.155168056488037,-248.9102325439453,17.28171157836914,4.213798999786377
60,-250.1058349609375,21.189523696899414,6.82772696018219,-250.17572021484375,5.884467601776123,15.305214881896973,-254.35693359375,17.09855842590332,5.899816989898682,-254.28187561035156,16.633834838867188,6.180098533630371
61,-253.18551635742188,21.468109130859375,6.72085297992453,-250.11471557617188,15.400782585144043,6.800166606903076,-254.20635986328125,16.821640014648438,4.757288932800293,-254.06808471679688,16.273923873901367,5.268632411956787
62,-256.56805419921875,21.774091720581055,6.765685975551605,-254.84603881835938,15.430723190307617,6.572948932647705,-258.21832275390625,15.516305923461914,6.471728324890137,-257.92352294921875,14.813486099243164,7.091355800628662
63,-259.78179931640625,22.02918815612793,6.86612498247996,-264.36968994140625,5.97428560256958,16.69756507873535,-263.67669677734375,15.321222305297852,7.756741046905518,-263.60784912109375,13.972140312194824,8.919342994689941
64,-262.99114990234375,22.283937454223633,6.687648012302816,-264.36968994140625,5.97428560256958,16.367807388305664,-267.67901611328125,14.189075469970703,9.354297637939453,-267.45745849609375,12.93488883972168,10.36111068725586
65,-266.5252380371094,22.56446075439453,6.901359010953456,-264.36968994140625,5.97428560256958,16.729623794555664,-267.788818359375,14.150136947631836,8.508670806884766,-267.580322265625,12.875191688537598,9.74654483795166
66,-269.7339172363281,22.84096336364746,7.355990004725754,-269.10101318359375,6.004221439361572,16.848634719848633,-271.09051513671875,14.77308464050293,8.181138038635254,-270.89703369140625,13.412985801696777,9.499452590942383
67,-272.9421081542969,23.117422103881836,7.399210007861257,-273.83233642578125,6.034156322479248,17.1064453125,-274.5439453125,13.770988464355469,9.482705116271973,-274.4449768066406,12.029155731201172,11.18964958190918
68,-276.4721984863281,23.421621322631836,24.502164975274354,-273.8018493652344,10.792313575744629,12.908531188964844,-274.6490478515625,20.339859008789062,3.5806615352630615,-274.55169677734375,19.693016052246094,4.194141864776611
69,-279.8583984375,23.757869720458984,7.348390994593501,-278.5331726074219,10.822246551513672,13.003329277038574,-278.8494873046875,20.28042221069336,3.6208481788635254,-278.79132080078125,19.832937240600586,4.067400932312012
70,-282.95196533203125,24.0650577545166,7.063722005113959,-283.2644958496094,10.852178573608398,13.216574668884277,-285.2605895996094,19.482646942138672,5.131104946136475,-284.6604919433594,18.105209350585938,6.1999077796936035
71,-286.3374328613281,24.40123176574707,6.824266980402172,-283.2644958496094,10.852178573608398,13.893156051635742,-285.3699035644531,19.725820541381836,4.774472236633301,-284.778076171875,18.398971557617188,6.201509475708008
72,-289.56787109375,24.758047103881836,6.81272498331964,-292.7271728515625,10.912036895751953,14.201872825622559,-292.51971435546875,22.919082641601562,3.477810859680176,-292.51446533203125,22.88260269165039,3.4928083419799805
73,-292.791015625,25.11405372619629,6.738382042385638,-292.7271728515625,10.912036895751953,14.202159881591797,-296.74969482421875,22.97936248779297,4.497560024261475,-296.6337890625,23.012113571166992,4.380075454711914
74,-296.3150329589844,25.5032958984375,6.74328301101923,-297.3060302734375,34.732749938964844,9.28250503540039,-302.1357116699219,23.26239585876465,6.2371416091918945,-302.1322021484375,23.295520782470703,6.222035884857178
75,-299.6627502441406,25.858945846557617,6.745263002812862,-297.3060302734375,34.732749938964844,9.18142318725586,-302.1422424316406,23.224124908447266,3.618032932281494,-302.14263916015625,23.232358932495117,3.6123132705688477
76,-303.0234375,26.21597671508789,6.744777027051896,-311.530517578125,30.064363479614258,9.33704948425293,-307.16363525390625,22.891796112060547,5.309558868408203,-307.230224609375,22.963897705078125,5.3172430992126465
77,-306.37432861328125,26.571962356567383,6.755906972102821,-316.2618713378906,30.094284057617188,10.49620246887207,-311.78350830078125,28.198902130126953,5.648553371429443,-311.90960693359375,28.355499267578125,5.815523624420166
78,-309.93170166015625,26.87871551513672,6.6782020148821175,-316.2618713378906,30.094284057617188,7.1000657081604,-311.6318664550781,28.20375633239746,2.1555263996124268,-311.7303771972656,28.329254150390625,2.3106918334960938
79,-313.1907958984375,27.159746170043945,6.663709995336831,-316.2618713378906,30.094284057617188,4.247707366943359,-316.5071105957031,28.170902252197266,3.4670419692993164,-316.6060791015625,28.2548828125,3.5865700244903564
80,-316.4438171386719,27.44025421142578,6.681254017166793,-316.2618713378906,30.094284057617188,2.660259246826172,-321.082275390625,27.978219985961914,4.66955041885376,-321.002685546875,28.041624069213867,4.598361492156982
81,-321.592041015625,27.871477127075195,6.8484380026347935,-330.5168151855469,20.667722702026367,11.46933650970459,-325.94757080078125,27.84154510498047,4.355632781982422,-325.9879150390625,27.83139419555664,4.396056652069092
82,-326.2784423828125,28.264019012451172,7.184532005339861,-330.5168151855469,20.667722702026367,8.698707580566406,-330.49017333984375,27.8121395111084,4.235902786254883,-330.5339050292969,27.76958656311035,4.284090042114258
83,-329.66363525390625,28.562585830688477,7.243264000862837,-340.00994873046875,15.969393730163574,16.298303604125977,-335.14752197265625,27.810630798339844,5.535201072692871,-335.0715637207031,27.898115158081055,5.448596954345703
84,-332.744140625,28.834280014038086,7.3419149848632514,-340.00994873046875,15.969393730163574,14.774886131286621,-335.18438720703125,27.80564308166504,2.6481876373291016,-335.115478515625,27.90052604675293,2.548556327819824
85,-336.1232604980469,29.13231086730957,7.311198976822197,-344.58892822265625,39.79008865356445,13.610868453979492,-340.0371398925781,28.071901321411133,4.054986953735352,-340.029541015625,28.232322692871094,4.0086164474487305
86,-339.6257019042969,29.462242126464844,7.252887997310609,-344.58892822265625,39.79008865356445,11.458535194396973,-344.66058349609375,27.964740753173828,5.2528605461120605,-344.666015625,28.106443405151367,5.219478130340576
87,-342.8448791503906,29.765491485595703,7.225090987049043,-344.58892822265625,39.79008865356445,10.175178527832031,-349.0965576171875,32.471168518066406,6.812060832977295,-348.9871826171875,32.491676330566406,6.720117092132568
88,-346.0498046875,30.067394256591797,6.910579977557063,-344.58892822265625,39.79008865356445,9.831833839416504,-349.0679931640625,32.44405746459961,3.8416128158569336,-348.96026611328125,32.44599151611328,3.758791208267212
89,-349.5847473144531,30.437746047973633,7.220004976261407,-349.442138671875,20.787372589111328,9.651427268981934,-354.00250244140625,32.41691970825195,4.8408355712890625,-353.95733642578125,32.42982864379883,4.804989814758301
90,-352.80938720703125,30.775583267211914,6.800592003855854,-363.54473876953125,35.15156173706055,11.59296989440918,-359.1339111328125,32.598995208740234,6.582129955291748,-359.2809143066406,32.60298538208008,6.724586486816406
91,-356.03759765625,31.113798141479492,6.785593985114247,-363.54473876953125,35.15156173706055,8.524125099182129,-359.13458251953125,32.60710525512695,3.438209056854248,-359.2738037109375,32.61271667480469,3.566480875015259
92,-359.28173828125,31.43756103515625,6.740192999131978,-363.54473876953125,35.15156173706055,5.653934478759766,-363.38067626953125,32.70249938964844,4.2896809577941895,-363.3641357421875,32.72736358642578,4.281303882598877
93,-362.83331298828125,31.792009353637695,6.660128012299538,-363.54473876953125,35.15156173706055,3.4340529441833496,-367.8900146484375,32.70627212524414,5.138687610626221,-367.72265625,32.688941955566406,4.9709320068359375
94,-366.0764465332031,32.11567306518555,6.674375967122614,-377.7996520996094,25.724956512451172,13.351959228515625,-373.0016784667969,32.511451721191406,6.936532020568848,-372.946044921875,32.333412170410156,6.873048305511475
95,-369.61279296875,32.450355529785156,6.65177998598665,-377.7996520996094,25.724956512451172,10.595077514648438,-372.9836120605469,32.54368591308594,3.3721108436584473,-372.93389892578125,32.38132095336914,3.3218233585357666
96,-372.840576171875,32.75583267211914,6.652808981016278,-377.7996520996094,25.724956512451172,8.603816032409668,-377.27587890625,32.26087188720703,4.46283483505249,-377.2334289550781,31.937135696411133,4.468492031097412
97,-376.074462890625,33.0618896484375,6.916454003658146,-377.7996520996094,25.724956512451172,7.5370330810546875,-382.30401611328125,37.02885818481445,7.385402679443359,-382.3055725097656,36.90895080566406,7.323019027709961
98,-379.28497314453125,33.342430114746094,7.498266000766307,-387.2622985839844,25.784753799438477,10.988912582397461,-387.4649963378906,37.22944641113281,9.056581497192383,-387.5137634277344,37.06391143798828,9.031190872192383
99,-382.8072509765625,33.650211334228516,7.638562994543463,-387.2622985839844,25.784753799438477,9.039517402648926,-387.46337890625,37.24461364746094,5.882112979888916,-387.51239013671875,37.089630126953125,5.828201770782471
100,-386.01123046875,33.930179595947266,7.668556005228311,-387.2622985839844,25.784753799438477,8.240942001342773,-391.806884765625,37.3211555480957,6.714784145355225,-391.7579345703125,37.3973274230957,6.711611270904541
101,-389.1904296875,34.22496032714844,7.353876950219274,-401.36492919921875,40.14890670776367,13.539260864257812,-396.740234375,37.70855712890625,8.314745903015137,-396.8409729003906,38.01230239868164,8.536672592163086
102,-392.3679504394531,34.51958084106445,7.121750037185848,-401.36492919921875,40.14890670776367,10.612960815429688,-401.3042907714844,37.855804443359375,9.538792610168457,-401.30474853515625,38.24470901489258,9.682093620300293
103,-395.8560485839844,34.84300231933594,6.819534988608211,-401.36492919921875,40.14890670776367,7.648554801940918,-401.2962646484375,37.86789321899414,6.224621772766113,-401.29193115234375,38.24038314819336,6.410227298736572
104,-399.0557861328125,35.11958312988281,6.744245998561382,-410.9189758300781,25.934219360351562,15.003539085388184,-406.2304992675781,37.93092346191406,7.705851078033447,-406.19598388671875,38.272789001464844,7.805455207824707
105,-402.5732727050781,35.42363357543945,6.652984011452645,-410.9189758300781,25.934219360351562,12.637236595153809,-411.009521484375,37.925384521484375,8.799378395080566,-411.0191650390625,38.21266174316406,8.894479751586914
106,-405.7723693847656,35.70016098022461,6.6709889797493815,-420.3816223144531,25.993995666503906,17.5396671295166,-415.8494873046875,37.48978042602539,10.234795570373535,-415.9131164550781,37.5875244140625,10.314887046813965
107,-410.9620056152344,36.18172073364258,6.607118004467338,-425.1129455566406,26.023880004882812,17.419265747070312,-421.01409912109375,37.31437683105469,10.115705490112305,-421.14208984375,37.19891357421875,10.2307767868042
108,-415.7295227050781,36.62411117553711,6.678108009509742,-429.8138427734375,30.811920166015625,15.236456871032715,-425.6003112792969,37.014339447021484,9.878499031066895,-425.7803955078125,36.698177337646484,10.051145553588867
109,-418.8456726074219,36.940486907958984,6.603176007047296,-429.8138427734375,30.811920166015625,12.564238548278809,-425.6236877441406,42.18126678466797,8.567804336547852,-425.7254638671875,41.771484375,8.406549453735352
110,-422.2717590332031,37.288333892822266,6.6517789964564145,-429.8138427734375,30.811920166015625,9.94117546081543,-429.9465026855469,42.02083969116211,9.016556739807129,-429.92132568359375,41.55259704589844,8.757843017578125
111,-425.7071228027344,37.63711929321289,6.736779003404081,-429.8138427734375,30.811920166015625,7.965456485748291,-434.168701171875,41.97905731201172,9.51055908203125,-434.06195068359375,41.59431076049805,9.244593620300293
112,-429.1660461425781,37.977447509765625,6.7165750078856945,-443.9773864746094,35.65971755981445,14.991586685180664,-439.39666748046875,41.991920471191406,10.990068435668945,-439.4457702636719,41.61543273925781,10.904479026794434
113,-432.6162414550781,38.31691360473633,6.703455001115799,-443.9773864746094,35.65971755981445,11.667746543884277,-439.4525146484375,41.96601486206055,7.74923038482666,-439.5151062011719,41.58582305908203,7.634140491485596
114,-435.776611328125,38.627864837646484,6.960321974474937,-443.9773864746094,35.65971755981445,8.72138786315918,-444.1768493652344,41.802001953125,8.97992992401123,-444.30535888671875,41.206809997558594,8.910134315490723
115,-439.2908630371094,38.962501525878906,7.501137966755778,-453.4400634765625,35.71947479248047,14.516098022460938,-449.3320617675781,41.63450622558594,10.390634536743164,-449.4932861328125,41.01390075683594,10.406617164611816
116,-442.5021057128906,39.26829147338867,7.477953971829265,-453.4400634765625,35.71947479248047,11.499261856079102,-453.85498046875,42.30984115600586,11.753246307373047,-453.9445495605469,41.86470031738281,11.733322143554688
117,-445.7133483886719,39.57407760620117,7.604416983667761,-453.4400634765625,35.71947479248047,8.634818077087402,-453.84814453125,42.23374938964844,8.558548927307129,-453.9344177246094,41.78453826904297,8.513055801391602
118,-449.110595703125,39.88394546508789,7.416623004246503,-453.4400634765625,35.71947479248047,6.007254123687744,-457.4124755859375,42.61112594604492,8.738348007202148,-457.3619689941406,42.18315887451172,8.565718650817871
119,-452.206787109375,40.16635513305664,7.451593002770096,-467.6340637207031,35.8090934753418,16.03080177307129,-462.530517578125,42.974403381347656,10.698810577392578,-462.53424072265625,42.3964958190918,10.56550121307373
120,-455.5990295410156,40.475765228271484,7.461650995537639,-467.6340637207031,35.8090934753418,12.90813159942627,-467.83544921875,43.06162643432617,12.506664276123047,-467.9054870605469,42.23970031738281,12.432230949401855
121,-459.1404724121094,40.788551330566406,7.135239953640848,-467.6340637207031,35.8090934753418,9.845612525939941,-467.8341064453125,43.01118469238281,8.973258972167969,-467.9062805175781,42.18177032470703,8.875835418701172
122,-462.3484802246094,41.07188034057617,7.046523969620466,-477.09674072265625,35.868831634521484,15.63914680480957,-472.91619873046875,43.24204635620117,10.788248062133789,-473.03350830078125,42.55567932128906,10.787561416625977
123,-465.55621337890625,41.35519027709961,7.01622199267149,-477.09674072265625,35.868831634521484,12.77825927734375,-477.3262939453125,43.561859130859375,11.97514820098877,-477.39715576171875,43.106292724609375,11.96972370147705
124,-468.9824523925781,41.67662048339844,6.959235994145274,-477.09674072265625,35.868831634521484,9.978581428527832,-481.6169738769531,43.571319580078125,12.775798797607422,-481.64642333984375,43.185211181640625,12.753509521484375
125,-472.1073913574219,41.96978759765625,6.783784017898142,-477.09674072265625,35.868831634521484,7.881324291229248,-481.6344909667969,43.48042297363281,9.64612102508545,-481.6645812988281,43.11870574951172,9.626001358032227
126,-475.5235900878906,42.29027557373047,6.772425025701523,-486.5289611816406,40.68671798706055,11.12158203125,-486.2825622558594,43.289363861083984,10.80526065826416,-486.25445556640625,42.967655181884766,10.75222396850586
127,-480.710693359375,42.825992584228516,6.673398020211607,-486.5289611816406,40.68671798706055,6.199091911315918,-490.54510498046875,46.55516052246094,10.517715454101562,-490.3825988769531,45.87791442871094,10.141990661621094
128,-485.43988037109375,43.314414978027344,6.755419948603958,-491.2298889160156,45.47473907470703,6.179903030395508,-496.024169921875,47.00198745727539,11.208272933959961,-495.900390625,46.475181579589844,10.9276123046875
129,-488.66900634765625,43.66962432861328,6.700049969367683,-500.7533874511719,36.018150329589844,14.30305290222168,-500.7274475097656,47.257972717285156,12.58102798461914,-500.7564697265625,47.05813217163086,12.553435325622559
130,-491.9098205566406,44.02613067626953,7.104672957211733,-500.7533874511719,36.018150329589844,11.930482864379883,-505.105712890625,47.28554916381836,13.592474937438965,-505.1583251953125,47.049190521240234,13.589031219482422
131,-495.4583435058594,44.41647720336914,7.457062019966543,-500.7533874511719,36.018150329589844,9.928211212158203,-505.13885498046875,47.397525787353516,10.129114151000977,-505.20587158203125,47.20193862915039,10.137706756591797
132,-498.7073974609375,44.71101379394531,7.526454981416464,-514.9169921875,40.86587905883789,16.659412384033203,-510.3002624511719,47.368717193603516,11.893607139587402,-510.41705322265625,47.13750457763672,11.958423614501953
133,-502.27886962890625,45.03477096557617,7.58379400940612,-514.9169921875,40.86587905883789,13.30795955657959,-514.4049072265625,47.77751541137695,12.432353973388672,-514.3228149414062,47.64509582519531,12.323572158813477
134,-505.52783203125,45.32929611206055,7.159256027080119,-514.9169921875,40.86587905883789,10.396077156066895,-519.01611328125,48.06480026245117,13.762874603271484,-518.8138427734375,48.16633224487305,13.585537910461426
135,-509.0766296386719,45.60560607910156,6.742974976077676,-519.5570678710938,55.17020034790039,14.188764572143555,-524.3262939453125,48.183441162109375,15.466011047363281,-524.328857421875,48.49941635131836,15.524322509765625
136,-512.3068237304688,45.85710525512695,6.690184003673494,-519.5570678710938,55.17020034790039,11.802532196044922,-524.4190063476562,48.19001770019531,12.334806442260742,-524.43505859375,48.561073303222656,12.426002502441406
137,-515.5360717773438,46.1085319519043,6.636506004724652,-524.2883911132812,55.20005416870117,12.619781494140625,-529.0082397460938,47.932464599609375,13.595074653625488,-529.0272216796875,48.09173583984375,13.636136054992676
138,-518.6881713867188,46.37449264526367,6.6788329859264195,-538.6040649414062,36.25698471069336,22.338459014892578,-534.0598754882812,47.682403564453125,15.42724609375,-534.0789794921875,47.65967559814453,15.44437313079834
139,-522.1470947265625,46.66633605957031,6.837561028078198,-538.6040649414062,36.25698471069336,19.47271156311035,-534.0750732421875,47.76316833496094,11.978301048278809,-534.0947265625,47.772972106933594,11.998772621154785
140,-525.2991943359375,46.93229675292969,7.044263009447604,-543.3353881835938,36.28683090209961,20.943500518798828,-538.612060546875,47.726966857910156,13.336563110351562,-538.5442504882812,47.69636535644531,13.26707649230957
141,-528.637451171875,47.26866149902344,7.588791020680219,-543.3353881835938,36.28683090209961,18.347476959228516,-542.7962036132812,47.82740783691406,14.16977310180664,-542.6959838867188,47.765567779541016,14.067312240600586
142,-531.6807861328125,47.5753059387207,7.229345035739243,-543.3353881835938,36.28683090209961,16.225271224975586,-542.783203125,47.82569885253906,11.105239868164062,-542.6868286132812,47.777381896972656,11.00789737701416
143,-535.021484375,47.91190719604492,7.251892995554954,-543.3353881835938,36.28683090209961,14.292074203491211,-547.41357421875,48.04252243041992,12.392778396606445,-547.3807983398438,48.10293197631836,12.36078929901123
144,-538.438232421875,48.356380462646484,7.056740985717624,-557.4077758789062,55.40898513793945,20.23815155029297,-552.9705810546875,48.42859649658203,14.5325288772583,-553.0206298828125,48.51563262939453,14.583267211914062
145,-541.8419799804688,48.799163818359375,6.830305967014283,-562.1695556640625,50.680667877197266,20.414464950561523,-558.2050170898438,48.79145431518555,16.363039016723633,-558.3242797851562,49.196434020996094,16.48708724975586
146,-544.947998046875,49.203216552734375,6.956910016015172,-562.1695556640625,50.680667877197266,17.284818649291992,-558.2005004882812,48.794090270996094,13.25881576538086,-558.31201171875,49.19131088256836,13.364018440246582
147,-550.000732421875,49.84299087524414,7.24383897613734,-566.8704833984375,55.46866226196289,17.783044815063477,-562.460205078125,49.05143737792969,12.484591484069824,-562.5282592773438,49.65140151977539,12.528992652893066
148,-555.058349609375,50.48339080810547,7.265344029292464,-576.3939208984375,46.012027740478516,21.799076080322266,-572.167724609375,48.97090530395508,17.176097869873047,-572.2962036132812,49.17832946777344,17.287185668945312
149,-558.309814453125,50.90394973754883,7.218153041321784,-576.3939208984375,46.012027740478516,18.734081268310547,-572.1712646484375,48.944889068603516,13.999204635620117,-572.3018798828125,49.1400260925293,14.102811813354492
150,-561.8694458007812,51.3643684387207,7.36114097526297,-571.541015625,65.01480865478516,16.729429244995117,-575.9815673828125,53.485687255859375,14.270668029785156,-576.0048828125,53.36803436279297,14.276738166809082
151,-565.1278686523438,51.78582763671875,7.308678992558271,-576.3939208984375,46.012027740478516,12.659411430358887,-580.701904296875,53.420677185058594,15.659607887268066,-580.6582641601562,53.2310676574707,15.59749698638916
152,-568.2388916015625,52.20448684692383,7.216439989861101,-576.3939208984375,46.012027740478516,10.239680290222168,-580.7610473632812,53.48982238769531,12.5879487991333,-580.734130859375,53.32422637939453,12.545310020446777
153,-571.646484375,52.663055419921875,7.035091985017061,-590.5271606445312,55.617835998535156,19.11048698425293,-585.8513793945312,53.48081970214844,14.228414535522461,-585.9273681640625,53.43074035644531,14.30150318145752
154,-575.0543823242188,53.12166213989258,6.748733983840793,-595.2888793945312,50.88951110839844,20.357242584228516,-590.660888671875,53.378257751464844,15.60861587524414,-590.7014770507812,53.340965270996094,15.64863109588623
155,-578.2078857421875,53.51676940917969,6.719393015373498,-595.2888793945312,50.88951110839844,17.281864166259766,-590.6713256835938,53.37016296386719,12.464303016662598,-590.70947265625,53.325592041015625,12.503047943115234
156,-581.67431640625,53.951080322265625,6.699970981571823,-595.2888793945312,50.88951110839844,13.954551696777344,-595.5414428710938,53.34039306640625,13.880566596984863,-595.4586181640625,53.35837936401367,13.797038078308105
157,-584.8276977539062,54.34617614746094,6.674201984424144,-595.2888793945312,50.88951110839844,11.01747989654541,-599.641357421875,53.501625061035156,14.837715148925781,-599.581298828125,53.66423797607422,14.769352912902832
158,-588.2053833007812,54.762908935546875,6.729957007337362,-600.0202026367188,50.919342041015625,12.424288749694824,-604.0440673828125,53.65274429321289,15.877543449401855,-603.975341796875,53.86663818359375,15.79540729522705
159,-591.295654296875,55.14418411254883,6.984649982769042,-599.9290771484375,65.19380950927734,13.248809814453125,-604.0570068359375,53.70561981201172,12.842180252075195,-603.9852294921875,53.923648834228516,12.748137474060059
160,-594.662353515625,55.5595588684082,7.086259021889418,-614.183837890625,55.766971588134766,19.522586822509766,-609.5279541015625,53.49407196044922,15.008408546447754,-609.556396484375,53.57683181762695,15.025436401367188
161,-597.8855590820312,55.9515380859375,6.885186012368649,-618.945556640625,51.038639068603516,21.625450134277344,-614.5733642578125,53.679359436035156,16.841781616210938,-614.627685546875,53.695011138916016,16.893510818481445
162,-601.1062622070312,56.34321212768555,7.164525974076241,-618.945556640625,51.038639068603516,18.611257553100586,-614.5214233398438,53.69419860839844,13.674202919006348,-614.5704345703125,53.731449127197266,13.7151460647583
163,-604.6399536132812,56.77294158935547,7.625277037732303,-618.945556640625,51.038639068603516,15.412089347839355,-618.8765869140625,53.634193420410156,14.57852840423584,-618.7796630859375,53.6376953125,14.483133316040039
164,-607.7582397460938,57.214786529541016,7.913913985248655,-618.945556640625,51.038639068603516,12.778922080993652,-623.353759765625,53.635581970214844,16.000967025756836,-623.2615966796875,53.69847869873047,15.897122383117676
165,-611.1880493164062,57.70076370239258,7.774694007821381,-618.945556640625,51.038639068603516,10.22559642791748,-623.4113159179688,53.596168518066406,12.894027709960938,-623.33837890625,53.62512969970703,12.815666198730469
166,-614.6174926757812,58.18669891357422,7.504369015805423,-633.2003784179688,41.61178970336914,24.900829315185547,-628.5252685546875,53.29572296142578,14.742722511291504,-628.5918579101562,53.29887008666992,14.80451774597168
167,-619.5903930664062,58.86009979248047,7.235692988615483,-633.2003784179688,41.61178970336914,21.97125244140625,-633.0348510742188,53.29776382446289,14.549674034118652,-633.0435180664062,53.36450958251953,14.53231143951416
168,-624.564453125,59.53366470336914,7.392490981146693,-642.54150390625,60.70404052734375,18.015108108520508,-637.9520263671875,58.1324462890625,13.460702896118164,-637.9642944335938,57.960731506347656,13.491844177246094
169,-627.834228515625,59.956024169921875,7.552154012955725,-642.54150390625,60.70404052734375,14.726284980773926,-642.714599609375,58.414833068847656,14.959970474243164,-642.7687377929688,58.42048645019531,15.013242721557617
170,-631.1049194335938,60.378509521484375,7.5826639658771455,-647.2728271484375,60.73385238647461,16.171812057495117,-646.0352783203125,58.68895721435547,15.025651931762695,-645.930419921875,58.86538314819336,14.902517318725586
171,-634.3888549804688,60.80270767211914,7.509723014663905,-647.2728271484375,60.73385238647461,12.884156227111816,-646.056884765625,58.615211486816406,11.871312141418457,-645.9520874023438,58.76972961425781,11.740585327148438
172,-637.7803955078125,61.230003356933594,7.14168103877455,-647.2728271484375,60.73385238647461,9.505389213562012,-650.6754760742188,58.63205337524414,13.154179573059082,-650.487060546875,58.89080810546875,12.920184135437012
173,-640.8805541992188,61.62059020996094,7.6597429579123855,-661.4972534179688,56.065128326416016,21.352083206176758,-657.478271484375,57.331085205078125,17.143047332763672,-657.8128662109375,57.18437576293945,17.50380516052246
174,-644.2847900390625,62.04948425292969,7.030876004137099,-661.4972534179688,56.065128326416016,18.223100662231445,-657.4339599609375,57.07075119018555,14.060172080993652,-657.747802734375,56.85631561279297,14.429889678955078
175,-647.5017700195312,62.45146942138672,7.017244992312044,-661.4972534179688,56.065128326416016,15.383722305297852,-661.2930908203125,57.41096115112305,14.683570861816406,-661.249755859375,57.23109436035156,14.705761909484863
176,-651.04150390625,62.893795013427734,7.140582019928843,-661.4972534179688,56.065128326416016,12.488129615783691,-664.9937744140625,56.42551040649414,15.378704071044922,-664.7059326171875,56.10396957397461,15.25838565826416
177,-654.2623291015625,63.296260833740234,7.383243006188422,-661.4972534179688,56.065128326416016,10.229046821594238,-665.0447387695312,55.951133728027344,13.046504020690918,-664.787353515625,55.56837463378906,13.057425498962402
178,-657.6737060546875,63.72810745239258,7.5636099791154265,-666.2285766601562,56.09493637084961,11.46521282196045,-670.0979614257812,54.610836029052734,15.410605430603027,-669.9364624023438,54.15614318847656,15.556275367736816
179,-661.0394287109375,64.15418243408203,7.581401965580881,-680.4833374023438,46.66803741455078,26.15015983581543,-675.6961669921875,53.68688201904297,18.01067352294922,-675.57373046875,53.20323181152344,18.198057174682617
180,-664.1990966796875,64.5541763305664,7.544944994151592,-680.4833374023438,46.66803741455078,24.188642501831055,-675.6572265625,54.0374755859375,15.552804946899414,-675.5555419921875,53.49103546142578,15.854397773742676
181,-667.5989379882812,65.00929260253906,7.450280012562871,-680.4833374023438,46.66803741455078,22.41448974609375,-679.5186767578125,54.81217956542969,15.68634033203125,-679.4511108398438,54.2231330871582,16.025455474853516
182,-670.9974365234375,65.46422576904297,7.444346963893622,-680.4833374023438,46.66803741455078,21.05419158935547,-682.937744140625,54.51272201538086,16.202049255371094,-682.8897705078125,53.67353820800781,16.746580123901367
183,-674.094970703125,65.87887573242188,7.440215034876019,-680.4833374023438,46.66803741455078,20.24518585205078,-682.718994140625,56.437904357910156,12.786935806274414,-682.65966796875,55.52524185180664,13.436955451965332
184,-677.2904663085938,66.33273315429688,7.401445007417351,-685.2146606445312,46.69784164428711,21.17361068725586,-687.176025390625,57.00199508666992,13.593636512756348,-686.6031494140625,55.86028289794922,14.014217376708984
185,-680.7816772460938,66.82859802246094,6.967285007704049,-699.3175659179688,61.06169891357422,19.41227149963379,-697.5689697265625,65.23118591308594,16.863122940063477,-698.02978515625,65.46662902832031,17.301795959472656
186,-683.970458984375,67.28150177001953,6.995425035711378,-699.3175659179688,61.06169891357422,16.55957794189453,-697.1370849609375,66.08653259277344,13.220741271972656,-697.5020141601562,66.66419219970703,13.545628547668457
187,-689.15234375,68.00431823730469,7.022920006420463,-703.9882202148438,70.60780334472656,15.062582015991211,-702.7058715820312,66.50047302246094,13.636703491210938,-702.983154296875,67.29232788085938,13.849124908447266
188,-693.8663330078125,68.661865234375,7.013188966084272,-703.9882202148438,70.60780334472656,10.307243347167969,-705.6176147460938,66.67459106445312,11.918132781982422,-705.6301879882812,67.84017944335938,11.792516708374023
189,-697.0919189453125,69.0860824584961,6.849536031950265,-713.4205322265625,75.425537109375,17.51605796813965,-709.2107543945312,68.061279296875,12.162087440490723,-709.2906494140625,69.32081604003906,12.20098876953125
190,-700.6299438476562,69.5513916015625,6.799406022764742,-713.4205322265625,75.425537109375,14.074968338012695,-714.0800170898438,68.83646392822266,13.469059944152832,-714.1661376953125,70.3324966430664,13.558712005615234
191,-703.8541259765625,69.97543334960938,6.833533989265561,-718.1519165039062,75.45532989501953,15.311959266662598,-713.8941650390625,68.43624114990234,10.157337188720703,-713.9692993164062,69.99762725830078,10.115198135375977
192,-707.1878662109375,70.38829040527344,6.823464995250106,-713.4205322265625,75.425537109375,8.013736724853516,-717.2994384765625,67.58564758300781,10.492793083190918,-717.1815185546875,69.10220336914062,10.076066017150879
193,-710.510009765625,70.7997055053711,25.281509035266936,-718.1519165039062,75.45532989501953,8.948384284973145,-722.7476196289062,66.24913024902344,13.056294441223145,-722.65966796875,67.04979705810547,12.715188026428223
194,-713.8317260742188,71.21107482910156,7.694036001339555,-718.1822509765625,70.69717407226562,4.380771636962891,-722.1239013671875,66.64678955078125,9.465351104736328,-721.8636474609375,67.69584655761719,8.767473220825195
195,-717.2101440429688,71.64702606201172,7.354083005338907,-727.6449584960938,70.75675201416016,10.472723960876465,-727.9699096679688,64.48223876953125,12.926976203918457,-727.8504638671875,64.75328826904297,12.678328514099121
196,-720.5869750976562,72.082763671875,7.019616023171693,-732.4673461914062,56.5120735168457,19.5854434967041,-731.6959228515625,62.5697135925293,14.625554084777832,-731.6355590820312,61.78782653808594,15.101554870605469
197,-723.6663208007812,72.48011779785156,7.148970966227353,-732.3155517578125,80.30284881591797,11.662089347839355,-731.6337890625,69.26813507080078,8.590539932250977,-731.4353637695312,70.10499572753906,8.123991012573242
198,-726.9491577148438,72.90656280517578,7.452999998349696,-732.3155517578125,80.30284881591797,9.138010025024414,-734.9129028320312,69.34719848632812,8.722975730895996,-734.5123291015625,70.5616226196289,7.9183526039123535
199,-730.236328125,73.33356475830078,7.3607469676062465,-737.0469360351562,80.33262634277344,9.765820503234863,-740.0821533203125,68.41122436523438,11.007711410522461,-739.76416015625,68.32118225097656,10.765851974487305
200,-733.5213623046875,73.76029205322266,7.347161008510739,-737.1986694335938,56.5418586730957,17.606733322143555,-739.8866577148438,66.63197326660156,9.556668281555176,-739.6195068359375,65.48650360107422,10.278275489807129
201,-736.914306640625,74.20057678222656,7.306957035325468,-751.3623046875,61.38935470581055,19.30989646911621,-747.3612060546875,65.53730010986328,13.571663856506348,-747.928955078125,64.25043487548828,14.843442916870117
202,-739.9992065429688,74.60089111328125,7.391304010525346,-756.0330200195312,70.93544006347656,16.447452545166016,-753.0231323242188,66.52751922607422,15.323249816894531,-753.1912841796875,66.19690704345703,15.6415433883667
203,-743.3866577148438,75.04046630859375,6.856419029645622,-756.0330200195312,70.93544006347656,13.295928955078125,-752.9686279296875,66.49950408935547,12.835972785949707,-753.1480712890625,66.22122955322266,13.155384063720703
204,-748.1880493164062,75.66339874267578,6.78497098851949,-756.0330200195312,70.93544006347656,9.159539222717285,-756.60791015625,67.91477966308594,11.442689895629883,-756.763671875,68.14186096191406,11.40678882598877
205,-752.99658203125,76.28724670410156,6.8543070228770375,-760.7643432617188,70.96521759033203,9.416055679321289,-759.5458984375,71.12120056152344,8.341557502746582,-759.463623046875,71.81389617919922,7.86342716217041
206,-755.71923828125,76.63848114013672,6.952069001272321,-760.7643432617188,70.96521759033203,7.59203577041626,-764.7510375976562,71.60558319091797,10.3394136428833,-764.3906860351562,71.9866714477539,9.84039306640625
207,-758.19677734375,76.9581069946289,7.275588985066861,-760.7643432617188,70.96521759033203,6.519748210906982,-764.2899780273438,73.08607482910156,7.219399452209473,-763.857421875,73.57675170898438,6.593667984008789
208,-760.6763916015625,77.27799224853516,7.265945023391396,-774.897705078125,80.57084655761719,14.597556114196777,-770.864013671875,75.78137969970703,10.296965599060059,-771.081787109375,76.57456970214844,10.429144859313965
209,-761.981689453125,77.4145278930664,7.1978719788603485,-774.897705078125,80.57084655761719,13.296082496643066,-770.89501953125,76.68046569824219,8.943506240844727,-771.118408203125,77.47647857666016,9.13692855834961
210,-763.4113159179688,77.5640640258789,6.938898004591465,-770.1663208007812,80.54107666015625,7.3819169998168945,-770.626708984375,75.90775299072266,7.40305757522583,-770.7969360351562,76.64469146728516,7.442622661590576
211,-764.7205200195312,77.70100402832031,6.973378011025488,-774.897705078125,80.57084655761719,10.574076652526855,-774.5296630859375,76.35175323486328,9.901503562927246,-774.5038452148438,77.0299301147461,9.806314468383789
212,-764.672607421875,77.7253646850586,7.192065007984638,-770.2877197265625,61.508460998535156,17.161510467529297,-774.4190063476562,72.0658950805664,11.27039909362793,-774.477783203125,72.07177734375,11.318326950073242
213,-764.6199951171875,77.75212860107422,7.386098965071142,-774.897705078125,80.57084655761719,10.657227516174316,-774.5888061523438,75.62012481689453,10.194245338439941,-774.5958251953125,76.20010375976562,10.095839500427246
214,-764.5673217773438,77.7789306640625,7.317533018067479,-774.897705078125,80.57084655761719,10.701009750366211,-774.4591064453125,75.48387145996094,10.154541015625,-774.4605712890625,76.1159439086914,10.032044410705566
215,-763.9747924804688,77.8553695678711,7.501648971810937,-774.897705078125,80.57084655761719,11.255391120910645,-770.683837890625,75.90235137939453,6.987529754638672,-770.8762817382812,76.68585968017578,6.999878883361816
216,-763.4349975585938,77.92499542236328,6.807797006331384,-774.897705078125,80.57084655761719,11.764105796813965,-770.395263671875,74.07299041748047,7.955076694488525,-770.4935913085938,74.67310333251953,7.771650314331055
217,-762.8414306640625,78.0015640258789,6.721406010910869,-774.897705078125,80.57084655761719,12.327001571655273,-770.678466796875,74.82814025878906,8.455161094665527,-770.8466796875,75.62539672851562,8.350460052490234
218,-762.160400390625,77.88436126708984,6.671443989034742,-770.2877197265625,61.508460998535156,18.28177833557129,-770.6351318359375,70.92581176757812,10.965513229370117,-770.6879272460938,70.47950744628906,11.293828964233398
219,-761.5316162109375,77.77613830566406,6.631805968936533,-774.897705078125,80.57084655761719,13.655135154724121,-770.696533203125,73.41375732421875,10.150176048278809,-770.8485717773438,73.88174438476562,10.098116874694824
220,-760.9010620117188,77.66761016845703,6.662642990704626,-770.1663208007812,80.54107666015625,9.700610160827637,-770.4329833984375,74.53269958496094,10.034201622009277,-770.5590209960938,75.08828735351562,9.996453285217285
221,-760.08837890625,77.45402526855469,6.664209999144077,-760.7643432617188,70.96521759033203,6.523921489715576,-765.2215576171875,72.73686218261719,6.971452713012695,-764.9929809570312,72.69578552246094,6.833445072174072
222,-759.1974487304688,77.2198715209961,6.86980300815776,-760.7643432617188,70.96521759033203,6.447934150695801,-764.6219482421875,74.86387634277344,5.914043426513672,-764.2949829101562,75.13661193847656,5.506798267364502
223,-758.3172607421875,76.98856353759766,7.302790007088333,-760.7643432617188,70.96521759033203,6.5014543533325195,-764.5615234375,74.66707611083984,6.661840915679932,-764.2234497070312,74.82479858398438,6.290067195892334
224,-756.294921875,76.8119888305664,7.48397596180439,-760.7643432617188,70.96521759033203,7.359379291534424,-764.637939453125,74.56503295898438,8.640297889709473,-764.3074951171875,74.77183532714844,8.26822566986084
225,-754.1097412109375,76.62120819091797,7.444154005497694,-760.7643432617188,70.96521759033203,8.73349666595459,-759.7535400390625,74.04644775390625,6.203374862670898,-759.5706787109375,74.00468444824219,6.055413722991943
226,-751.9635009765625,76.39805603027344,7.222084968816489,-751.2106323242188,85.18013000488281,8.814286231994629,-747.4933471679688,73.54582977294922,5.302590847015381,-747.4912109375,73.4563980102539,5.353011608123779
227,-749.6152954101562,76.1539077758789,7.173973019234836,-737.0166015625,85.09078216552734,15.446514129638672,-740.291259765625,76.1734848022461,9.324055671691895,-740.0972900390625,76.95244598388672,9.551444053649902
228,-747.4716186523438,75.93102264404297,18.025045981630683,-737.0166015625,85.09078216552734,13.899949073791504,-740.0318603515625,75.28805541992188,7.467490196228027,-739.7978515625,75.78695678710938,7.675119400024414
229,-744.6644897460938,75.68321990966797,6.90501497592777,-732.2852172851562,85.06099700927734,15.530263900756836,-734.4678344726562,78.01922607421875,10.460817337036133,-734.1331787109375,79.0846939086914,11.067002296447754
230,-741.8558959960938,75.4352798461914,7.03089899616316,-732.345947265625,75.54469299316406,9.510578155517578,-732.145751953125,72.19252014160156,10.237303733825684,-732.0928955078125,73.12938690185547,10.0316162109375
231,-738.7706298828125,75.16291809082031,7.3496950208209455,-732.345947265625,75.54469299316406,6.436015605926514,-732.2090454101562,71.71311950683594,7.413197994232178,-732.1624755859375,72.74418640136719,7.036900043487549
232,-735.8690185546875,74.86968231201172,7.3220279882662,-732.345947265625,75.54469299316406,3.587153673171997,-729.2745971679688,71.51011657714844,7.400883197784424,-729.5821533203125,72.44955444335938,6.736593246459961
233,-732.69189453125,74.54859161376953,7.3718499625101686,-727.6449584960938,70.75675201416016,6.312654495239258,-723.50439453125,70.45850372314453,10.056787490844727,-723.5059814453125,71.071533203125,9.821961402893066
234,-729.5181274414062,74.22783660888672,6.987543951254338,-727.6449584960938,70.75675201416016,3.944260358810425,-723.7177734375,70.40592956542969,6.946300029754639,-723.7918090820312,71.01779174804688,6.564686298370361
235,-726.4802856445312,73.93629455566406,6.876695028040558,-713.4205322265625,75.425537109375,13.144391059875488,-718.6010131835938,69.92143249511719,8.843193054199219,-718.52685546875,70.6705093383789,8.597814559936523
236,-723.4462280273438,73.6451187133789,6.93840003805235,-713.4205322265625,75.425537109375,10.182557106018066,-713.97509765625,70.05757141113281,10.127823829650879,-714.1109619140625,70.96753692626953,9.711675643920898
237,-720.1226196289062,73.3261489868164,7.303040998522192,-713.4205322265625,75.425537109375,7.023204803466797,-713.83935546875,70.54718780517578,6.870373725891113,-713.9288940429688,71.4156494140625,6.481685161590576
238,-716.9819946289062,72.999755859375,7.3432219796814024,-713.4205322265625,75.425537109375,4.309109687805176,-709.1347045898438,69.52774047851562,8.581074714660645,-709.3480834960938,70.23821258544922,8.118048667907715
239,-713.8432006835938,72.67355346679688,7.189625990577042,-703.9882202148438,70.60780334472656,10.069159507751465,-705.7618408203125,69.19624328613281,8.797731399536133,-705.99755859375,69.66434478759766,8.402941703796387
240,-710.696533203125,72.3465347290039,6.963648018427193,-703.9882202148438,70.60780334472656,6.9299821853637695,-705.9739990234375,69.07899475097656,5.7427473068237305,-706.1926879882812,69.55119323730469,5.300806999206543
241,-707.4120483398438,72.00265502929688,6.833306979387999,-703.9882202148438,70.60780334472656,3.697054147720337,-702.3956909179688,69.58012390136719,5.570682048797607,-702.8349609375,69.84185791015625,5.061499118804932
242,-704.1277465820312,71.65879821777344,6.788105005398393,-699.1961669921875,80.09431457519531,9.771305084228516,-696.9265747070312,70.44367980957031,7.302971363067627,-697.0397338867188,70.73148345947266,7.1484150886535645
243,-701.12744140625,71.34465789794922,6.919542036484927,-694.4647827148438,80.06452178955078,10.973925590515137,-695.7705078125,73.40599060058594,5.7398457527160645,-695.518310546875,74.91294860839844,6.647935390472412
244,-697.9862670898438,71.02423095703125,7.273941999301314,-694.4647827148438,80.06452178955078,9.701944351196289,-689.6722412109375,72.65205383300781,8.471884727478027,-689.7733154296875,73.48426055908203,8.573466300964355
245,-694.5553588867188,70.67423248291016,7.3408319731242955,-680.270751953125,79.9751205444336,17.045719146728516,-682.8414916992188,71.49638366699219,11.742684364318848,-682.5580444335938,72.1002197265625,12.08176326751709
246,-691.4153442382812,70.35391998291016,7.335606962442398,-680.270751953125,79.9751205444336,14.723092079162598,-683.1851806640625,71.771484375,8.35135269165039,-682.8910522460938,72.15463256835938,8.712411880493164
247,-688.242919921875,70.04118347167969,7.01126002240926,-675.6305541992188,65.67085266113281,13.348092079162598,-679.161376953125,70.17781066894531,9.082571029663086,-678.9249267578125,70.150146484375,9.31863021850586
248,-684.7593994140625,69.69778442382812,6.8898050230927765,-675.6305541992188,65.67085266113281,9.977574348449707,-675.399658203125,69.64096069335938,9.35991382598877,-675.289794921875,69.20117950439453,9.482617378234863
249,-681.5909423828125,69.38543701171875,6.734885973855853,-675.6305541992188,65.67085266113281,7.023130416870117,-675.533203125,67.26378631591797,6.418536186218262,-675.3812255859375,66.58845520019531,6.8105573654174805
250,-678.333251953125,69.0370101928711,6.6969990148209035,-675.6305541992188,65.67085266113281,4.316895961761475,-671.6824340820312,67.8359146118164,6.7584028244018555,-671.83447265625,67.21684265136719,6.748862266540527
251,-675.073974609375,68.68840789794922,6.759551994036883,-670.899169921875,65.64105224609375,5.168691158294678,-667.4541015625,68.79833221435547,7.620666027069092,-667.6846923828125,68.56011962890625,7.390395641326904
252,-671.807373046875,68.33903503417969,7.053351029753685,-670.899169921875,65.64105224609375,2.846742630004883,-667.1771850585938,67.80193328857422,4.661235809326172,-667.3828735351562,67.36383056640625,4.530697345733643
253,-666.7041015625,67.77984619140625,7.4744930025190115,-661.4668579101562,60.82328414916992,8.707610130310059,-658.7896728515625,65.74844360351562,8.170971870422363,-658.9067993164062,64.95801544189453,8.292203903198242
254,-662.0545043945312,67.27037048339844,7.569760025944561,-656.7051391601562,65.55162811279297,5.618699550628662,-655.6392822265625,64.61007690429688,6.944943428039551,-655.9097290039062,65.10194396972656,6.516160011291504
255,-658.7772216796875,66.92166900634766,7.690976955927908,-656.7051391601562,65.55162811279297,2.4840567111968994,-655.380615234375,64.78573608398438,4.012373924255371,-655.6970825195312,65.27400970458984,3.4931416511535645
256,-655.4989624023438,66.57286071777344,7.460026012267917,-651.9738159179688,65.52182006835938,3.678497552871704,-650.0689697265625,62.2526969909668,6.938921928405762,-650.3590087890625,61.759971618652344,7.0415215492248535
257,-652.2198486328125,66.22396850585938,7.279725046828389,-647.2728271484375,60.73385238647461,7.39015531539917,-644.4000854492188,62.68787384033203,8.582113265991211,-644.86669921875,62.360801696777344,8.306194305419922
258,-648.8101196289062,65.86872100830078,7.142146001569927,-647.2728271484375,60.73385238647461,5.360050678253174,-644.26318359375,62.668025970458984,5.560492515563965,-644.7056884765625,62.38172149658203,5.385677337646484
259,-645.6875,65.54338073730469,7.160115987062454,-642.6022338867188,51.18772888183594,14.683446884155273,-638.0626220703125,62.477901458740234,8.218024253845215,-638.0853271484375,62.366111755371094,8.239421844482422
260,-642.2831420898438,65.18869018554688,7.464936003088951,-633.078857421875,60.6444091796875,10.264957427978516,-633.0557861328125,62.6701545715332,9.564889907836914,-633.044189453125,62.619449615478516,9.58953857421875
261,-639.0567626953125,64.85752868652344,7.187123992480338,-633.078857421875,60.6444091796875,7.313393592834473,-633.05859375,62.628482818603516,6.398959159851074,-633.0460205078125,62.5493049621582,6.438704490661621
262,-635.5276489257812,64.49528503417969,7.263995998073369,-633.078857421875,60.6444091796875,4.563531875610352,-628.473876953125,62.55818176269531,7.314920902252197,-628.4733276367188,62.564666748046875,7.313736438751221
263,-632.3055419921875,64.16455078125,7.434482977259904,-618.945556640625,51.038639068603516,18.729087829589844,-623.2122802734375,62.66569900512695,9.215962409973145,-623.1799926757812,62.65673828125,9.24927806854248
264,-628.9029541015625,63.80475997924805,7.343319011852145,-618.945556640625,51.038639068603516,16.190231323242188,-623.229248046875,62.70034408569336,5.780196666717529,-623.1946411132812,62.700538635253906,5.814133167266846
265,-625.507568359375,63.44573211669922,7.326373015530407,-618.945556640625,51.038639068603516,14.035524368286133,-618.6836547851562,62.62590026855469,6.872984886169434,-618.7128295898438,62.55972671508789,6.852261066436768
266,-622.40966796875,63.1181526184082,7.171168981585652,-618.945556640625,51.038639068603516,12.566411972045898,-614.697509765625,62.3819465637207,7.747217655181885,-614.7388305664062,62.16638946533203,7.729657173156738
267,-619.0294189453125,62.75886917114258,7.272260030731559,-614.2142333984375,51.008819580078125,12.69841194152832,-609.5032958984375,62.2353515625,9.540496826171875,-609.511474609375,61.94807815551758,9.55241584777832
268,-615.9420776367188,62.43071746826172,39.890427025966346,-614.2142333984375,51.008819580078125,11.551847457885742,-609.5108032226562,62.33187484741211,6.432034015655518,-609.520751953125,62.1114616394043,6.429257392883301
269,-612.5648193359375,62.071746826171875,7.024972001090646,-599.9290771484375,65.19380950927734,13.015730857849121,-603.8735961914062,62.40990447998047,8.697798728942871,-603.7514038085938,62.31806945800781,8.81685733795166
270,-609.4505004882812,61.757423400878906,6.720781035255641,-599.9290771484375,65.19380950927734,10.12256145477295,-599.8956909179688,62.325740814208984,9.571696281433105,-599.8909912109375,62.226112365722656,9.570991516113281
271,-606.0428466796875,61.413490295410156,6.809993006754667,-595.2888793945312,50.88951110839844,15.046659469604492,-599.8486328125,62.17805862426758,6.241221904754639,-599.8358154296875,62.00034713745117,6.234712600708008
272,-602.6383056640625,61.06987380981445,7.190118951257318,-599.9290771484375,65.19380950927734,4.934244155883789,-595.5802001953125,62.06420135498047,7.127800464630127,-595.67529296875,61.7559814453125,6.996734619140625
273,-599.4192504882812,60.74597930908203,7.2918160003609955,-595.2888793945312,50.88951110839844,10.686904907226562,-590.3451538085938,61.81224060058594,9.136528015136719,-590.3190307617188,61.35002899169922,9.120244979858398
274,-596.2077026367188,60.42283630371094,7.318913005292416,-595.2888793945312,50.88951110839844,9.57750129699707,-590.3616943359375,61.78777313232422,6.003237724304199,-590.3341674804688,61.317176818847656,5.941234111785889
275,-592.6810913085938,60.067996978759766,7.047380029689521,-590.5271606445312,55.617835998535156,4.944021701812744,-585.8441162109375,57.58672332763672,7.273303985595703,-585.8848266601562,57.25491714477539,7.355449199676514
276,-587.6744995117188,59.57238006591797,6.7484890460036695,-576.2723388671875,65.04464721679688,12.647330284118652,-580.9615478515625,57.6181526184082,6.9916181564331055,-580.93701171875,57.471900939941406,7.057319164276123
277,-582.6729125976562,59.07725524902344,6.675274984445423,-576.2723388671875,65.04464721679688,8.750834465026855,-576.2032470703125,57.61016082763672,6.633923053741455,-576.1931762695312,57.61554718017578,6.642557621002197
278,-579.3577270507812,58.73963165283203,6.674699019640684,-576.2723388671875,65.04464721679688,7.019461631774902,-571.9469604492188,57.74113464355469,7.477730751037598,-571.9970703125,57.89712142944336,7.408717155456543
279,-576.0430908203125,58.402069091796875,6.954921002034098,-571.66259765625,45.98219299316406,13.169739723205566,-571.916259765625,57.786808013916016,4.17244291305542,-571.963134765625,57.97315979003906,4.102438926696777
280,-572.7259521484375,58.064247131347656,7.176379032898694,-571.66259765625,45.98219299316406,12.12875747680664,-566.8919677734375,57.75208282470703,5.842329978942871,-566.8590087890625,57.870643615722656,5.870136737823486
281,-569.2215576171875,57.68186569213867,7.18153000343591,-562.1390991210938,55.43882369995117,7.429162502288818,-562.15234375,58.04581832885742,7.078576564788818,-562.2131958007812,58.07184600830078,7.0192036628723145
282,-566.0326538085938,57.333900451660156,7.064392033498734,-566.8096313476562,64.98497772216797,7.690427780151367,-562.17333984375,58.134071350097656,3.9413928985595703,-562.2432250976562,58.18056869506836,3.882862091064453
283,-562.8300170898438,56.98444747924805,6.722948979586363,-562.1390991210938,55.43882369995117,1.6930211782455444,-557.97509765625,58.097469329833984,4.980869293212891,-558.1636962890625,58.12548828125,4.803802967071533
284,-559.4182739257812,56.62862014770508,6.651530973613262,-557.3165893554688,69.6834487915039,13.222921371459961,-552.93359375,58.246490478515625,6.683455944061279,-553.004638671875,58.42499542236328,6.66045618057251
285,-556.011962890625,56.27336502075195,6.6177659900859,-543.2137451171875,55.31945037841797,12.833718299865723,-547.6474609375,58.29265594482422,8.604790687561035,-547.4789428710938,58.49229049682617,8.816805839538574
286,-552.9035034179688,55.94917678833008,6.627321999985725,-543.2137451171875,55.31945037841797,9.710199356079102,-547.6743774414062,58.27799987792969,5.72426176071167,-547.5087280273438,58.49992752075195,5.967405796051025
287,-549.3648681640625,55.597801208496094,6.666689005214721,-538.5432739257812,45.773292541503906,14.61601448059082,-542.8585815429688,58.079368591308594,6.96347188949585,-542.8021850585938,58.303749084472656,7.098659515380859
288,-546.1435546875,55.27793502807617,6.7435530363582075,-538.5432739257812,45.773292541503906,12.169736862182617,-538.5070190429688,57.72700500488281,8.01963996887207,-538.5853271484375,57.705142974853516,7.93839693069458
289,-542.9259033203125,54.958431243896484,7.213100034277886,-538.421630859375,64.80591583251953,10.828731536865234,-538.4524536132812,57.93764114379883,5.374703884124756,-538.5335083007812,57.99473571777344,5.339689254760742
290,-539.5918579101562,54.609130859375,7.1615579654462636,-528.9285278320312,69.5043716430664,18.318700790405273,-533.8441772460938,57.71071243286133,6.531128406524658,-533.89794921875,57.6314697265625,6.446326732635498
291,-536.2509765625,54.25911331176758,7.321564015001059,-524.2883911132812,55.20005416870117,11.999534606933594,-529.022705078125,52.82063293457031,7.370016098022461,-529.0126953125,52.710289001464844,7.402132987976074
292,-532.9381103515625,53.91202926635742,7.288107997737825,-524.2883911132812,55.20005416870117,8.74509334564209,-529.0078735351562,52.75175857543945,4.097925186157227,-529.0006713867188,52.62456512451172,4.142582416534424
293,-529.7330932617188,53.587547302246094,7.276890974026173,-524.2883911132812,55.20005416870117,5.678464412689209,-524.378662109375,52.987815856933594,5.387913703918457,-524.3594970703125,53.02552032470703,5.402907371520996
294,-526.2388916015625,53.23379135131836,7.301543955691159,-514.9169921875,40.86587905883789,16.767547607421875,-519.179931640625,52.6572265625,7.082467079162598,-519.1741943359375,52.693321228027344,7.08534049987793
295,-523.042236328125,52.910152435302734,7.185494003351778,-514.9169921875,40.86587905883789,14.52873420715332,-519.1821899414062,52.67311096191406,3.8673176765441895,-519.1769409179688,52.71098709106445,3.8704233169555664
296,-519.6348266601562,52.55824279785156,7.22411903552711,-514.9169921875,40.86587905883789,12.608304023742676,-514.4349365234375,52.15671157836914,5.215370178222656,-514.4464111328125,51.89946746826172,5.2300705909729
297,-516.5357055664062,52.23817443847656,7.20546196680516,-514.9169921875,40.86587905883789,11.486920356750488,-510.3865661621094,51.822418212890625,6.163178443908691,-510.39501953125,51.43482971191406,6.193011283874512
298,-513.1259155273438,51.88601303100586,7.092744985129684,-510.1856384277344,40.83602523803711,11.43448543548584,-510.27117919921875,51.95463562011719,2.8555610179901123,-510.24603271484375,51.62409210205078,2.8917689323425293
299,-508.12420654296875,51.36145782470703,6.904989015311003,-500.7229919433594,40.77630615234375,12.916013717651367,-505.0503234863281,52.0352783203125,3.1468701362609863,-504.9995422363281,51.95484161376953,3.1805078983306885
300,-503.1483154296875,50.8396110534668,6.776690017431974,-500.7229919433594,40.77630615234375,10.351439476013184,-500.5777893066406,52.261775970458984,2.9377129077911377,-500.60455322265625,52.395896911621094,2.9820716381073
301,-500.5922546386719,50.55217742919922,6.984890031162649,-491.26031494140625,40.716583251953125,13.558171272277832,-495.97308349609375,51.89060974121094,4.809172630310059,-496.0135498046875,51.78041076660156,4.740579605102539
302,-498.04425048828125,50.265647888183594,7.098329020664096,-491.26031494140625,40.716583251953125,11.71351432800293,-495.93536376953125,51.87287139892578,2.651522159576416,-495.9613952636719,51.710628509521484,2.535006046295166
303,-495.7238464355469,50.00471496582031,6.963119958527386,-486.5289611816406,40.68671798706055,13.090873718261719,-490.4715270996094,51.27621078491211,5.404031753540039,-490.3294677734375,50.61001968383789,5.4282331466674805
304,-494.8492431640625,49.900848388671875,7.145387004129589,-486.5289611816406,40.68671798706055,12.414801597595215,-490.47796630859375,51.2653694152832,4.579298973083496,-490.3372497558594,50.60150909423828,4.566071510314941
305,-493.9747619628906,49.7969970703125,7.503437984269112,-486.5289611816406,40.68671798706055,11.765931129455566,-490.50799560546875,51.342472076416016,3.7956502437591553,-490.37701416015625,50.713130950927734,3.7125585079193115
306,-493.0992431640625,49.69301986694336,7.354765955824405,-486.5289611816406,40.68671798706055,11.148186683654785,-490.5088195800781,51.35449981689453,3.077468156814575,-490.3767395019531,50.739356994628906,2.9166500568389893
307,-492.9938049316406,49.718162536621094,7.360949995927513,-486.5289611816406,40.68671798706055,11.10680866241455,-490.4977111816406,51.31866455078125,2.9651458263397217,-490.3594055175781,50.676944732666016,2.803448438644409
308,-492.8882141113281,49.74333953857422,7.067702012136579,-486.5289611816406,40.68671798706055,11.066277503967285,-490.52520751953125,51.356407165527344,2.86108136177063,-490.3955993652344,50.74745178222656,2.687260627746582
309,-492.7724609375,49.77094268798828,6.825530028436333,-486.5289611816406,40.68671798706055,11.022904396057129,-490.53643798828125,51.38664245605469,2.758674383163452,-490.412841796875,50.81035614013672,2.578407049179077
310,-492.80548095703125,49.76734161376953,7.041894015856087,-486.5289611816406,40.68671798706055,11.038678169250488,-490.549072265625,51.37779998779297,2.7721753120422363,-490.427734375,50.81223678588867,2.5972070693969727
311,-492.83843994140625,49.76374816894531,7.249444955959916,-486.5289611816406,40.68671798706055,11.0545015335083,-490.57891845703125,51.46021270751953,2.825496196746826,-490.46673583984375,50.94209289550781,2.648297071456909
312,-492.87457275390625,49.75981140136719,7.247071014717221,-486.5289611816406,40.68671798706055,11.071937561035156,-490.5625915527344,51.38838195800781,2.8279850482940674,-490.4398193359375,50.826995849609375,2.658365488052368
313,-492.7349548339844,49.67990493774414,7.153238984756172,-486.5289611816406,40.68671798706055,10.926653861999512,-490.4944152832031,46.44023895263672,3.9389660358428955,-490.3231506347656,45.708702087402344,4.6462082862854
314,-492.6062927246094,49.60628128051758,6.843523005954921,-486.5289611816406,40.68671798706055,10.793171882629395,-490.496337890625,46.48258972167969,3.7695302963256836,-490.32720947265625,45.763999938964844,4.46736478805542
315,-492.466064453125,49.52604293823242,6.7403739667497575,-486.5289611816406,40.68671798706055,10.648138999938965,-490.4998779296875,46.48345947265625,3.622596263885498,-490.3300476074219,45.77698516845703,4.314858436584473
316,-492.15093994140625,49.391788482666016,6.679938989691436,-486.5289611816406,40.68671798706055,10.36266803741455,-490.52215576171875,46.5052490234375,3.3143699169158936,-490.3556823730469,45.82181167602539,3.9959585666656494
317,-491.8645324707031,49.2697868347168,6.730708992108703,-486.5289611816406,40.68671798706055,10.106304168701172,-490.52288818359375,46.55323028564453,3.0298001766204834,-490.358642578125,45.86888885498047,3.7193832397460938
318,-491.5776062011719,49.14755630493164,6.736112991347909,-486.5289611816406,40.68671798706055,9.852643966674805,-490.51373291015625,46.493438720703125,2.8593997955322266,-490.3489074707031,45.805030822753906,3.561204433441162
319,-491.0691833496094,49.08921813964844,6.762182980310172,-486.5289611816406,40.68671798706055,9.550686836242676,-490.5073547363281,46.52190399169922,2.62807035446167,-490.3426208496094,45.82732391357422,3.3418328762054443
320,-490.607421875,49.03623580932617,6.668284011539072,-486.5289611816406,40.68671798706055,9.292378425598145,-486.2199401855469,46.431331634521484,5.102501392364502,-486.17608642578125,45.766632080078125,5.506999492645264
321,-490.22491455078125,49.04342269897461,6.7191109992563725,-486.5289611816406,40.68671798706055,9.137537002563477,-486.2218933105469,46.43064498901367,4.78024959564209,-486.17779541015625,45.758846282958984,5.21225643157959
322,-489.8061828613281,49.051292419433594,6.662017025519162,-486.55938720703125,35.92856216430664,13.51842212677002,-486.2240905761719,46.489646911621094,4.40379524230957,-486.1782531738281,45.858367919921875,4.832870960235596
323,-489.4227600097656,49.05849838256836,6.685407017357647,-500.7533874511719,36.018150329589844,17.275236129760742,-500.72515869140625,47.193214416503906,11.455282211303711,-500.75299072265625,46.970916748046875,11.520943641662598
324,-488.71112060546875,49.00653839111328,6.8200009991414845,-500.7533874511719,36.018150329589844,17.711984634399414,-500.7201232910156,47.15226745605469,12.151315689086914,-500.7461853027344,46.89851379394531,12.218287467956543
325,-488.00054931640625,48.954654693603516,6.728587963152677,-500.7533874511719,36.018150329589844,18.165573120117188,-500.7333068847656,47.19761657714844,12.853415489196777,-500.7630615234375,46.93267822265625,12.921690940856934
326,-487.2883605957031,48.902652740478516,7.311880006454885,-500.7533874511719,36.018150329589844,18.636451721191406,-500.7229309082031,47.255645751953125,13.535151481628418,-500.7528381347656,47.025840759277344,13.594653129577637
327,-486.0506286621094,48.768524169921875,7.870690023992211,-500.7533874511719,36.018150329589844,19.46132469177246,-500.73480224609375,47.188133239746094,14.768974304199219,-500.7646789550781,46.920387268066406,14.829662322998047
328,-484.9228210449219,48.64630889892578,7.6062330044806,-491.26031494140625,40.716583251953125,10.151078224182129,-496.04266357421875,46.936241149902344,11.250565528869629,-495.9288635253906,46.37889862060547,11.237175941467285
329,-483.7956848144531,48.524166107177734,7.547469984274358,-491.26031494140625,40.716583251953125,10.80180835723877,-496.0497131347656,47.03705978393555,12.34393310546875,-495.94390869140625,46.497528076171875,12.31611156463623
330,-483.37109375,48.4775276184082,7.435983046889305,-491.2298889160156,45.47473907470703,8.412930488586426,-496.0135498046875,47.03740692138672,12.724214553833008,-495.8907165527344,46.530662536621094,12.670092582702637
331,-482.90374755859375,48.426185607910156,7.29855295503512,-477.09674072265625,35.868831634521484,13.835044860839844,-481.6711120605469,46.4091682434082,2.363842010498047,-481.6849365234375,45.91730499267578,2.789261817932129
332,-482.478271484375,48.379451751708984,7.254347030539066,-477.09674072265625,35.868831634521484,13.618975639343262,-481.66729736328125,46.38789367675781,2.1503446102142334,-481.68353271484375,45.879127502441406,2.623591184616089
333,-482.8835754394531,48.53030014038086,6.957647041417658,-477.09674072265625,35.868831634521484,13.921216011047363,-481.66436767578125,46.42393493652344,2.4337711334228516,-481.6786193847656,45.932220458984375,2.8639023303985596
334,-483.2887878417969,48.681129455566406,6.8375050323084,-477.09674072265625,35.868831634521484,14.230123519897461,-481.6732177734375,46.45450210571289,2.750988245010376,-481.6882629394531,45.990882873535156,3.13035249710083
335,-483.7344055175781,48.84699249267578,6.73726899549365,-477.09674072265625,35.868831634521484,14.577079772949219,-481.67279052734375,46.47804641723633,3.1404078006744385,-481.6851806640625,46.00593566894531,3.502988338470459
336,-484.56103515625,48.915199279785156,6.793009000830352,-477.09674072265625,35.868831634521484,15.03074836730957,-481.6435546875,46.43578338623047,3.82873272895813,-481.651611328125,45.959251403808594,4.147574424743652
337,-485.4703674316406,48.990230560302734,7.036095019429922,-486.55938720703125,35.92856216430664,13.106987953186035,-486.22564697265625,46.45884704589844,2.6416566371917725,-486.1849060058594,45.857757568359375,3.212935209274292
338,-486.2977294921875,49.05849838256836,7.350409985519946,-486.55938720703125,35.92856216430664,13.132542610168457,-486.22662353515625,46.50876998901367,2.550719738006592,-486.1754150390625,45.8962287902832,3.1646342277526855
339,-487.18817138671875,49.01536178588867,7.326527964323759,-486.5289611816406,40.68671798706055,8.354691505432129,-486.234130859375,46.47865295410156,2.710181713104248,-486.18682861328125,45.843814849853516,3.3258678913116455
340,-488.1614074707031,48.96821212768555,7.1688099997118115,-486.5289611816406,40.68671798706055,8.4408540725708,-486.2328186035156,46.72351837158203,2.959409713745117,-486.1654968261719,46.14639663696289,3.4563424587249756
341,-489.05511474609375,48.9249153137207,6.9328449899330735,-486.5289611816406,40.68671798706055,8.616806030273438,-486.2265930175781,46.52118682861328,3.711932897567749,-486.1689147949219,45.8806266784668,4.1949782371521
342,-490.20257568359375,49.10414123535156,7.096929999534041,-486.5289611816406,40.68671798706055,9.184141159057617,-490.466064453125,46.45167541503906,2.6655209064483643,-490.2998046875,45.751888275146484,3.3536627292633057
343,-491.2519836425781,49.2680549621582,7.295186980627477,-486.5289611816406,40.68671798706055,9.795217514038086,-490.51629638671875,46.56941223144531,2.7971251010894775,-490.35528564453125,45.88791275024414,3.4970600605010986
344,-492.4048156738281,49.448116302490234,7.3267120169475675,-486.55938720703125,35.92856216430664,14.729133605957031,-490.4929504394531,46.42677307128906,3.5754361152648926,-490.3240661621094,45.72264099121094,4.2671637535095215
345,-493.2138671875,49.64497375488281,7.200423977337778,-486.5289611816406,40.68671798706055,11.177580833435059,-490.51806640625,46.461952209472656,4.171206951141357,-490.3478088378906,45.72797393798828,4.853573799133301
346,-493.953369140625,49.82489776611328,6.893826997838914,-486.5289611816406,40.68671798706055,11.774046897888184,-490.5389709472656,46.54015350341797,4.73789644241333,-490.37677001953125,45.853145599365234,5.344799041748047
347,-494.6924133300781,50.00471496582031,6.98460201965645,-500.7533874511719,36.018150329589844,15.243339538574219,-496.097412109375,47.126686096191406,3.2026665210723877,-496.0185546875,46.64234161376953,3.6144440174102783
348,-494.6389465332031,49.91730499267578,6.766224978491664,-491.26031494140625,40.716583251953125,9.801450729370117,-496.06549072265625,47.03480529785156,3.2161829471588135,-495.9723815917969,46.50794219970703,3.6608474254608154
349,-494.59027099609375,49.83773422241211,6.733720016200095,-500.7533874511719,36.018150329589844,15.131586074829102,-496.0903625488281,47.02520751953125,3.1875667572021484,-496.0040283203125,46.5330924987793,3.5943520069122314
350,-494.1343688964844,49.72277069091797,6.7777070216834545,-486.5289611816406,40.68671798706055,11.810693740844727,-490.54180908203125,46.47886276245117,4.840394973754883,-490.37530517578125,45.77489471435547,5.451264381408691
351,-493.67791748046875,49.607669830322266,12.433237978257239,-486.5289611816406,40.68671798706055,11.432014465332031,-490.48870849609375,46.45851135253906,4.481992244720459,-490.318115234375,45.736263275146484,5.126018047332764
352,-493.2218017578125,49.492645263671875,6.958184996619821,-486.5289611816406,40.68671798706055,11.06067180633545,-490.4658203125,43.67945098876953,6.433402061462402,-490.264892578125,43.09733200073242,7.045803546905518
353,-492.5882873535156,49.437400817871094,6.774217006750405,-486.5289611816406,40.68671798706055,10.64377212524414,-490.6766357421875,43.32510757446289,6.40425968170166,-490.49249267578125,42.82166290283203,6.939765453338623
354,-492.0122375488281,49.387168884277344,7.027306011877954,-486.55938720703125,35.92856216430664,14.521283149719238,-490.5096130371094,43.54094696044922,6.0362396240234375,-490.3045654296875,42.9676513671875,6.642766952514648
355,-491.43463134765625,49.33679962158203,6.771882995963097,-486.55938720703125,35.92856216430664,14.267054557800293,-490.723388671875,42.86410140991211,6.51165771484375,-490.5307312011719,42.34238815307617,7.052576065063477
356,-490.5656433105469,49.16110610961914,6.733309011906385,-486.55938720703125,35.92856216430664,13.825712203979492,-490.54290771484375,43.40177536010742,5.759376049041748,-490.33416748046875,42.87952423095703,6.2858452796936035
357,-489.7735900878906,49.0009651184082,6.813303043600172,-486.55938720703125,35.92856216430664,13.461753845214844,-486.1988525390625,43.44624328613281,6.605579853057861,-486.20263671875,43.03527069091797,6.952785015106201
358,-488.90191650390625,48.824729919433594,7.359805982559919,-486.5289611816406,40.68671798706055,8.476919174194336,-486.23974609375,43.48081970214844,5.970304012298584,-486.2156982421875,43.179630279541016,6.251633167266846
359,-487.5537109375,48.620399475097656,7.5333440327085555,-486.5289611816406,40.68671798706055,7.999588489532471,-486.2124938964844,42.50956344604492,6.256290912628174,-486.1896667480469,42.18007278442383,6.583192348480225
360,-486.31463623046875,48.432613372802734,7.590412977151573,-486.5289611816406,40.68671798706055,7.748859882354736,-486.25628662109375,43.24010467529297,5.192836761474609,-486.2361755371094,42.847389221191406,5.585775375366211
361,-485.08245849609375,48.24586868286133,7.577282958664,-477.09674072265625,35.868831634521484,14.729654312133789,-481.6970520019531,43.372833251953125,5.933586597442627,-481.7442626953125,43.00714111328125,6.211909294128418
362,-482.9926452636719,48.07215881347656,7.337295974139124,-477.09674072265625,35.868831634521484,13.55296516418457,-481.6639709472656,43.32417678833008,4.930386066436768,-481.7061462402344,42.933433532714844,5.297317981719971
363,-481.0910339355469,47.914093017578125,7.355008041486144,-477.09674072265625,35.868831634521484,12.69025993347168,-481.6546325683594,43.51427459716797,4.435769081115723,-481.693115234375,43.0887451171875,4.862765312194824
364,-479.1898498535156,47.75606155395508,7.368089980445802,-477.09674072265625,35.868831634521484,12.070100784301758,-477.3504638671875,43.24733352661133,4.8694939613342285,-477.437255859375,42.758602142333984,5.295865058898926
365,-476.6076354980469,47.51880645751953,7.0620119804516435,-477.09674072265625,35.868831634521484,11.660237312316895,-477.34820556640625,43.16696548461914,4.414404392242432,-477.43060302734375,42.68199920654297,4.906320571899414
366,-473.7763366699219,47.2586669921875,6.893598008900881,-477.09674072265625,35.868831634521484,11.8639554977417,-472.9696960449219,43.007511138916016,4.32700777053833,-473.0927734375,42.30980682373047,4.995845794677734
367,-471.1934814453125,47.02135467529297,6.939097947906703,-467.6340637207031,35.8090934753418,11.763683319091797,-467.7918701171875,42.91899490356445,5.32919454574585,-467.8394775390625,42.0796012878418,5.972459316253662
368,-466.7788391113281,46.553951263427734,7.365330995526165,-467.6340637207031,35.8090934753418,10.778839111328125,-462.6329345703125,39.995567321777344,7.758925914764404,-462.644287109375,39.77321243286133,7.941847324371338
369,-461.94097900390625,46.04174041748047,7.492168981116265,-453.4400634765625,35.71947479248047,13.372162818908691,-457.38836669921875,39.588157653808594,7.897785186767578,-457.3511047363281,39.34870147705078,8.115646362304688
370,-458.90576171875,45.689697265625,7.426748983561993,-453.4400634765625,35.71947479248047,11.370100975036621,-457.4244079589844,39.21882629394531,6.638266086578369,-457.3858642578125,38.97582244873047,6.883763790130615
371,-455.58038330078125,45.30400085449219,7.207510992884636,-453.4400634765625,35.71947479248047,9.820595741271973,-453.70526123046875,39.43256378173828,6.163591384887695,-453.81805419921875,39.12141418457031,6.4288554191589355
372,-452.5352783203125,44.950809478759766,7.435468025505543,-453.4400634765625,35.71947479248047,9.275568962097168,-449.2825622558594,38.12788391113281,7.558602809906006,-449.4277038574219,37.69261932373047,7.895463466644287
373,-449.3984375,44.6478385925293,7.413341023493558,-453.4400634765625,35.71947479248047,9.800531387329102,-449.26275634765625,38.2944450378418,6.354842185974121,-449.41412353515625,37.863643646240234,6.784213542938232
374,-445.98248291015625,44.31790542602539,7.485834998078644,-443.9773864746094,35.65971755981445,8.8873291015625,-444.23583984375,38.087364196777344,6.470734596252441,-444.3854675292969,37.62228775024414,6.8834404945373535
375,-442.8538513183594,44.01572799682617,7.103681971784681,-443.9773864746094,35.65971755981445,8.431206703186035,-439.4159851074219,37.771873474121094,7.127737522125244,-439.57470703125,37.234825134277344,7.532159805297852
376,-439.480712890625,43.75991439819336,7.334305963013321,-429.84429931640625,26.05376434326172,20.15857696533203,-434.12188720703125,37.426483154296875,8.296346664428711,-434.0176696777344,36.91576385498047,8.757124900817871
377,-436.3991394042969,43.52621078491211,6.820816022809595,-429.84429931640625,26.05376434326172,18.66152000427246,-434.1074523925781,37.40998840332031,6.531462669372559,-433.9991760253906,36.885677337646484,7.060914039611816
378,-433.0192565917969,43.2698860168457,6.846338976174593,-425.1129455566406,26.023880004882812,18.971939086914062,-429.85498046875,37.09660339355469,6.937006950378418,-429.91265869140625,36.60285186767578,7.355290412902832
379,-429.57183837890625,42.875160217285156,6.785182049497962,-425.1129455566406,26.023880004882812,17.431217193603516,-425.61883544921875,36.8760871887207,7.184365749359131,-425.8001708984375,36.53235626220703,7.37947416305542
380,-426.43426513671875,42.51591110229492,6.754881993401796,-425.1129455566406,26.023880004882812,16.544878005981445,-421.00909423828125,32.40266036987305,11.47651195526123,-421.1956787109375,32.120853424072266,11.640446662902832
381,-423.2969665527344,42.15669250488281,6.794817978516221,-425.1129455566406,26.023880004882812,16.234699249267578,-421.0052185058594,32.511627197265625,9.913596153259277,-421.1952209472656,32.24199676513672,10.135014533996582
382,-420.17681884765625,41.7580451965332,6.720299017615616,-420.3816223144531,25.993995666503906,15.765379905700684,-415.8125305175781,32.58100509643555,10.161942481994629,-415.9772033691406,32.21885681152344,10.422710418701172
383,-417.0514831542969,41.358734130859375,6.761750963050872,-415.6807556152344,21.205951690673828,20.199344635009766,-411.11602783203125,32.733909606933594,10.46982479095459,-411.1289367675781,32.459842681884766,10.689566612243652
384,-413.6257629394531,40.921043395996094,6.845675990916789,-415.6807556152344,21.205951690673828,19.821903228759766,-411.1556396484375,32.65412902832031,8.628057479858398,-411.180419921875,32.32219314575195,8.939794540405273
385,-410.409912109375,40.60945510864258,7.080228009726852,-410.9189758300781,25.934219360351562,14.684062004089355,-406.2086181640625,32.98847579956055,8.702309608459473,-406.24627685546875,33.0136833190918,8.662078857421875
386,-407.1916809082031,40.29763412475586,7.129265984985977,-401.36492919921875,40.14890670776367,5.828649520874023,-401.2479553222656,32.87017059326172,9.512890815734863,-401.22760009765625,32.912261962890625,9.492838859558105
387,-403.9749755859375,39.9859619140625,7.106642005965114,-401.36492919921875,40.14890670776367,2.6151278018951416,-396.82354736328125,32.635650634765625,10.255242347717285,-396.8357238769531,32.517494201660156,10.331840515136719
388,-401.7965087890625,39.81899642944336,7.3991279932670295,-401.48675537109375,21.116281509399414,18.705280303955078,-396.88189697265625,32.5489501953125,8.775362014770508,-396.8744812011719,32.39958953857422,8.903592109680176
389,-399.6197814941406,39.65216827392578,7.334459980484098,-387.2622985839844,25.784753799438477,18.574514389038086,-391.83306884765625,32.352882385253906,10.672978401184082,-391.7376403808594,32.03470993041992,10.961469650268555
390,-397.43896484375,39.485023498535156,7.407535973470658,-387.2622985839844,25.784753799438477,17.06639862060547,-391.83544921875,32.375240325927734,9.052536010742188,-391.73907470703125,32.066017150878906,9.355768203735352
391,-396.7904357910156,39.443233489990234,7.556843978818506,-387.2622985839844,25.784753799438477,16.653512954711914,-391.8335876464844,32.37151336669922,8.635946273803711,-391.7388916015625,32.066551208496094,8.940555572509766
392,-396.0765686035156,39.39723587036133,7.585412997286767,-387.2622985839844,25.784753799438477,16.216999053955078,-391.8418273925781,32.42182159423828,8.160234451293945,-391.7467041015625,32.13844299316406,8.452088356018066
393,-395.3658447265625,39.3514404296875,7.594130001962185,-387.2622985839844,25.784753799438477,15.802608489990234,-387.5035400390625,32.35894775390625,10.521919250488281,-387.49786376953125,32.05302429199219,10.73182201385498
394,-395.610595703125,39.41072463989258,7.672164996620268,-387.2622985839844,25.784753799438477,15.980023384094238,-387.5237731933594,32.34623336791992,10.737957954406738,-387.5190734863281,32.03712463378906,10.947269439697266
395,-395.8563232421875,39.470252990722656,7.645156001672149,-387.2622985839844,25.784753799438477,16.160140991210938,-387.5159912109375,32.35256576538086,10.964607238769531,-387.5130920410156,32.05194091796875,11.164266586303711
396,-396.10113525390625,39.5295524597168,7.601809978950769,-387.2622985839844,25.784753799438477,16.34149742126465,-387.5006103515625,32.343017578125,11.207823753356934,-387.486328125,32.014854431152344,11.431779861450195
397,-396.5494079589844,39.551109313964844,7.436879968736321,-387.2622985839844,25.784753799438477,16.606111526489258,-391.8490295410156,32.49922561645508,8.474822998046875,-391.75909423828125,32.24431610107422,8.737066268920898
398,-397.04034423828125,39.5747184753418,7.200098014436662,-387.2622985839844,25.784753799438477,16.904830932617188,-391.8638916015625,32.563812255859375,8.714841842651367,-391.7826843261719,32.341026306152344,8.94255542755127
399,-397.49005126953125,39.596343994140625,7.634996029082686,-387.2622985839844,25.784753799438477,17.186243057250977,-391.87060546875,32.49253845214844,9.057716369628906,-391.7945861816406,32.233394622802734,9.308670997619629
400,-398.0521545410156,39.57963180541992,7.683362055104226,-387.2622985839844,25.784753799438477,17.51341438293457,-391.8705749511719,32.53453063964844,9.372586250305176,-391.7940368652344,32.29240036010742,9.605611801147461
401,-398.6134033203125,39.56294631958008,7.734362035989761,-387.2622985839844,25.784753799438477,17.851783752441406,-391.849853515625,32.54511260986328,9.746567726135254,-391.7629699707031,32.3134880065918,9.974120140075684
402,-399.29058837890625,39.66740036010742,7.243359985295683,-387.2622985839844,25.784753799438477,18.3686580657959,-391.8477783203125,32.46318435668945,10.35838508605957,-391.75732421875,32.192413330078125,10.612516403198242
403,-400.033935546875,39.78206253051758,7.469350006431341,-387.2622985839844,25.784753799438477,18.948333740234375,-391.8428039550781,32.48804473876953,10.968013763427734,-391.7485656738281,32.24088668823242,11.203422546386719
404,-400.7784423828125,39.89690399169922,7.3615729925222695,-387.2622985839844,25.784753799438477,19.540699005126953,-391.8516845703125,32.51911926269531,11.580963134765625,-391.76593017578125,32.31112289428711,11.780044555664062
405,-402.04217529296875,39.900394439697266,7.293542032130063,-387.2622985839844,25.784753799438477,20.437612533569336,-391.860595703125,32.448631286621094,12.61718463897705,-391.76654052734375,32.21754455566406,12.830231666564941
406,-403.4256286621094,39.90420913696289,7.404612028039992,-401.48675537109375,21.116281509399414,18.887706756591797,-396.8746337890625,32.57157897949219,9.832751274108887,-396.8599548339844,32.38939666748047,9.979001998901367
407,-404.8123779296875,39.90803909301758,7.493316021282226,-401.48675537109375,21.116281509399414,19.08376121520996,-396.91229248046875,32.347923278808594,10.934656143188477,-396.89898681640625,32.081939697265625,11.129672050476074
408,-406.7642822265625,40.04542541503906,7.171261997427791,-401.36492919921875,40.14890670776367,5.400344371795654,-396.8961486816406,32.443790435791016,12.456521034240723,-396.90155029296875,32.247802734375,12.572843551635742
409,-408.7123718261719,40.18254089355469,6.957529985811561,-401.48675537109375,21.116281509399414,20.389501571655273,-401.255859375,32.782691955566406,10.505110740661621,-401.25140380859375,32.75224685668945,10.52973461151123
410,-410.66412353515625,40.31991958618164,7.422001974191517,-401.48675537109375,21.116281509399414,21.283885955810547,-401.25811767578125,32.87998962402344,11.992727279663086,-401.25762939453125,32.950103759765625,11.94974136352539
411,-414.7387390136719,41.05551528930664,7.657303009182215,-410.9189758300781,25.934219360351562,15.596287727355957,-406.2173767089844,32.97356414794922,11.744426727294922,-406.24847412109375,33.01097106933594,11.696123123168945
412,-418.803466796875,41.789337158203125,7.515266013797373,-410.9189758300781,25.934219360351562,17.70734214782715,-411.0013732910156,37.899417877197266,8.718034744262695,-411.0076599121094,38.1535530090332,8.601948738098145
413,-421.87646484375,42.42189025878906,7.284964027348906,-410.9189758300781,25.934219360351562,19.79671287536621,-410.99493408203125,37.982452392578125,11.752289772033691,-411.00421142578125,38.272682189941406,11.63708782196045
414,-424.9527893066406,43.05513000488281,7.060814008582383,-420.3816223144531,25.993995666503906,17.66289520263672,-415.8297424316406,37.4915771484375,10.685649871826172,-415.8865661621094,37.578269958496094,10.59209156036377
415,-428.3215026855469,43.748558044433594,7.065148034598678,-425.1129455566406,26.023880004882812,18.012746810913086,-421.02471923828125,37.311187744140625,9.730507850646973,-421.1573486328125,37.20629119873047,9.701873779296875
416,-431.564697265625,44.14375305175781,7.139221008401364,-425.1129455566406,26.023880004882812,19.234210968017578,-421.0330505371094,37.300777435302734,12.559534072875977,-421.1669921875,37.18173599243164,12.51327133178711
417,-434.81207275390625,44.53945541381836,7.124768977519125,-425.1129455566406,26.023880004882812,20.902143478393555,-425.60675048828125,36.935089111328125,11.940031051635742,-425.7767028808594,36.597015380859375,12.029973030090332
418,-438.3705749511719,44.97307586669922,7.2942860424518585,-429.8138427734375,30.811920166015625,16.54557228088379,-429.8438720703125,37.27751159667969,11.485919952392578,-429.89385986328125,36.78656768798828,11.784464836120605
419,-441.7141418457031,45.21406936645508,7.567448017653078,-429.8138427734375,30.811920166015625,18.682584762573242,-429.9578857421875,42.02060317993164,12.182273864746094,-429.9302978515625,41.543067932128906,12.342415809631348
420,-445.0566101074219,45.454986572265625,7.585969986394048,-429.8138427734375,30.811920166015625,21.136730194091797,-434.1602478027344,41.998512268066406,11.431445121765137,-434.063232421875,41.61749267578125,11.643913269042969
421,-448.4094543457031,45.696651458740234,7.56521598668769,-443.9773864746094,35.65971755981445,10.971931457519531,-439.43499755859375,41.87421798706055,9.754582405090332,-439.5015869140625,41.426795959472656,9.878348350524902
422,-451.7923889160156,45.97942352294922,7.316002040170133,-443.9773864746094,35.65971755981445,12.944906234741211,-439.4390869140625,41.901161193847656,13.009084701538086,-439.50634765625,41.462310791015625,13.090115547180176
423,-455.1790466308594,46.262508392333984,7.22587900236249,-443.9773864746094,35.65971755981445,15.42388916015625,-444.1917724609375,41.81219482421875,11.854344367980957,-444.32562255859375,41.22433853149414,11.96578311920166
424,-458.2644958496094,46.520416259765625,7.001763035077602,-453.4400634765625,35.71947479248047,11.82943344116211,-449.27496337890625,41.651206970214844,10.223546028137207,-449.4185791015625,41.01917266845703,10.417001724243164
425,-461.3623352050781,46.86849594116211,6.918150000274181,-453.4400634765625,35.71947479248047,13.67710018157959,-449.29437255859375,41.66060256958008,13.143738746643066,-449.44140625,41.05031967163086,13.264981269836426
426,-464.4605407714844,47.21662139892578,7.027198967989534,-453.4400634765625,35.71947479248047,15.925931930541992,-453.837646484375,42.21281433105469,11.742400169372559,-453.9242248535156,41.76514434814453,11.863075256347656
427,-467.8744201660156,47.600215911865234,7.496292004361749,-477.09674072265625,35.868831634521484,14.922351837158203,-472.92547607421875,42.93635940551758,6.874934673309326,-473.0396728515625,42.218807220458984,7.459182262420654
428,-470.9468994140625,48.043270111083984,7.171517994720489,-477.09674072265625,35.868831634521484,13.639556884765625,-472.9546813964844,42.909000396728516,5.512886047363281,-473.0719299316406,42.226402282714844,6.192875385284424
429,-474.31005859375,48.52824783325195,7.068431994412094,-477.09674072265625,35.868831634521484,12.96250057220459,-477.30218505859375,46.51017761230469,3.6090757846832275,-477.4388122558594,45.96955108642578,4.04178524017334
430,-477.67840576171875,49.013973236083984,7.35376903321594,-477.09674072265625,35.868831634521484,13.158004760742188,-481.6929016113281,46.360225677490234,4.812333106994629,-481.71185302734375,45.852516174316406,5.124793529510498
431,-480.89501953125,49.441471099853516,7.345699996221811,-486.5289611816406,40.68671798706055,10.410907745361328,-486.2286376953125,46.38261413574219,6.148502826690674,-486.20611572265625,45.71269226074219,6.489339828491211
432,-484.1122741699219,49.869056701660156,12.853697000537068,-486.5289611816406,40.68671798706055,9.495037078857422,-486.22503662109375,46.42530822753906,4.040194034576416,-486.19403076171875,45.77252960205078,4.595132827758789
433,-487.6457824707031,50.33867263793945,7.361549010965973,-486.5289611816406,40.68671798706055,9.716353416442871,-490.4146728515625,46.40415573120117,4.811151504516602,-490.2445068359375,45.67845916748047,5.335818290710449
434,-490.85565185546875,50.7122688293457,7.374014996457845,-491.2298889160156,45.47473907470703,5.250883102416992,-495.99957275390625,46.955650329589844,6.36962366104126,-495.8651428222656,46.421241760253906,6.596052646636963
435,-494.0801086425781,51.087562561035156,7.613388006575406,-491.2298889160156,45.47473907470703,6.295041084289551,-495.9845275878906,46.92013931274414,4.581945896148682,-495.8435974121094,46.36533737182617,5.040763854980469
436,-497.5927429199219,51.496395111083984,7.573694980237633,-500.6012878417969,59.808929443359375,8.840225219726562,-500.6501770019531,52.32830047607422,3.168591022491455,-500.7073669433594,52.4858512878418,3.268012762069702
437,-502.5533142089844,52.07494354248047,7.522230967879295,-500.6012878417969,59.808929443359375,7.976524353027344,-505.11669921875,52.10673522949219,2.563582181930542,-505.08843994140625,52.034969329833984,2.5354409217834473
438,-507.5192565917969,52.654117584228516,7.300311990547925,-514.9169921875,40.86587905883789,13.917222023010254,-510.40679931640625,51.81095886230469,3.0081255435943604,-510.415283203125,51.39274597167969,3.158801794052124
439,-510.8130798339844,53.07411193847656,7.182455039583147,-514.9169921875,40.86587905883789,12.879559516906738,-514.4307250976562,51.9947395324707,3.775235414505005,-514.4291381835938,51.626243591308594,3.895150899887085
440,-514.106201171875,53.494014739990234,7.098382979165763,-514.9169921875,40.86587905883789,12.65413761138916,-518.9158935546875,52.339988708496094,4.946202278137207,-518.7996826171875,52.2146110534668,4.864734649658203
441,-517.384521484375,53.91202926635742,7.027020968962461,-514.9169921875,40.86587905883789,13.27745246887207,-518.927978515625,52.40232849121094,2.1590404510498047,-518.8234252929688,52.30281448364258,2.1587071418762207
442,-520.5798950195312,54.30464172363281,7.303623016923666,-519.5570678710938,55.17020034790039,1.3399131298065186,-524.2603759765625,52.86103057861328,3.9534735679626465,-524.2109985351562,52.837791442871094,3.9161922931671143
443,-523.7677612304688,54.69633102416992,7.478654035367072,-524.2883911132812,55.20005416870117,0.7244256138801575,-528.9540405273438,52.691322326660156,5.5603556632995605,-528.9541625976562,52.54432678222656,5.615147590637207
444,-527.260009765625,55.12541198730469,7.345488003920764,-538.5432739257812,45.773292541503906,14.655176162719727,-533.9293212890625,57.564178466796875,7.101218223571777,-533.9887084960938,57.43642807006836,7.114504814147949
445,-530.6104736328125,55.52003479003906,7.217368052806705,-538.421630859375,64.80591583251953,12.134321212768555,-533.9278564453125,57.61985778808594,3.926103115081787,-533.9824829101562,57.519962310791016,3.9204790592193604
446,-533.94384765625,55.91264724731445,7.100418035406619,-538.421630859375,64.80591583251953,9.956945419311523,-538.5076293945312,57.900390625,4.977873802185059,-538.5936889648438,57.96650314331055,5.083241939544678
447,-537.2784423828125,56.305397033691406,7.128783036023378,-538.421630859375,64.80591583251953,8.577044486999512,-542.8809204101562,58.13290023803711,5.893006801605225,-542.8353271484375,58.38119888305664,5.931941032409668
448,-540.4957885742188,56.66831588745117,7.088302983902395,-538.421630859375,64.80591583251953,8.397777557373047,-542.8900756835938,58.114906311035156,2.7973620891571045,-542.8444213867188,58.34359359741211,2.884897232055664
449,-543.7133178710938,57.03125762939453,7.4475950095802546,-543.2137451171875,55.31945037841797,1.7832154035568237,-547.662109375,58.34342956542969,4.161099910736084,-547.496337890625,58.56431579589844,4.081851005554199
450,-547.2457885742188,57.429725646972656,7.717625005170703,-557.3165893554688,69.6834487915039,15.861108779907227,-552.8640747070312,58.413490295410156,5.703764915466309,-552.9212646484375,58.648372650146484,5.804836750030518
451,-550.5067749023438,57.833740234375,7.603462028782815,-562.1695556640625,50.680667877197266,13.681626319885254,-557.9625854492188,58.25170135498047,7.4675164222717285,-558.1796875,58.260902404785156,7.684793949127197
452,-553.7797241210938,58.23923110961914,7.219947001431137,-562.1695556640625,50.680667877197266,11.292526245117188,-557.9730224609375,58.247276306152344,4.193305969238281,-558.183349609375,58.247528076171875,4.4036335945129395
453,-557.03955078125,58.64310836791992,7.1182059473358095,-566.8096313476562,64.98497772216797,11.647909164428711,-562.1644897460938,62.397586822509766,6.353039264678955,-562.2850341796875,62.3189697265625,6.40523624420166
454,-560.0980224609375,59.04023742675781,7.18897400656715,-571.541015625,65.01480865478516,12.908819198608398,-567.119384765625,62.122840881347656,7.6682448387146,-567.246337890625,61.94796371459961,7.717077732086182
455,-563.4530639648438,59.47587966918945,7.134978950489312,-571.541015625,65.01480865478516,9.802790641784668,-567.1033935546875,62.20260238647461,4.556305885314941,-567.2228393554688,62.05309295654297,4.566534042358398
456,-566.8129272460938,59.91215133666992,6.993045972194523,-571.541015625,65.01480865478516,6.956430912017822,-571.9950561523438,62.19015121459961,5.660719394683838,-572.02392578125,62.02411651611328,5.622713088989258
457,-571.9577026367188,60.5113410949707,6.887629046104848,-571.541015625,65.01480865478516,4.522703647613525,-576.065673828125,62.271209716796875,4.469067573547363,-575.930419921875,62.08734130859375,4.273904323577881
458,-576.65771484375,61.05874252319336,6.815078028012067,-576.2723388671875,65.04464721679688,4.004491329193115,-580.856201171875,62.21178436279297,4.353940010070801,-580.8013916015625,62.036956787109375,4.257576942443848
459,-580.2291259765625,61.46540451049805,6.975200958549976,-590.5575561523438,50.859683990478516,14.803977966308594,-585.81689453125,62.0583381652832,5.619139671325684,-585.83837890625,61.78683853149414,5.618454933166504
460,-583.4779663085938,61.83534622192383,6.9232359528541565,-595.2888793945312,50.88951110839844,16.103073120117188,-590.43408203125,61.74774169921875,6.956667423248291,-590.4154663085938,61.28064727783203,6.9596405029296875
461,-586.7272338867188,62.20532989501953,6.838009052444249,-599.9290771484375,65.19380950927734,13.535866737365723,-595.5669555664062,67.017822265625,10.064827919006348,-595.7449951171875,66.79318237304688,10.117727279663086
462,-590.1856689453125,62.6106071472168,6.865372997708619,-599.9290771484375,65.19380950927734,10.080026626586914,-595.4940795898438,66.86166381835938,6.800787448883057,-595.652099609375,66.54052734375,6.732469081878662
463,-593.3360595703125,62.97978210449219,6.722145015373826,-599.9290771484375,65.19380950927734,6.954839706420898,-599.958984375,67.18962097167969,7.8476667404174805,-599.9672241210938,66.97721862792969,7.742857456207275
464,-596.7967529296875,63.385318756103516,6.895294995047152,-599.9290771484375,65.19380950927734,3.616917610168457,-604.1752319335938,67.25674438476562,8.332459449768066,-604.0504150390625,67.09107971191406,8.145445823669434
465,-600.1932983398438,63.81617736816406,6.9799879565835,-614.183837890625,55.766971588134766,16.140783309936523,-609.4152221679688,67.17758178710938,9.81544303894043,-609.4160766601562,66.88993835449219,9.721504211425781
466,-603.2990112304688,64.21014404296875,7.416461012326181,-614.183837890625,55.766971588134766,13.775580406188965,-609.4521484375,67.1749038696289,6.830146312713623,-609.4627075195312,66.91432189941406,6.730804443359375
467,-606.7130737304688,64.64322662353516,7.445377006661147,-618.8848266601562,60.55495071411133,12.839999198913574,-614.6034545898438,67.51620483398438,8.397149085998535,-614.6756591796875,67.3301010131836,8.403693199157715
468,-610.1902465820312,65.0831298828125,7.275292999111116,-618.8848266601562,60.55495071411133,9.803067207336426,-618.6951293945312,67.66365051269531,8.887750625610352,-618.737060546875,67.5523681640625,8.896356582641602
469,-613.3834838867188,65.48711395263672,7.034467998892069,-618.8848266601562,60.55495071411133,7.388572692871094,-623.2362670898438,67.68626403808594,10.095226287841797,-623.156494140625,67.47132873535156,9.972403526306152
470,-616.568115234375,65.89000701904297,6.905740010552108,-618.7936401367188,74.82941436767578,9.212272644042969,-623.25146484375,67.7479019165039,6.936781406402588,-623.1778564453125,67.5533218383789,6.815812110900879
471,-620.0184326171875,66.31086730957031,6.903638946823776,-633.078857421875,60.6444091796875,14.236693382263184,-628.47607421875,67.49101257324219,8.539581298828125,-628.4390869140625,67.26758575439453,8.47482967376709
472,-623.1597900390625,66.69403839111328,7.429482007864863,-633.078857421875,60.6444091796875,11.6183443069458,-632.93310546875,72.07478332519531,11.156617164611816,-632.8792724609375,72.02545166015625,11.08568000793457
473,-626.6069946289062,67.11451721191406,7.336768961977214,-642.54150390625,60.70404052734375,17.17564582824707,-637.8252563476562,71.87001037597656,12.184584617614746,-637.85205078125,71.81031799316406,12.186132431030273
474,-631.3349609375,67.62935638427734,7.322148012463003,-642.54150390625,60.70404052734375,13.17370891571045,-642.744384765625,71.83775329589844,12.160820960998535,-642.836181640625,71.66825866699219,12.189783096313477
475,-636.5232543945312,68.19432067871094,7.088423008099198,-642.54150390625,60.70404052734375,9.608518600463867,-646.1892700195312,72.36480712890625,10.527336120605469,-646.0540161132812,72.39141082763672,10.413980484008789
476,-640.0193481445312,68.58922576904297,7.12746602948755,-647.2728271484375,60.73385238647461,10.692046165466309,-650.0442504882812,72.40257263183594,10.725683212280273,-649.6226806640625,72.56060791015625,10.392106056213379
477,-643.1995239257812,68.94844055175781,7.424578012432903,-647.2728271484375,60.73385238647461,9.169037818908691,-649.9693603515625,72.39551544189453,7.596907615661621,-649.5502319335938,72.55703735351562,7.304345607757568
478,-646.3782958984375,69.3075180053711,7.424022012855858,-651.8826904296875,79.79627990722656,11.845356941223145,-655.7176513671875,71.6965560913086,9.640076637268066,-655.47705078125,71.46403503417969,9.350823402404785
479,-649.6551513671875,69.70439147949219,7.298974960576743,-661.4668579101562,60.82328414916992,14.778040885925293,-660.566650390625,69.11454772949219,10.927430152893066,-660.5526733398438,67.55523681640625,11.107422828674316
480,-652.9340209960938,70.10150909423828,7.2699160082265735,-661.4668579101562,60.82328414916992,12.6053466796875,-660.542236328125,69.19662475585938,7.661837577819824,-660.5087890625,67.60148620605469,7.976667404174805
481,-656.2129516601562,70.4986343383789,7.385684992186725,-661.4668579101562,60.82328414916992,11.009810447692871,-664.41357421875,68.21862030029297,8.511678695678711,-664.2318115234375,66.93763732910156,8.773984909057617
482,-659.6201171875,70.93849182128906,7.639346003998071,-666.1981811523438,60.853092193603516,12.041021347045898,-669.9266357421875,67.2022705078125,10.962831497192383,-669.65673828125,65.56817626953125,11.38305950164795
483,-662.7206420898438,71.33876037597656,7.18881597276777,-680.3922119140625,60.942501068115234,20.502843856811523,-675.7349853515625,66.87667846679688,13.758026123046875,-675.6400756835938,64.6120834350586,14.56571102142334
484,-666.1292724609375,71.77880859375,7.003995997365564,-680.3922119140625,60.942501068115234,17.9124813079834,-675.7540283203125,67.05914306640625,10.7196626663208,-675.674072265625,64.87186431884766,11.781726837158203
485,-669.2618408203125,72.16944885253906,6.766751001123339,-680.270751953125,79.9751205444336,13.495355606079102,-678.8587036132812,76.76179504394531,10.63905143737793,-678.7181396484375,76.74507904052734,10.50514030456543
486,-672.70361328125,72.59864807128906,6.72137999208644,-680.270751953125,79.9751205444336,10.567588806152344,-682.9678344726562,78.28591918945312,11.73453426361084,-682.44189453125,78.62811279296875,11.453758239746094
487,-676.1272583007812,73.02558898925781,6.816270004492253,-694.4041137695312,89.58082580566406,24.660076141357422,-690.8056640625,84.32595825195312,18.5244140625,-691.2695922851562,85.76445007324219,19.78809928894043
488,-679.365478515625,73.39656829833984,6.680969032458961,-694.4041137695312,89.58082580566406,22.092775344848633,-690.9802856445312,84.44583129882812,16.030906677246094,-691.5433349609375,85.93047332763672,17.47566795349121
489,-682.907470703125,73.80236053466797,6.7392109776847064,-694.4041137695312,89.58082580566406,19.522621154785156,-695.413330078125,83.33748626708984,15.726256370544434,-695.2164916992188,85.2291259765625,16.795324325561523
490,-686.135498046875,74.17218017578125,6.705091975163668,-703.9882202148438,70.60780334472656,18.205066680908203,-700.5985717773438,80.5303955078125,15.798968315124512,-700.8885498046875,81.01538848876953,16.26290512084961
491,-689.63525390625,74.60263061523438,6.687454006168991,-708.59814453125,89.67021179199219,24.220306396484375,-705.7127685546875,79.1004867553711,16.694826126098633,-705.8319702148438,79.0001220703125,16.78307342529297
492,-692.81494140625,74.99372100830078,6.755927985068411,-703.9882202148438,70.60780334472656,12.003267288208008,-705.7489013671875,78.94722747802734,13.524701118469238,-705.8328247070312,78.80560302734375,13.564502716064453
493,-696.000732421875,75.38555908203125,6.743137026205659,-713.4205322265625,75.425537109375,17.419845581054688,-709.037109375,78.32644653320312,13.36397933959961,-709.1417846679688,77.6795883178711,13.339783668518066
494,-699.5145874023438,75.7957992553711,6.743364967405796,-713.4205322265625,75.425537109375,13.910873413085938,-713.6510009765625,78.70135498046875,14.431924819946289,-713.8162841796875,78.05484008789062,14.479012489318848
495,-702.7139282226562,76.1693115234375,6.6819770145229995,-713.4205322265625,75.425537109375,10.732407569885254,-717.29833984375,77.5311050415039,14.64785099029541,-717.148193359375,76.62156677246094,14.4413480758667
496,-705.9170532226562,76.54328155517578,6.69532100437209,-713.3294677734375,89.70000457763672,15.10110092163086,-716.8671875,79.07089233398438,11.23807144165039,-716.7435913085938,78.93305969238281,11.087153434753418
497,-709.013427734375,76.92333221435547,7.190875010564923,-718.0608520507812,89.72978973388672,15.679963111877441,-722.26904296875,80.51952362060547,13.734770774841309,-722.1818237304688,81.45887756347656,13.927592277526855
498,-712.4081420898438,77.34000396728516,7.354054017923772,-732.2852172851562,85.06099700927734,21.323974609375,-728.6649169921875,79.27559661865234,16.371599197387695,-729.1011962890625,80.29571533203125,16.952707290649414
499,-715.802734375,77.75666809082031,7.302095007617027,-732.3155517578125,80.30284881591797,16.70796775817871,-728.222900390625,76.34918212890625,12.499661445617676,-728.50634765625,76.56926727294922,12.75898551940918
500,-720.8231201171875,78.341796875,7.203862012829632,-732.2852172851562,85.06099700927734,13.286357879638672,-731.3181762695312,79.73599243164062,10.587255477905273,-731.3094482421875,80.78761291503906,10.767780303955078
501,-725.8314208984375,78.92552185058594,6.836191983893514,-737.0166015625,85.09078216552734,12.771793365478516,-738.5848999023438,77.39244842529297,12.845292091369629,-738.1255493164062,78.72212219238281,12.29581069946289
502,-729.2422485351562,79.33480072021484,6.777984963264316,-737.0166015625,85.09078216552734,9.673255920410156,-739.1018676757812,80.36555480957031,9.913352012634277,-738.5670166015625,81.93961334228516,9.681753158569336
503,-732.3546142578125,79.70825958251953,6.8042000057175756,-751.1802978515625,89.93827819824219,21.425678253173828,-747.789794921875,81.60487365722656,15.551267623901367,-747.9356689453125,82.20760345458984,15.780240058898926
504,-735.7579345703125,80.11663818359375,6.787763035390526,-756.0330200195312,70.93544006347656,22.256988525390625,-753.234375,78.66681671142578,17.536474227905273,-753.5451049804688,78.02825927734375,17.909347534179688
505,-738.9482421875,80.51222229003906,6.718063959851861,-756.0330200195312,70.93544006347656,19.5858211517334,-753.15966796875,79.20721435546875,14.271218299865723,-753.417724609375,78.68467712402344,14.58443832397461
506,-742.4500732421875,80.9464340209961,6.8597220233641565,-756.0026245117188,75.69359588623047,14.534921646118164,-756.5240478515625,78.822265625,14.233370780944824,-756.77783203125,78.04556274414062,14.6184720993042
507,-745.6333618164062,81.34114837646484,6.753742985893041,-756.0026245117188,75.69359588623047,11.807475090026855,-759.508056640625,77.12100219726562,14.502303123474121,-759.306884765625,76.40118408203125,14.538516998291016
508,-748.9249267578125,81.73445129394531,6.835304026026279,-760.7643432617188,70.96521759033203,16.00463104248047,-765.1644287109375,78.4288101196289,16.572528839111328,-765.083251953125,77.88746643066406,16.60995864868164
509,-752.21435546875,82.12748718261719,7.201373984571546,-760.7643432617188,70.96521759033203,14.060531616210938,-765.4832763671875,77.0438003540039,14.20943832397461,-765.5189208984375,76.51924133300781,14.438278198242188
510,-755.5088500976562,82.5211410522461,7.464482972864062,-770.1663208007812,80.54107666015625,14.790608406066895,-770.9895629882812,78.35893249511719,16.030485153198242,-771.1602172851562,78.0378646850586,16.280818939208984
511,-758.73681640625,82.91249084472656,7.401764974929392,-779.689697265625,71.08431243896484,24.060943603515625,-775.0632934570312,78.8804931640625,16.81698226928711,-774.9151611328125,78.47827911376953,16.775012969970703
512,-761.9700927734375,83.30448913574219,7.293350005056709,-779.689697265625,71.08431243896484,21.52480125427246,-775.0674438476562,79.09777069091797,13.75634765625,-774.9132690429688,78.6180419921875,13.765485763549805
513,-765.51708984375,83.7345199584961,7.464123016688973,-774.897705078125,80.57084655761719,9.899735450744629,-778.9126586914062,81.56071472167969,13.57080364227295,-778.7054443359375,80.99899291992188,13.46906852722168
514,-768.8599243164062,84.16539001464844,13.268776994664222,-779.6290283203125,80.60061645507812,11.34377384185791,-784.3427734375,82.24560546875,15.60141658782959,-784.3709716796875,81.8966064453125,15.676095962524414
515,-772.1983032226562,84.5956802368164,9.851116978097707,-789.0614013671875,85.41830444335938,16.883150100708008,-789.3067016601562,84.10990142822266,17.115293502807617,-789.2988891601562,84.09169006347656,17.10801124572754
516,-775.5355224609375,85.02582550048828,7.379974995274097,-789.0614013671875,85.41830444335938,13.531572341918945,-789.3282470703125,83.937744140625,13.835576057434082,-789.3114013671875,83.90142822265625,13.82168960571289
517,-778.75,85.43509674072266,7.368542021140456,-798.4634399414062,94.994140625,21.908788681030273,-793.47216796875,85.81576538085938,14.727088928222656,-793.2479248046875,86.17495727539062,14.516790390014648
518,-782.2817993164062,85.88475799560547,7.293333008419722,-798.4634399414062,94.994140625,18.569499969482422,-798.991943359375,88.31566619873047,16.886035919189453,-799.1716918945312,89.62664031982422,17.29942512512207
519,-785.5029296875,86.29486846923828,6.9369900156743824,-798.4634399414062,94.994140625,15.60936164855957,-799.0130615234375,88.76063537597656,13.733304977416992,-799.19873046875,90.12223815917969,14.220539093017578
520,-788.888916015625,86.66548919677734,6.774810026399791,-798.4634399414062,94.994140625,12.690072059631348,-803.243408203125,88.50787353515625,14.472243309020996,-803.1483764648438,90.09642028808594,14.666407585144043
521,-791.9781494140625,87.00361633300781,6.854735023807734,-807.9261474609375,95.05366516113281,17.864543914794922,-807.5806884765625,87.72968292236328,15.619423866271973,-807.232177734375,89.44024658203125,15.447412490844727
522,-795.3681640625,87.37467193603516,6.697762990370393,-807.9261474609375,95.05366516113281,14.719710350036621,-807.5845947265625,87.67081451416016,12.220020294189453,-807.2427978515625,89.33739471435547,12.035747528076172
523,-800.046630859375,87.89310455322266,6.688421999569982,-807.9261474609375,95.05366516113281,10.64708423614502,-812.9948120117188,85.53943634033203,13.160362243652344,-813.1024169921875,86.05046844482422,13.185175895690918
524,-805.2129516601562,88.4655990600586,6.658972997684032,-822.211181640625,80.86847686767578,18.618703842163086,-820.1588134765625,82.80748748779297,15.981019973754883,-820.8262939453125,81.57738494873047,17.065284729003906
525,-808.7314453125,88.91055297851562,6.694923969916999,-826.9425048828125,80.89823150634766,19.895727157592773,-824.3326416015625,84.95857238769531,16.093957901000977,-824.7479858398438,83.7453842163086,16.828800201416016
526,-811.9453735351562,89.3169937133789,6.814761029090732,-831.673828125,80.92798614501953,21.43798828125,-828.5184326171875,85.06636047363281,17.10947608947754,-828.886474609375,84.27977752685547,17.674118041992188
527,-815.159912109375,89.7235107421875,7.323907979298383,-836.4354858398438,76.1995849609375,25.210050582885742,-833.8524169921875,82.83294677734375,19.922088623046875,-834.2412109375,82.32734680175781,20.464584350585938
528,-818.3681640625,90.09294891357422,7.321302022319287,-836.4354858398438,76.1995849609375,22.791526794433594,-833.9718627929688,82.55746459960938,17.32798194885254,-834.3557739257812,82.071533203125,17.887056350708008
529,-821.5830078125,90.46314239501953,7.295486982911825,-836.4354858398438,76.1995849609375,20.592357635498047,-837.2314453125,82.94610595703125,17.36028289794922,-837.4013671875,82.61817169189453,17.656841278076172
530,-825.1171264648438,90.87010192871094,7.146329968236387,-845.8375854492188,85.775390625,21.337608337402344,-842.78857421875,83.5120849609375,19.142112731933594,-843.1820678710938,83.54132843017578,19.494949340820312
531,-828.6018676757812,91.27427673339844,6.859768996946514,-845.8375854492188,85.775390625,18.09164810180664,-842.494873046875,84.00192260742188,15.681285858154297,-842.8231201171875,84.05526733398438,15.9486083984375
532,-831.8092651367188,91.64629364013672,6.7817349918186665,-845.8375854492188,85.775390625,15.207277297973633,-846.3629150390625,83.47850799560547,16.688962936401367,-846.3504638671875,83.5390625,16.64853286743164
533,-835.0028076171875,92.01669311523438,6.709591019898653,-845.8375854492188,85.775390625,12.503849983215332,-849.1229248046875,82.90071868896484,16.80710220336914,-848.8271484375,82.95357513427734,16.530351638793945
534,-838.4090576171875,92.437744140625,6.728017993737012,-845.8375854492188,85.775390625,9.978475570678711,-849.2454223632812,82.89881896972656,14.436686515808105,-848.9659423828125,82.93680572509766,14.20266342163086
535,-841.5066528320312,92.82064819335938,6.661680992692709,-860.0316162109375,85.86463165283203,19.787885665893555,-855.5835571289062,82.97578430175781,17.17790985107422,-855.6685791015625,82.99707794189453,17.235506057739258
536,-844.9088745117188,93.24120330810547,6.718871009070426,-864.762939453125,85.89437103271484,21.16978645324707,-860.86279296875,83.45980834960938,18.713716506958008,-861.0269775390625,83.6410140991211,18.760513305664062
537,-848.1234741210938,93.64689636230469,6.700807949528098,-864.762939453125,85.89437103271484,18.356836318969727,-860.8816528320312,83.70403289794922,16.175031661987305,-861.0526733398438,83.79039001464844,16.25776481628418
538,-851.3408813476562,94.05294036865234,6.6965960431844,-864.762939453125,85.89437103271484,15.707128524780273,-863.712890625,84.64016723632812,15.545639991760254,-863.5127563476562,84.56852722167969,15.430768966674805
539,-854.8762817382812,94.49911499023438,6.823868025094271,-864.762939453125,85.89437103271484,13.106778144836426,-867.1769409179688,86.01765441894531,14.941265106201172,-866.791748046875,85.47732543945312,14.945602416992188
540,-858.0994873046875,94.91182708740234,6.628734001424164,-864.762939453125,85.89437103271484,11.212319374084473,-867.2880249023438,86.10808563232422,12.725372314453125,-866.9407348632812,85.63215637207031,12.817173957824707
541,-861.3253173828125,95.32487487792969,6.663769017904997,-869.4943237304688,85.92411041259766,12.454197883605957,-871.4693603515625,86.44991302490234,13.478373527526855,-871.217041015625,86.00044250488281,13.593793869018555
542,-864.874267578125,95.77928924560547,6.661917024757713,-874.2256469726562,85.95384979248047,13.564201354980469,-875.9396362304688,89.38221740722656,12.781428337097168,-875.65966796875,88.98078918457031,12.749292373657227
543,-869.8644409179688,96.3421859741211,6.712522997986525,-878.9569702148438,85.98358917236328,13.783127784729004,-880.1783447265625,89.439208984375,12.41079044342041,-879.9647216796875,89.52412414550781,12.186124801635742
544,-874.8416748046875,96.90361785888672,7.1182550163939595,-883.5974731445312,100.28778839111328,9.387044906616211,-884.020263671875,93.9931411743164,9.628985404968262,-883.9563598632812,94.45353698730469,9.438240051269531
545,-878.0565795898438,97.2630386352539,7.453737023752183,-883.5974731445312,100.28778839111328,6.312734127044678,-884.0626831054688,93.36357116699219,7.160944938659668,-883.99755859375,93.60131072998047,6.978787899017334
546,-881.5836181640625,97.65735626220703,7.638860028237104,-888.419677734375,86.04306030273438,13.47677993774414,-889.44140625,89.90513610839844,11.03819465637207,-888.960205078125,89.73997497558594,10.821227073669434
547,-884.798828125,98.01681518554688,7.595289032906294,-902.4925537109375,105.16487121582031,19.083045959472656,-899.276611328125,93.8060302734375,15.077695846557617,-899.5155639648438,94.16765594482422,15.211783409118652
548,-888.1559448242188,98.4212875366211,7.259798992890865,-902.4925537109375,105.16487121582031,15.843430519104004,-899.113037109375,93.97114562988281,11.826311111450195,-899.3396606445312,94.39594268798828,11.886079788208008
549,-891.2242431640625,98.79096221923828,6.951922958251089,-907.2844848632812,95.67829132080078,16.359098434448242,-904.1636352539062,93.2069091796875,14.092888832092285,-904.579345703125,93.52284240722656,14.356595993041992
550,-894.5925903320312,99.1968002319336,7.141450012568384,-907.2844848632812,95.67829132080078,13.170576095581055,-907.1033935546875,92.29710388183594,14.287267684936523,-907.1611328125,92.20155334472656,14.384078979492188
551,-897.966796875,99.63601684570312,7.04044901067391,-907.2844848632812,95.67829132080078,10.123383522033691,-907.1361694335938,92.38182067871094,11.691909790039062,-907.179931640625,92.35888671875,11.740463256835938
552,-901.052734375,100.0377197265625,7.31823401292786,-907.2844848632812,95.67829132080078,7.605216979980469,-909.90283203125,91.76219177246094,12.116459846496582,-909.54443359375,91.34051513671875,12.155259132385254
553,-904.4271850585938,100.47697448730469,7.4213529587723315,-912.106689453125,81.43356323242188,20.533540725708008,-915.3563232421875,90.03366088867188,15.116509437561035,-914.9940795898438,88.94873046875,15.63840389251709
554,-907.7351684570312,100.85946655273438,7.434939034283161,-912.106689453125,81.43356323242188,19.91170310974121,-915.6622924804688,90.74646759033203,12.849593162536621,-915.395263671875,89.86965942382812,13.396003723144531
555,-911.0386352539062,101.24142456054688,7.434256956912577,-916.7169189453125,100.49589538574219,5.727016448974609,-920.5274658203125,93.0013198852539,12.567307472229004,-920.220703125,92.99778747558594,12.339688301086426
556,-914.343505859375,101.62356567382812,7.428769022226334,-930.9412231445312,95.82691192626953,17.580825805664062,-927.9569702148438,94.17101287841797,15.519888877868652,-928.4305419921875,95.18675994873047,15.487964630126953
557,-917.4921875,101.99253845214844,7.48658599331975,-930.9109497070312,100.58506774902344,13.492374420166016,-928.0729370117188,94.31397247314453,13.073356628417969,-928.5535278320312,95.36970520019531,12.89244556427002
558,-920.9600830078125,102.39891815185547,7.737067004200071,-930.9109497070312,100.58506774902344,10.11483097076416,-931.1011962890625,98.80887603759766,10.75781536102295,-931.0296020507812,99.14511108398438,10.58217716217041
559,-924.4130249023438,102.80355072021484,7.589329034090042,-930.9109497070312,100.58506774902344,6.866199016571045,-933.744140625,97.74325561523438,10.614909172058105,-933.238525390625,97.74775695800781,10.171062469482422
560,-927.5686645507812,103.18769073486328,7.419303001370281,-930.9109497070312,100.58506774902344,4.2360968589782715,-933.6029052734375,97.91928100585938,8.010505676269531,-933.0783081054688,98.00454711914062,7.5644659996032715
561,-931.0220336914062,103.60806274414062,7.185924972873181,-935.733154296875,86.34032440185547,17.898866653442383,-939.3096923828125,95.29633331298828,11.737552642822266,-939.0869750976562,93.79901885986328,12.698843002319336
562,-934.4722900390625,104.02806091308594,6.82886503636837,-940.4342041015625,91.1281967163086,14.210943222045898,-945.0462036132812,97.4913558959961,12.431257247924805,-944.998046875,96.85258483886719,12.73887825012207
563,-939.4464111328125,104.6528091430664,7.085499004460871,-954.6585693359375,86.45919036865234,23.715343475341797,-952.26025390625,97.77932739257812,14.540952682495117,-952.604736328125,98.34263610839844,14.59314250946045
564,-944.3988647460938,105.27484130859375,7.015337003394961,-959.238525390625,110.2796630859375,15.66089916229248,-957.1328125,99.20672607421875,14.105865478515625,-957.4202880859375,100.07427978515625,14.021530151367188
565,-947.5548706054688,105.6239013671875,6.821172020863742,-964.0001220703125,105.55122375488281,16.445411682128906,-961.5051879882812,99.09747314453125,15.401481628417969,-961.8465576171875,99.77415466308594,15.442534446716309
566,-951.0125732421875,106.0063247680664,6.872171012219042,-963.9698486328125,110.30937194824219,13.65310287475586,-961.5878295898438,99.42781066894531,12.454432487487793,-961.9271240234375,100.18009185791016,12.37224292755127
567,-954.1619873046875,106.35464477539062,7.055798021610826,-964.0001220703125,105.55122375488281,9.870885848999023,-963.5099487304688,98.91826629638672,11.945045471191406,-963.4229736328125,99.19644165039062,11.704944610595703
568,-957.5895385742188,106.74481201171875,7.255369040649384,-964.0909423828125,91.27676391601562,16.778820037841797,-966.8505859375,98.15940856933594,12.628386497497559,-966.27490234375,98.12828063964844,12.234384536743164
569,-960.7161865234375,107.10072326660156,7.2563180001452565,-964.0909423828125,91.27676391601562,16.17982292175293,-966.8909912109375,97.87186431884766,11.104055404663086,-966.3431396484375,97.5174560546875,11.113127708435059
570,-963.8433837890625,107.45670318603516,7.302665966562927,-978.2850341796875,91.36589050292969,21.62118148803711,-974.4837646484375,103.17424011230469,11.46983814239502,-974.5869140625,103.07937622070312,11.601053237915039
571,-967.2383422851562,107.90827941894531,7.435120001900941,-978.2850341796875,91.36589050292969,19.891708374023438,-974.4464721679688,103.25666809082031,8.578731536865234,-974.5337524414062,103.1545181274414,8.707540512084961
572,-970.6275024414062,108.35908508300781,7.309661945328116,-978.2850341796875,91.36589050292969,18.638843536376953,-977.598388671875,103.01536560058594,8.783427238464355,-977.5225219726562,102.75399017333984,8.885852813720703
573,-973.7188720703125,108.77027130126953,7.339578005485237,-978.2850341796875,91.36589050292969,17.993396759033203,-981.9127807617188,101.75859832763672,10.784419059753418,-981.6541137695312,100.8956527709961,11.179341316223145
574,-977.2118530273438,109.20694732666016,7.397659996058792,-987.7476806640625,91.42529296875,20.668596267700195,-987.90478515625,100.76920318603516,13.621098518371582,-987.97607421875,99.47174072265625,14.513535499572754
575,-980.3840942382812,109.60352325439453,7.441710971761495,-987.7476806640625,91.42529296875,19.613018035888672,-987.7450561523438,100.50811767578125,11.700860977172852,-987.7928466796875,99.10012817382812,12.853440284729004
576,-983.8700561523438,110.03931427001953,7.527342007961124,-987.7476806640625,91.42529296875,19.013620376586914,-991.55859375,101.15037536621094,11.752737998962402,-991.4108276367188,99.9837875366211,12.568883895874023
577,-987.0606689453125,110.40101623535156,7.540541002526879,-992.4487915039062,96.21315002441406,15.176541328430176,-996.985107421875,102.19998931884766,12.874444007873535,-996.9599609375,101.4598388671875,13.339439392089844
578,-990.5753784179688,110.7994613647461,7.380953000392765,-992.4487915039062,96.21315002441406,14.70612621307373,-996.7871704101562,101.76792907714844,10.96152114868164,-996.6986694335938,100.76535034179688,11.75491714477539
579,-994.08251953125,111.19703674316406,7.4936169548891485,-1006.612548828125,101.06039428710938,16.116859436035156,-1002.9645385742188,103.03988647460938,12.059409141540527,-1003.2293090820312,102.78214263916016,12.428765296936035
580,-998.8058471679688,111.76438903808594,7.428002019878477,-1011.3439331054688,101.090087890625,16.466459274291992,-1008.0215454101562,106.69000244140625,10.520384788513184,-1008.3135375976562,105.86836242675781,11.187461853027344
581,-1003.9988403320312,112.3881607055664,7.460120017640293,-1011.3439331054688,101.090087890625,13.475787162780762,-1010.8561401367188,106.46278381347656,9.06270694732666,-1010.882568359375,105.57967376708984,9.682004928588867
582,-1007.0537719726562,112.75003051757812,7.841448008548468,-1011.3439331054688,101.090087890625,12.42416000366211,-1014.4263305664062,105.48518371582031,10.350488662719727,-1014.0079345703125,104.27479553222656,10.963119506835938
583,-1010.4085693359375,113.1474380493164,7.529017981141806,-1011.3439331054688,101.090087890625,12.09357738494873,-1014.2451171875,105.31660461425781,8.720151901245117,-1013.7977294921875,104.04714965820312,9.710904121398926
584,-1013.772216796875,113.54588317871094,7.7970660058781505,-1016.1055297851562,96.36163330078125,17.341936111450195,-1020.5349731445312,106.39558410644531,9.84183120727539,-1020.4682006835938,105.75273132324219,10.274697303771973
585,-1016.8726196289062,113.92255401611328,7.900155032984912,-1030.269287109375,101.20885467529297,18.469133377075195,-1027.2724609375,107.96958923339844,11.983091354370117,-1027.60986328125,107.82095336914062,12.349815368652344
586,-1020.2666015625,114.33488464355469,7.835573051124811,-1030.1483154296875,120.24146270751953,11.512425422668457,-1027.21728515625,108.09720611572266,9.33919906616211,-1027.5411376953125,108.0147933959961,9.636515617370605
587,-1023.6680908203125,114.74813079833984,7.743032008875161,-1034.940185546875,110.75484466552734,11.95853042602539,-1032.558837890625,107.67135620117188,11.363368034362793,-1032.914794921875,107.635009765625,11.666105270385742
588,-1027.07763671875,115.1801986694336,12.928985001053661,-1034.940185546875,110.75484466552734,9.022385597229004,-1035.75,107.46897888183594,11.604860305786133,-1035.845947265625,107.1996841430664,11.856301307678223
589,-1030.489501953125,115.61255645751953,7.687297009397298,-1034.940185546875,110.75484466552734,6.588319301605225,-1035.43798828125,112.38494110107422,5.908046722412109,-1035.4415283203125,111.8952407836914,6.19201135635376
590,-1033.5946044921875,116.00604248046875,7.508367008995265,-1034.940185546875,110.75484466552734,5.4208550453186035,-1039.733642578125,112.10721588134766,7.272457599639893,-1039.6094970703125,111.67107391357422,7.414235591888428
591,-1036.8675537109375,116.4144058227539,7.1672769845463336,-1049.1644287109375,106.08574676513672,16.05908966064453,-1046.0302734375,112.24644470214844,10.066147804260254,-1046.595703125,111.60539245605469,10.851889610290527
592,-1040.1373291015625,116.8223648071289,7.070898020174354,-1049.1644287109375,106.08574676513672,14.027240753173828,-1046.269775390625,112.37527465820312,7.575190544128418,-1046.849609375,111.7373046875,8.420958518981934
593,-1043.4088134765625,117.23055267333984,7.354871020652354,-1053.8656005859375,110.87358093261719,12.237462997436523,-1051.2091064453125,112.47643280029297,9.13489055633545,-1051.6055908203125,112.14643096923828,9.645488739013672
594,-1046.894287109375,117.64918518066406,10.314459970686585,-1053.8656005859375,110.87358093261719,9.721524238586426,-1053.5562744140625,112.55157470703125,8.388545989990234,-1053.494873046875,112.34822845458984,8.465688705444336
595,-1050.0638427734375,118.0298843383789,7.667408033739775,-1053.8656005859375,110.87358093261719,8.103458404541016,-1055.83642578125,112.66378784179688,7.881478786468506,-1055.31201171875,112.47899627685547,7.6390862464904785
596,-1053.233154296875,118.4105453491211,7.487082039006054,-1053.8656005859375,110.87358093261719,7.563453197479248,-1056.22998046875,112.770751953125,6.386567115783691,-1055.69921875,112.61573028564453,6.297726154327393
597,-1056.390869140625,118.7763442993164,7.610829023178667,-1067.968994140625,125.23706817626953,13.258729934692383,-1063.7093505859375,113.64595794677734,8.93761920928955,-1063.80517578125,113.60446166992188,9.039928436279297
598,-1059.8594970703125,119.17814636230469,7.617171970196068,-1072.7305908203125,120.50859069824219,12.939672470092773,-1068.6890869140625,114.90437316894531,9.809525489807129,-1068.8177490234375,115.15791320800781,9.818989753723145
599,-1063.3231201171875,119.57939910888672,7.460673979949206,-1072.7305908203125,120.50859069824219,9.453248023986816,-1068.78662109375,118.38533020019531,5.59246301651001,-1068.92041015625,118.55152893066406,5.690885066986084
600,-1066.690185546875,119.97277069091797,7.421226997394115,-1072.7305908203125,120.50859069824219,6.064123630523682,-1072.9156494140625,118.47034454345703,6.404192924499512,-1072.90771484375,118.7797622680664,6.330950736999512
601,-1070.0577392578125,120.36619567871094,7.425356947351247,-1072.7305908203125,120.50859069824219,2.6766419410705566,-1076.9024658203125,118.84513854980469,7.011696815490723,-1076.8115234375,119.17862701416016,6.857398986816406
602,-1073.4232177734375,120.75938415527344,7.1890949620865285,-1072.7305908203125,120.50859069824219,0.7366338968276978,-1076.9415283203125,118.91299438476562,3.9733693599700928,-1076.8428955078125,119.22004699707031,3.7501673698425293
603,-1078.150390625,121.32188415527344,7.42183398688212,-1077.5223388671875,111.02196502685547,10.319049835205078,-1081.7294921875,118.49285888671875,4.562165260314941,-1081.642822265625,118.66506958007812,4.388136386871338
604,-1083.339599609375,121.93936920166016,7.301255012862384,-1091.656005859375,120.62727355957031,8.419276237487793,-1092.07275390625,118.34270477294922,9.444786071777344,-1092.1883544921875,118.55030822753906,9.475557327270508
605,-1086.4246826171875,122.29830932617188,7.191351964138448,-1091.656005859375,120.62727355957031,5.491730690002441,-1092.171630859375,118.34613037109375,6.974749565124512,-1092.305908203125,118.56361389160156,6.966833114624023
606,-1089.806396484375,122.69175720214844,7.37338000908494,-1091.656005859375,120.62727355957031,2.7718491554260254,-1096.3074951171875,118.91454315185547,7.518751621246338,-1096.1920166015625,119.1986312866211,7.278603553771973
607,-1093.194580078125,123.0859603881836,7.1785370237194,-1105.9105224609375,111.1999740600586,17.40608787536621,-1101.166748046875,118.90509796142578,9.001948356628418,-1101.1070556640625,119.12391662597656,8.849014282226562
608,-1096.380126953125,123.43822479248047,7.1206060238182545,-1105.9105224609375,111.1999740600586,15.51138973236084,-1101.2440185546875,123.06136322021484,4.878469944000244,-1101.2413330078125,123.35005950927734,4.862005710601807
609,-1099.8731689453125,123.82450103759766,7.287007989361882,-1110.641845703125,111.2296371459961,16.570907592773438,-1106.058837890625,122.77024841308594,6.274866580963135,-1106.1357421875,122.9979019165039,6.31688928604126
610,-1103.0599365234375,124.17689514160156,7.583157974295318,-1110.641845703125,111.2296371459961,15.003893852233887,-1110.1920166015625,123.17805480957031,7.201683521270752,-1110.164306640625,123.25738525390625,7.163628578186035
611,-1106.2470703125,124.5609130859375,7.48217198997736,-1110.641845703125,111.2296371459961,14.036985397338867,-1110.1815185546875,123.11165618896484,4.192878246307373,-1110.1566162109375,123.16010284423828,4.152928829193115
612,-1109.7498779296875,124.98295593261719,7.683634001296014,-1110.641845703125,111.2296371459961,13.782212257385254,-1113.912109375,122.49679565429688,4.848212718963623,-1113.6488037109375,122.5979995727539,4.570518493652344
613,-1112.945556640625,125.36801147460938,7.631307991687208,-1115.2220458984375,135.050048828125,9.946066856384277,-1117.54736328125,122.96746826171875,5.190301895141602,-1117.265625,123.00547790527344,4.9238762855529785
614,-1116.3902587890625,125.82833862304688,7.443945971317589,-1120.1044921875,111.28895568847656,15.006304740905762,-1122.48681640625,121.24181365966797,7.629169464111328,-1121.990234375,120.12767791748047,7.9910736083984375
615,-1119.86865234375,126.29315185546875,7.3766730492934585,-1120.1044921875,111.28895568847656,15.006049156188965,-1122.5701904296875,120.84588623046875,6.080379486083984,-1122.064697265625,119.52290344238281,7.117504596710205
616,-1123.0252685546875,126.71497344970703,7.619681011419743,-1124.8359375,111.31861114501953,15.502467155456543,-1129.234375,122.9017333984375,7.2865495681762695,-1129.2802734375,122.89677429199219,7.328282833099365
617,-1126.539306640625,127.19230651855469,7.703922979999334,-1138.8486328125,139.95648193359375,17.732561111450195,-1134.31201171875,128.27590942382812,7.847874641418457,-1134.2919921875,128.37835693359375,7.8428850173950195
618,-1129.741943359375,127.6273193359375,8.301453024614602,-1138.8486328125,139.95648193359375,15.327754020690918,-1134.523193359375,128.70675659179688,4.901585102081299,-1134.5589599609375,129.00506591796875,5.010173320770264
619,-1132.941650390625,128.0619354248047,7.5589760090224445,-1143.580078125,139.98614501953125,15.98007869720459,-1140.292724609375,128.7905731201172,7.387097358703613,-1140.555419921875,129.18934631347656,7.6967878341674805
620,-1136.119873046875,128.46043395996094,7.371150015387684,-1148.3114013671875,140.0157928466797,16.797609329223633,-1146.239990234375,129.81692504882812,10.210623741149902,-1146.45947265625,130.54473876953125,10.547589302062988
621,-1139.302490234375,128.85948181152344,7.344002020545304,-1148.3114013671875,140.0157928466797,14.339587211608887,-1146.254638671875,130.25543212890625,7.090912818908691,-1146.5003662109375,131.1978759765625,7.568190097808838
622,-1142.796630859375,129.29759216308594,7.091092993505299,-1153.1031494140625,130.5291290283203,10.379837036132812,-1150.4827880859375,128.6103973388672,7.716815948486328,-1150.89111328125,128.70115661621094,8.116426467895508
623,-1146.016357421875,129.68194580078125,6.982166960369796,-1153.1031494140625,130.5291290283203,7.1372504234313965,-1152.3885498046875,127.93356323242188,6.607698440551758,-1152.3751220703125,127.9908676147461,6.579789638519287
624,-1149.2388916015625,130.06666564941406,7.2226920165121555,-1153.1031494140625,130.5291290283203,3.8918325901031494,-1154.8626708984375,125.83798217773438,7.036239147186279,-1154.26318359375,125.90552520751953,6.523695468902588
625,-1152.774169921875,130.48870849609375,7.459274027496576,-1153.1031494140625,130.5291290283203,0.3314533531665802,-1154.603271484375,125.9591064453125,4.88496732711792,-1154.080078125,126.01318359375,4.662158489227295
626,-1157.5660400390625,130.9765625,7.517349033150822,-1157.9251708984375,116.28433227539062,14.696619033813477,-1160.7183837890625,121.1368408203125,10.33234691619873,-1160.6324462890625,119.39989471435547,11.975895881652832
627,-1162.83349609375,131.51284790039062,7.519453996792436,-1172.058837890625,125.88956451416016,10.804084777832031,-1171.78369140625,127.19398498535156,9.937734603881836,-1171.715087890625,126.08296966552734,10.409911155700684
628,-1166.059814453125,131.87962341308594,7.159907021559775,-1167.3275146484375,125.85992431640625,6.151734828948975,-1171.5687255859375,126.54861450195312,7.666013240814209,-1171.4515380859375,125.66592407226562,8.22683048248291
629,-1169.593994140625,132.28140258789062,6.991384958382696,-1172.058837890625,125.88956451416016,6.850624084472656,-1175.547119140625,127.61112213134766,7.566453456878662,-1175.287109375,126.50892639160156,8.10759162902832
630,-1172.8212890625,132.64830017089844,7.0279029896482825,-1186.2830810546875,121.22032928466797,17.65837860107422,-1181.5513916015625,126.52783966064453,10.661834716796875,-1181.31494140625,125.2197265625,11.283875465393066
631,-1176.306640625,133.05859375,7.01043097069487,-1186.2830810546875,121.22032928466797,15.481403350830078,-1181.236572265625,126.40805053710938,8.278523445129395,-1180.9140625,125.16015625,9.144049644470215
632,-1179.4820556640625,133.43240356445312,6.934418983291835,-1186.2830810546875,121.22032928466797,13.978151321411133,-1187.0809326171875,125.74301147460938,10.810627937316895,-1187.19384765625,124.23193359375,12.00501537322998
633,-1182.6558837890625,133.8060302734375,7.116794993635267,-1186.2830810546875,121.22032928466797,13.097954750061035,-1189.8043212890625,126.28007507324219,10.379796028137207,-1189.536865234375,124.59999084472656,11.493435859680176
634,-1185.9276123046875,134.1812286376953,7.436905987560749,-1191.014404296875,121.24996948242188,13.895788192749023,-1193.9202880859375,129.3443603515625,9.342278480529785,-1193.5203857421875,127.14078521728516,10.354615211486816
635,-1189.1968994140625,134.55615234375,7.261110993567854,-1191.014404296875,121.24996948242188,13.429737091064453,-1194.1595458984375,131.7306365966797,5.710639476776123,-1194.063232421875,131.22174072265625,5.899109840393066
636,-1192.4599609375,134.93035888671875,6.928770977538079,-1195.5948486328125,145.0703582763672,10.613533973693848,-1199.028076171875,135.56666564941406,6.598865509033203,-1198.8701171875,136.79092407226562,6.674714088439941
637,-1195.830322265625,135.3661651611328,6.966355023905635,-1205.0877685546875,140.37147521972656,10.523945808410645,-1203.490234375,138.9495086669922,8.45663070678711,-1203.4283447265625,139.21856689453125,8.518857955932617
638,-1198.9063720703125,135.763916015625,7.148164964746684,-1205.0877685546875,140.37147521972656,7.709686279296875,-1203.85791015625,139.13980102539062,5.992856502532959,-1203.8011474609375,139.3991241455078,6.097012996673584
639,-1202.2740478515625,136.19940185546875,7.3865269660018384,-1205.0877685546875,140.37147521972656,5.0322184562683105,-1209.7872314453125,139.31800842285156,8.13471794128418,-1209.575439453125,140.1478271484375,8.300625801086426
640,-1205.513671875,136.6173858642578,7.545055996160954,-1214.520263671875,145.1888885498047,12.433396339416504,-1214.6591796875,138.14202880859375,9.271722793579102,-1214.5654296875,139.1781005859375,9.40699577331543
641,-1209.05029296875,137.07369995117188,7.4407499632798135,-1214.5504150390625,140.43072509765625,6.443675994873047,-1216.2784423828125,137.77017211914062,7.261626243591309,-1215.94873046875,138.67721557617188,7.0823516845703125
642,-1212.2823486328125,137.49070739746094,7.4332439689897,-1214.520263671875,145.1888885498047,8.016873359680176,-1216.294921875,138.5223846435547,4.143078804016113,-1215.9366455078125,139.7122039794922,4.276556015014648
643,-1217.07568359375,138.0948028564453,7.276336022187024,-1219.2818603515625,140.46035766601562,3.234666347503662,-1220.847900390625,136.55868530273438,4.072993755340576,-1220.6552734375,136.8426055908203,3.7922897338867188
644,-1222.351806640625,138.75975036621094,7.02801498118788,-1224.0736083984375,130.9736785888672,7.974177837371826,-1225.711181640625,134.01113891601562,5.816761016845703,-1225.3297119140625,133.31167602539062,6.2088189125061035
645,-1225.7900390625,139.18380737304688,7.019859040156007,-1233.56640625,126.2747802734375,15.070330619812012,-1233.171142578125,132.7714080810547,9.77750301361084,-1233.1258544921875,132.27944946289062,10.073944091796875
646,-1228.926513671875,139.57064819335938,7.209487026557326,-1233.56640625,126.2747802734375,14.082212448120117,-1236.78271484375,131.34707641601562,11.37308406829834,-1236.584716796875,130.51841735839844,11.85710620880127
647,-1232.3702392578125,139.99539184570312,7.374998996965587,-1247.7303466796875,131.12179565429688,17.739042282104492,-1242.7022705078125,136.632080078125,10.865667343139648,-1242.3795166015625,135.5628662109375,10.946822166442871
648,-1235.4542236328125,140.3231964111328,7.308647967875004,-1238.267578125,131.0625457763672,9.67856502532959,-1242.2261962890625,135.96316528320312,8.054159164428711,-1241.9210205078125,135.09495544433594,8.315886497497559
649,-1238.84326171875,140.68341064453125,6.960007012821734,-1252.4315185546875,135.90956115722656,14.402442932128906,-1251.1669921875,138.44068908691406,12.526138305664062,-1251.4742431640625,136.74368286132812,13.2311429977417
650,-1242.215087890625,141.0417938232422,7.03671999508515,-1257.193115234375,131.1810302734375,17.932538986206055,-1254.6231689453125,139.15603637695312,12.550559997558594,-1254.5924072265625,137.3270721435547,12.922739028930664
651,-1245.4859619140625,141.40354919433594,7.169133983552456,-1257.193115234375,131.1810302734375,15.5421142578125,-1254.7508544921875,139.61099243164062,9.4367094039917,-1254.7332763671875,137.8015899658203,9.92405891418457
652,-1248.7310791015625,141.76246643066406,6.821134011261165,-1261.8641357421875,140.72694396972656,13.173818588256836,-1258.430908203125,141.5794677734375,9.701555252075195,-1258.73583984375,140.86886596679688,10.044589042663574
653,-1251.978271484375,142.12159729003906,7.671623025089502,-1266.5048828125,155.031005859375,19.433868408203125,-1263.582275390625,143.82994079589844,11.729081153869629,-1263.8592529296875,144.57823181152344,12.132302284240723
654,-1255.0576171875,142.5076904296875,6.713924987707287,-1271.236328125,155.06060791015625,20.477462768554688,-1268.124755859375,144.15896606445312,13.171059608459473,-1268.3349609375,144.85935974121094,13.48399829864502
655,-1258.449462890625,142.93296813964844,6.709402019623667,-1271.236328125,155.06060791015625,17.623380661010742,-1268.158203125,144.04408264160156,9.772113800048828,-1268.3662109375,144.71580505371094,10.075733184814453
656,-1261.833251953125,143.35723876953125,7.363937038462609,-1276.1185302734375,131.29946899414062,18.693822860717773,-1272.94970703125,141.86007690429688,11.21682071685791,-1273.2127685546875,140.97877502441406,11.6254243850708
657,-1264.9708251953125,143.75038146972656,7.363464974332601,-1280.849853515625,131.32907104492188,20.160171508789062,-1279.9388427734375,139.27667236328125,15.622279167175293,-1280.278564453125,138.52301025390625,16.175668716430664
658,-1268.41943359375,144.18252563476562,7.337760995142162,-1280.849853515625,131.32907104492188,17.880901336669922,-1279.80224609375,139.76194763183594,12.211057662963867,-1280.176025390625,139.10446166992188,12.806411743164062
659,-1271.8720703125,144.6151580810547,6.941238010767847,-1285.49072265625,145.6331329345703,13.656645774841309,-1284.125,143.4469757080078,12.308490753173828,-1284.3587646484375,143.37232971191406,12.548392295837402
660,-1275.4356689453125,145.05332946777344,7.006172032561153,-1290.1617431640625,155.1790313720703,17.87140464782715,-1287.5054931640625,149.01809692382812,12.704331398010254,-1287.7650146484375,149.54071044921875,13.120570182800293
661,-1278.6759033203125,145.45175170898438,6.759890005923808,-1290.1617431640625,155.1790313720703,15.051395416259766,-1289.897705078125,149.19692993164062,11.830265998840332,-1289.851318359375,150.00555419921875,12.067602157592773
662,-1281.9212646484375,145.85079956054688,6.727206986397505,-1290.1617431640625,155.1790313720703,12.446742057800293,-1289.83251953125,149.20651245117188,8.593530654907227,-1289.7977294921875,150.07333374023438,8.936918258666992
663,-1287.15234375,146.4442901611328,6.688182998914272,-1295.0137939453125,136.17604064941406,12.93210506439209,-1296.6396484375,147.90867614746094,9.599655151367188,-1296.377685546875,148.0759735107422,9.368528366088867
664,-1291.929443359375,146.9862518310547,6.7614520085044205,-1299.6546630859375,150.48008728027344,8.478555679321289,-1302.9305419921875,149.5743408203125,11.301432609558105,-1302.5322265625,150.37159729003906,11.130120277404785
665,-1295.079345703125,147.35333251953125,6.7289790022186935,-1299.6546630859375,150.48008728027344,5.5416717529296875,-1302.9276123046875,149.63369750976562,8.172842025756836,-1302.507568359375,150.50828552246094,8.070453643798828
666,-1298.24267578125,147.72198486328125,6.896161008626223,-1304.385986328125,150.5096893310547,6.746225833892822,-1307.7694091796875,149.2059783935547,9.641622543334961,-1307.35791015625,149.79705810546875,9.348444938659668
667,-1301.38623046875,148.08831787109375,6.844213989097625,-1309.0570068359375,160.0555877685547,14.214653015136719,-1311.522705078125,149.45034790039062,10.227572441101074,-1311.389892578125,150.22097778320312,10.22846508026123
668,-1303.9444580078125,148.41761779785156,7.011028006672859,-1309.0570068359375,160.0555877685547,12.711432456970215,-1311.6495361328125,149.69158935546875,7.809688568115234,-1311.5069580078125,150.76585388183594,7.91868782043457
669,-1306.722412109375,148.77520751953125,6.613389006815851,-1313.7884521484375,160.08518981933594,13.33583927154541,-1316.921875,150.48651123046875,10.34203052520752,-1316.605712890625,151.35333251953125,10.214027404785156
670,-1309.515380859375,149.1347198486328,6.593165046069771,-1313.7884521484375,160.08518981933594,11.754655838012695,-1316.99267578125,150.375732421875,7.579581260681152,-1316.6728515625,151.23001098632812,7.45785665512085
671,-1311.37646484375,149.42196655273438,6.690442969556898,-1328.13330078125,136.3832244873047,21.232059478759766,-1323.5169677734375,148.24305725097656,12.19760799407959,-1323.5693359375,147.80697631835938,12.299362182617188
672,-1313.2392578125,149.70947265625,6.695423042401671,-1318.519775390625,160.11477661132812,11.668513298034668,-1323.304443359375,148.600830078125,10.126057624816895,-1323.3372802734375,148.27053833007812,10.200028419494629
673,-1315.285400390625,150.02528381347656,7.08665803540498,-1332.8646240234375,136.41281127929688,22.23349952697754,-1328.48876953125,146.27938842773438,13.724456787109375,-1328.686279296875,145.18875122070312,14.246950149536133
674,-1316.1864013671875,150.5006103515625,7.535643992014229,-1332.8043212890625,145.92910766601562,17.235252380371094,-1327.4130859375,152.61962890625,11.424915313720703,-1327.3173828125,151.71173095703125,11.196676254272461
675,-1317.1728515625,151.02105712890625,7.624971040058881,-1332.8043212890625,145.92910766601562,16.43991470336914,-1327.69921875,152.17738342285156,10.589688301086426,-1327.7225341796875,150.90077209472656,10.550368309020996
676,-1318.155029296875,151.5392303466797,7.258441997691989,-1332.8043212890625,145.92910766601562,15.686785697937012,-1327.46484375,152.0953826904297,9.326411247253418,-1327.435791015625,150.94558715820312,9.299728393554688
677,-1318.270751953125,152.68544006347656,7.312323956284672,-1332.83447265625,141.17095947265625,18.56570053100586,-1327.5767822265625,151.52639770507812,9.3779296875,-1327.631103515625,149.98257446289062,9.742774963378906
678,-1318.3973388671875,153.93800354003906,7.649445964489132,-1332.8043212890625,145.92910766601562,16.48343276977539,-1331.4375,153.41004943847656,13.050844192504883,-1331.6651611328125,151.6441650390625,13.46465015411377
679,-1318.5125732421875,155.0791778564453,7.6967419590801,-1332.8043212890625,145.92910766601562,16.96990966796875,-1331.645751953125,153.11996459960938,13.278512001037598,-1331.98876953125,151.06326293945312,14.061843872070312
680,-1318.345703125,156.9526824951172,7.5036719790659845,-1332.8043212890625,145.92910766601562,18.18160629272461,-1331.183837890625,159.4417724609375,13.077204704284668,-1331.1435546875,160.73367309570312,13.344695091247559
681,-1318.178955078125,158.82598876953125,7.299708027858287,-1318.45947265625,169.63107299804688,10.808725357055664,-1328.001708984375,164.10601806640625,11.151914596557617,-1327.751953125,164.73086547851562,11.247659683227539
682,-1318.0120849609375,160.70082092285156,7.24266201723367,-1318.4293212890625,174.3892364501953,13.69477367401123,-1328.5321044921875,168.05642700195312,12.836501121520996,-1328.343017578125,168.5201873779297,12.956491470336914
683,-1317.7344970703125,164.33676147460938,6.972121016588062,-1308.966552734375,174.3300323486328,13.29444694519043,-1319.4146728515625,169.79876708984375,5.71458625793457,-1319.331787109375,169.88230895996094,5.770999431610107
684,-1317.429931640625,168.32620239257812,6.781301985029131,-1308.9364013671875,179.0881805419922,13.709858894348145,-1316.1260986328125,174.74966430664062,6.554452419281006,-1315.337890625,174.7665252685547,6.771587371826172
685,-1317.1402587890625,171.25146484375,6.703374034259468,-1308.9364013671875,179.0881805419922,11.345368385314941,-1316.2314453125,179.37020874023438,8.169451713562012,-1315.1920166015625,179.37649536132812,8.35534381866455
686,-1316.8477783203125,174.20419311523438,6.663418957032263,-1308.9364013671875,179.0881805419922,9.297484397888184,-1315.8719482421875,179.4111785888672,5.297635555267334,-1314.7218017578125,179.41842651367188,5.630986213684082
687,-1316.53125,177.39874267578125,6.703082995954901,-1308.8760986328125,188.6044921875,13.570930480957031,-1316.3328857421875,185.2520751953125,7.855837345123291,-1315.61669921875,185.60333251953125,8.255404472351074
688,-1316.0787353515625,180.78321838378906,6.838722969405353,-1308.8760986328125,188.6044921875,10.632511138916016,-1317.4765625,190.34957885742188,9.667945861816406,-1317.038330078125,190.61351013183594,9.8770170211792
689,-1315.6666259765625,183.8644256591797,6.71607896219939,-1308.8760986328125,188.6044921875,8.28127384185791,-1318.0166015625,190.2195587158203,6.775699138641357,-1317.645263671875,190.45880126953125,6.884823799133301
690,-1315.2138671875,187.25051879882812,6.673268973827362,-1327.7413330078125,198.23916625976562,16.66396713256836,-1320.72998046875,195.89202880859375,10.251985549926758,-1322.181640625,196.5004119873047,11.58060359954834
691,-1314.7470703125,190.73597717285156,6.630017014686018,-1327.7413330078125,198.23916625976562,15.004956245422363,-1322.13037109375,198.86827087402344,10.98395824432373,-1323.1744384765625,198.90306091308594,11.735492706298828
692,-1314.2811279296875,194.21517944335938,6.669727968983352,-1327.7413330078125,198.23916625976562,14.048829078674316,-1322.7550048828125,199.0894775390625,9.77575397491455,-1323.9462890625,199.10491943359375,10.831661224365234
693,-1313.8555908203125,197.3917236328125,7.029899978078902,-1327.7413330078125,198.23916625976562,13.911578178405762,-1322.4613037109375,202.7578582763672,10.141681671142578,-1323.156005859375,202.6337890625,10.675999641418457
694,-1313.488037109375,200.5451202392578,7.236389967147261,-1318.2181396484375,207.69627380371094,8.57396411895752,-1320.3438720703125,207.5106201171875,9.773467063903809,-1320.1414794921875,207.5070343017578,9.62998104095459
695,-1313.083740234375,204.0124969482422,7.224012981168926,-1318.2181396484375,207.69627380371094,6.3191986083984375,-1319.5474853515625,207.6536865234375,7.418777942657471,-1319.299072265625,207.63475036621094,7.193821907043457
696,-1312.68115234375,207.4661407470703,7.013903988990933,-1318.2181396484375,207.69627380371094,5.541767597198486,-1319.67333984375,211.14569091796875,7.901251316070557,-1319.702880859375,210.85406494140625,7.796326160430908
697,-1312.3173828125,210.70709228515625,6.731486995704472,-1318.127685546875,221.97071838378906,12.673945426940918,-1319.6788330078125,217.20806884765625,9.821081161499023,-1319.88134765625,217.28639221191406,10.025006294250488
698,-1311.955322265625,213.93289184570312,6.644820037763566,-1318.127685546875,221.97071838378906,10.134333610534668,-1318.3896484375,217.18841552734375,7.211032390594482,-1318.8111572265625,217.2679443359375,7.623978137969971
699,-1311.557861328125,217.4737548828125,6.6480900277383626,-1318.127685546875,221.97071838378906,7.96148681640625,-1315.92138671875,221.53848266601562,5.963418960571289,-1315.8658447265625,221.52627563476562,5.9145283699035645
700,-1311.2078857421875,220.6290740966797,6.655132980085909,-1313.3360595703125,231.45742797851562,11.035505294799805,-1313.47998046875,226.9823760986328,6.747359275817871,-1312.684814453125,227.20498657226562,6.739728927612305
701,-1310.824462890625,224.08761596679688,6.687977002002299,-1303.873291015625,231.3982391357422,10.087814331054688,-1309.4434814453125,227.18701171875,3.393134593963623,-1308.41357421875,227.39727783203125,4.094660758972168
702,-1310.475341796875,227.23648071289062,6.613845005631447,-1303.843017578125,236.15638732910156,11.115415573120117,-1306.9378662109375,233.06533813476562,6.818306922912598,-1306.0506591796875,233.43435668945312,7.615213871002197
703,-1309.9725341796875,231.8890838623047,6.763156037777662,-1303.8128662109375,240.91453552246094,10.927043914794922,-1306.2298583984375,237.7752227783203,6.975260257720947,-1305.3670654296875,238.11520385742188,7.744347095489502
704,-1309.515380859375,236.11976623535156,6.721633020788431,-1303.8128662109375,240.91453552246094,7.450401782989502,-1305.22412109375,240.52911376953125,6.152825355529785,-1304.74462890625,240.54183959960938,6.504983425140381
705,-1309.2618408203125,238.41241455078125,7.0508079952560365,-1303.8128662109375,240.91453552246094,5.995993137359619,-1305.6722412109375,240.48216247558594,4.143558979034424,-1305.0128173828125,240.4972381591797,4.732936382293701
706,-1309.0076904296875,240.71124267578125,7.20065098721534,-1303.8128662109375,240.91453552246094,5.198800563812256,-1305.2342529296875,243.19479370117188,4.51739501953125,-1304.6397705078125,242.93991088867188,4.903639793395996
707,-1308.72900390625,243.23309326171875,7.476433995179832,-1303.8128662109375,240.91453552246094,5.435450077056885,-1313.3404541015625,244.23846435546875,4.719771385192871,-1311.3212890625,244.01966857910156,2.7089929580688477
708,-1308.31494140625,244.74012756347656,7.163826026953757,-1303.78271484375,245.6726837158203,4.627173900604248,-1313.877197265625,249.398681640625,7.255399227142334,-1312.900390625,249.06808471679688,6.305359363555908
709,-1307.9373779296875,246.1139678955078,6.837411958258599,-1303.78271484375,245.6726837158203,4.178032875061035,-1315.740478515625,249.6708984375,8.575553894042969,-1316.659423828125,249.7584686279297,9.452855110168457
710,-1307.52392578125,247.61907958984375,6.757013965398073,-1303.78271484375,245.6726837158203,4.217240333557129,-1316.263916015625,250.00616455078125,9.060110092163086,-1317.315673828125,250.21237182617188,10.129338264465332
711,-1306.6920166015625,248.06166076660156,6.757890980225056,-1317.9166259765625,255.27777099609375,13.344066619873047,-1316.023193359375,249.6654052734375,9.467991828918457,-1317.327392578125,249.66650390625,10.755777359008789
712,-1305.861328125,248.50364685058594,6.805657991208136,-1303.78271484375,245.6726837158203,3.512119770050049,-1308.73486328125,248.7876739501953,2.887537956237793,-1307.2879638671875,248.01702880859375,1.5073442459106445
713,-1304.9503173828125,248.98831176757812,7.157142972573638,-1308.51416015625,245.70228576660156,4.847570896148682,-1311.740966796875,248.5721435546875,6.803390026092529,-1311.3033447265625,247.9252471923828,6.4413557052612305
714,-1303.3963623046875,248.9347686767578,7.084951037541032,-1299.0513916015625,245.64308166503906,5.451052665710449,-1304.67626953125,248.11773681640625,1.5184543132781982,-1303.02392578125,247.5179901123047,1.4649131298065186
715,-1301.979248046875,248.88595581054688,7.054841029457748,-1303.78271484375,245.6726837158203,3.6847808361053467,-1302.64892578125,248.57237243652344,0.7394611835479736,-1301.7828369140625,248.007568359375,0.9000788331031799
716,-1300.42626953125,248.83245849609375,7.18277896521613,-1303.78271484375,245.6726837158203,4.6097612380981445,-1305.5941162109375,248.51734924316406,5.177444934844971,-1304.637939453125,247.775146484375,4.342357635498047
717,-1298.364013671875,248.7283172607422,7.157473999541253,-1303.78271484375,245.6726837158203,6.220869541168213,-1303.5687255859375,247.91583251953125,5.267746925354004,-1303.10400390625,247.357421875,4.934254169464111
718,-1296.296875,248.62393188476562,7.108114019501954,-1303.78271484375,245.6726837158203,8.04659366607666,-1299.6337890625,247.9722137451172,3.39996075630188,-1300.175537109375,247.68409729003906,3.990903377532959
719,-1294.033203125,248.50962829589844,7.037636009044945,-1303.78271484375,245.6726837158203,10.153878211975098,-1298.33740234375,247.1160125732422,4.5241899490356445,-1299.1304931640625,247.35205078125,5.227078437805176
720,-1291.376953125,248.23370361328125,7.150529010687023,-1289.6790771484375,231.30943298339844,17.00922393798828,-1290.6328125,241.67135620117188,6.604403972625732,-1290.344970703125,240.70420837402344,7.599887371063232
721,-1288.4647216796875,247.93118286132812,7.586047984659672,-1280.21630859375,231.25022888183594,18.608882904052734,-1283.8875732421875,237.69625854492188,11.211777687072754,-1283.336669921875,235.81268310546875,13.158835411071777
722,-1285.781494140625,247.6524658203125,7.525896013248712,-1280.21630859375,231.25022888183594,17.320642471313477,-1284.13037109375,236.48519897460938,11.28866958618164,-1283.8521728515625,235.085693359375,12.714009284973145
723,-1281.015869140625,246.943603515625,7.533397991210222,-1280.21630859375,231.25022888183594,15.713729858398438,-1280.7528076171875,236.460205078125,10.486698150634766,-1280.8170166015625,235.0211181640625,11.92414379119873
724,-1276.2022705078125,246.2275848388672,7.416919048409909,-1280.21630859375,231.25022888183594,15.505924224853516,-1277.08642578125,233.36520385742188,12.892732620239258,-1277.591064453125,232.5092010498047,13.78850269317627
725,-1272.9423828125,245.7168731689453,7.252265000715852,-1270.7535400390625,231.19100952148438,14.689851760864258,-1271.4429931640625,234.4973907470703,11.319229125976562,-1271.8052978515625,233.265869140625,12.50281810760498
726,-1269.3646240234375,245.1563720703125,7.32457498088479,-1270.7535400390625,231.19100952148438,14.034259796142578,-1266.82421875,233.2831573486328,12.141946792602539,-1267.07080078125,231.428466796875,13.91822624206543
727,-1266.1123046875,244.6468505859375,7.449170981999487,-1270.7535400390625,231.19100952148438,14.23378849029541,-1267.3453369140625,235.48782348632812,9.241653442382812,-1267.8892822265625,233.8572998046875,10.934900283813477
728,-1262.7342529296875,244.1944580078125,7.517101999837905,-1261.290771484375,231.1317901611328,13.142180442810059,-1261.88134765625,233.92138671875,10.308416366577148,-1261.5606689453125,231.36253356933594,12.885479927062988
729,-1259.3560791015625,243.74205017089844,7.576926029287279,-1261.290771484375,231.1317901611328,12.75780963897705,-1257.6435546875,234.1116943359375,9.7814359664917,-1257.451904296875,231.32669067382812,12.560535430908203
730,-1255.9713134765625,243.2887420654297,7.568350003566593,-1251.858154296875,226.3144073486328,17.4655704498291,-1252.37841796875,231.98220825195312,11.863667488098145,-1252.31787109375,230.3555145263672,13.439345359802246
731,-1252.4781494140625,242.8521270751953,7.550930022262037,-1256.5894775390625,226.34402465820312,17.012361526489258,-1252.4349365234375,232.6660614013672,10.1861572265625,-1252.3868408203125,230.78594970703125,12.066522598266602
732,-1249.275390625,242.45179748535156,7.662872958462685,-1242.3953857421875,226.2551727294922,17.597305297851562,-1247.1856689453125,231.92697143554688,10.730279922485352,-1247.104736328125,230.83901977539062,11.813905715942383
733,-1246.0855712890625,242.0531005859375,7.422692026011646,-1242.425537109375,221.4970245361328,20.879369735717773,-1242.9798583984375,228.3904266357422,14.011213302612305,-1243.069091796875,227.81515502929688,14.553977012634277
734,-1242.6258544921875,241.62266540527344,7.1514659794047475,-1242.425537109375,221.4970245361328,20.126638412475586,-1237.902587890625,228.30062866210938,14.134564399719238,-1237.9776611328125,227.7816925048828,14.600624084472656
735,-1239.47900390625,241.2311553955078,7.153335027396679,-1242.425537109375,221.4970245361328,19.95289421081543,-1237.8885498046875,228.29835510253906,13.030228614807129,-1237.9544677734375,227.72959899902344,13.587355613708496
736,-1236.332763671875,240.8397216796875,7.247727015055716,-1228.201171875,226.16632080078125,16.77591896057129,-1231.85791015625,228.12879943847656,13.475602149963379,-1231.54150390625,227.5355224609375,14.140646934509277
737,-1233.1434326171875,240.44107055664062,7.165734947193414,-1228.201171875,226.16632080078125,15.10610580444336,-1228.4180908203125,227.30282592773438,13.962174415588379,-1228.3681640625,226.66668701171875,14.578642845153809
738,-1229.9393310546875,240.04058837890625,7.237115001771599,-1228.201171875,226.16632080078125,13.982721328735352,-1228.4151611328125,226.97702026367188,13.152182579040527,-1228.366455078125,226.38067626953125,13.750168800354004
739,-1226.447021484375,239.60406494140625,7.553005998488516,-1228.201171875,226.16632080078125,13.551753044128418,-1225.2701416015625,226.6929473876953,12.964644432067871,-1225.5888671875,226.07327270507812,13.557977676391602
740,-1223.0186767578125,239.1536407470703,7.5725020142272115,-1223.4697265625,226.13668823242188,13.024765014648438,-1219.748291015625,228.65924072265625,10.992172241210938,-1220.253662109375,227.43655395507812,12.038912773132324
741,-1219.8787841796875,238.74110412597656,7.527515001129359,-1218.7685546875,221.34890747070312,17.427595138549805,-1214.206787109375,231.71151733398438,9.032532691955566,-1214.60107421875,230.31497192382812,9.94253158569336
742,-1216.448974609375,238.29049682617188,7.348286977503449,-1218.7685546875,221.34890747070312,17.099647521972656,-1214.167236328125,230.83944702148438,7.792590618133545,-1214.5689697265625,229.26116943359375,9.222970008850098
743,-1213.281494140625,237.8629608154297,7.303040008991957,-1213.976806640625,230.83558654785156,7.0616888999938965,-1209.3951416015625,228.0560302734375,10.54891586303711,-1209.4390869140625,227.67694091796875,10.88664722442627
744,-1209.8184814453125,237.39552307128906,7.207341026514769,-1199.8128662109375,225.98855590820312,15.173372268676758,-1204.5618896484375,228.27206420898438,10.529447555541992,-1204.52099609375,227.61160278320312,11.126026153564453
745,-1206.634765625,236.96580505371094,7.113523024599999,-1204.574462890625,221.26002502441406,15.840339660644531,-1199.831298828125,227.75021362304688,11.454879760742188,-1199.9169921875,227.04563903808594,11.980741500854492
746,-1203.2822265625,236.51808166503906,7.268346031196415,-1204.574462890625,221.26002502441406,15.3126802444458,-1199.861572265625,228.159912109375,9.031050682067871,-1199.92431640625,227.58929443359375,9.539329528808594
747,-1200.229736328125,236.11044311523438,7.550678972620517,-1190.2593994140625,240.2037353515625,10.777877807617188,-1194.787109375,229.21450805664062,8.784993171691895,-1194.7872314453125,228.7787322998047,9.130982398986816
748,-1196.8819580078125,235.66336059570312,7.617914001457393,-1185.61865234375,225.89964294433594,14.906113624572754,-1189.545654296875,228.37451171875,10.341598510742188,-1189.231689453125,227.71946716308594,11.028692245483398
749,-1192.1932373046875,235.04371643066406,7.461063971277326,-1185.61865234375,225.89964294433594,11.262292861938477,-1185.441162109375,228.4425506591797,9.442770004272461,-1185.4169921875,227.27584838867188,10.308116912841797
750,-1187.02685546875,234.36093139648438,7.415780972223729,-1185.61865234375,225.89964294433594,8.577670097351074,-1181.255859375,227.43386840820312,9.016018867492676,-1181.689453125,226.19580078125,9.75485610961914
751,-1183.5159912109375,233.8721923828125,7.294931972865015,-1171.4547119140625,221.05258178710938,17.60161590576172,-1173.2176513671875,225.27960205078125,13.412248611450195,-1172.55419921875,223.99037170410156,14.758430480957031
752,-1180.3145751953125,233.42657470703125,7.294823997654021,-1171.4547119140625,221.05258178710938,15.218832969665527,-1172.8917236328125,224.70431518554688,11.453232765197754,-1172.3236083984375,223.50714111328125,12.737767219543457
753,-1177.110595703125,232.98056030273438,7.919327006675303,-1166.662841796875,230.5392303466797,10.729196548461914,-1168.571533203125,223.3621063232422,12.861968994140625,-1168.3681640625,223.7396697998047,12.721013069152832
754,-1173.68408203125,232.5596160888672,7.368022983428091,-1166.662841796875,230.5392303466797,7.306146144866943,-1167.2137451171875,224.039306640625,10.698641777038574,-1167.355224609375,224.39462280273438,10.330612182617188
755,-1170.2581787109375,232.13873291015625,7.42421398172155,-1166.662841796875,230.5392303466797,3.9350802898406982,-1164.38134765625,224.9082489013672,9.317566871643066,-1164.8822021484375,225.34609985351562,8.662619590759277
756,-1167.1431884765625,231.75604248046875,7.263951993081719,-1166.662841796875,230.5392303466797,1.3081914186477661,-1164.7318115234375,225.269775390625,6.920000076293945,-1165.2188720703125,225.91229248046875,6.152431011199951
757,-1163.7342529296875,231.33509826660156,7.205315981991589,-1161.991943359375,220.9932861328125,10.487550735473633,-1157.431396484375,223.86074829101562,9.777111053466797,-1157.3536376953125,223.73886108398438,9.92043685913086
758,-1160.6282958984375,230.95155334472656,7.131571997888386,-1147.7373046875,230.420654296875,12.9019193649292,-1151.2813720703125,223.8215789794922,11.755913734436035,-1151.1661376953125,223.72808837890625,11.9042387008667
759,-1157.226806640625,230.5315399169922,7.253235031384975,-1147.7373046875,230.420654296875,9.49014949798584,-1147.87646484375,223.278564453125,11.833619117736816,-1147.998046875,222.9253387451172,11.959277153015137
760,-1153.9388427734375,230.0895538330078,7.42590002482757,-1147.7373046875,230.420654296875,6.2103705406188965,-1147.943359375,224.24813842773438,8.370660781860352,-1148.078369140625,224.46920776367188,8.119940757751465
761,-1150.658203125,229.64859008789062,7.442082976922393,-1147.7373046875,230.420654296875,3.0212135314941406,-1144.423828125,225.60980224609375,7.428272724151611,-1144.6939697265625,226.106689453125,6.936651706695557
762,-1147.371826171875,229.2068328857422,7.583137019537389,-1142.9757080078125,235.14915466308594,7.391687393188477,-1139.17626953125,226.03579711914062,8.787639617919922,-1139.4500732421875,226.7027130126953,8.30811595916748
763,-1143.99365234375,228.74940490722656,7.6524349860847,-1138.2745361328125,230.36135864257812,5.941943168640137,-1139.380859375,226.00625610351562,5.366816997528076,-1139.6630859375,226.62985229492188,4.821442604064941
764,-1140.892578125,228.32948303222656,7.6433419599197805,-1128.9024658203125,216.027587890625,17.178457260131836,-1133.752197265625,225.03167724609375,7.865148544311523,-1133.959716796875,225.48947143554688,7.492011547088623
765,-1137.506591796875,227.87100219726562,7.560817990452051,-1128.9024658203125,216.027587890625,14.638901710510254,-1128.4560546875,222.1378173828125,10.713619232177734,-1128.3450927734375,220.48233032226562,11.76968765258789
766,-1134.2083740234375,227.43319702148438,7.318288960959762,-1128.9024658203125,216.027587890625,12.579371452331543,-1125.253662109375,219.5602264404297,11.923528671264648,-1125.702392578125,217.92422485351562,12.758223533630371
767,-1130.9107666015625,226.9954833984375,7.535059005022049,-1128.9024658203125,216.027587890625,11.150246620178223,-1125.792236328125,220.69439697265625,8.11806869506836,-1126.2596435546875,219.29908752441406,8.992633819580078
768,-1127.6107177734375,226.55743408203125,7.73383496562019,-1124.1710205078125,215.99794006347656,11.10560417175293,-1121.52734375,216.46722412109375,11.782180786132812,-1121.8509521484375,215.40036010742188,12.556081771850586
769,-1124.068115234375,226.0994110107422,7.595636998303235,-1109.9769287109375,215.90896606445312,17.38984489440918,-1113.856201171875,216.22024536132812,14.208486557006836,-1113.42529296875,215.00843811035156,15.371380805969238
770,-1120.8477783203125,225.6830596923828,7.439415028784424,-1109.9769287109375,215.90896606445312,14.618764877319336,-1109.2613525390625,214.16526794433594,16.337221145629883,-1109.231201171875,213.36862182617188,16.928977966308594
771,-1117.6229248046875,225.26612854003906,7.2027030400931835,-1109.9769287109375,215.90896606445312,12.083780288696289,-1109.0909423828125,214.46673583984375,13.763051986694336,-1109.0419921875,213.5359649658203,14.533724784851074
772,-1114.1829833984375,224.83421325683594,7.196655031293631,-1105.305908203125,206.3629913330078,20.493619918823242,-1106.385009765625,213.52572631835938,13.736457824707031,-1106.382568359375,212.23983764648438,14.814343452453613
773,-1111.0517578125,224.44105529785156,7.237697020173073,-1105.305908203125,206.3629913330078,18.96921730041504,-1101.626953125,211.05023193359375,16.37501335144043,-1101.7401123046875,210.27540588378906,16.95206069946289
774,-1107.6044921875,224.00820922851562,7.0982599863782525,-1091.11181640625,206.2740020751953,24.217979431152344,-1094.93896484375,209.69677734375,19.111061096191406,-1094.76416015625,209.4525604248047,19.409818649291992
775,-1102.8763427734375,223.40843200683594,7.0423700381070375,-1086.3502197265625,211.0024871826172,20.664466857910156,-1090.8525390625,209.727783203125,18.213510513305664,-1090.7901611328125,209.4975128173828,18.427953720092773
776,-1097.6881103515625,222.75030517578125,7.205981004517525,-1081.6490478515625,206.21466064453125,23.03647232055664,-1085.9508056640625,209.85391235351562,17.437925338745117,-1085.970947265625,209.42669677734375,17.74289894104004
777,-1094.186767578125,222.27764892578125,7.285880972631276,-1086.3502197265625,211.0024871826172,13.731014251708984,-1086.176513671875,209.83184814453125,14.800747871398926,-1086.2255859375,209.5067138671875,15.04916000366211
778,-1090.988037109375,221.8458709716797,7.392693019937724,-1076.887451171875,210.94314575195312,17.824026107788086,-1078.8277587890625,211.87823486328125,15.72342586517334,-1078.5137939453125,210.95977783203125,16.556381225585938
779,-1087.792236328125,221.4144744873047,7.40217202110216,-1072.156005859375,210.91346740722656,18.83514976501465,-1075.0445556640625,212.90402221679688,15.32746410369873,-1075.0032958984375,211.59967041015625,16.121023178100586
780,-1084.2808837890625,220.9576873779297,7.118085981346667,-1076.887451171875,210.94314575195312,12.448047637939453,-1073.3597412109375,213.52154541015625,13.21240234375,-1073.730224609375,211.9382781982422,13.880422592163086
781,-1081.0731201171875,220.5404052734375,7.151138968765736,-1076.887451171875,210.94314575195312,10.470301628112793,-1073.0260009765625,213.5037384033203,10.689752578735352,-1073.34130859375,211.943359375,11.562443733215332
782,-1077.86572265625,220.12315368652344,7.188967021647841,-1072.156005859375,210.91346740722656,10.836013793945312,-1069.71875,213.68670654296875,10.382726669311523,-1070.068359375,211.99374389648438,11.264376640319824
783,-1074.579833984375,219.7078857421875,7.214139972347766,-1067.4246826171875,210.8837890625,11.360496520996094,-1065.33251953125,213.95407104492188,10.891244888305664,-1065.66015625,212.31053161621094,11.58798885345459
784,-1071.2928466796875,219.29248046875,7.544837018940598,-1067.4246826171875,210.8837890625,9.255743026733398,-1065.4794921875,215.2188720703125,7.098547458648682,-1065.78125,213.34524536132812,8.108470916748047
785,-1068.00048828125,218.8763885498047,7.556626980658621,-1057.9619140625,210.82444763183594,12.868827819824219,-1059.26513671875,213.16738891601562,10.435470581054688,-1059.219970703125,211.7119903564453,11.332523345947266
786,-1064.617431640625,218.43783569335938,7.551614020485431,-1057.9619140625,210.82444763183594,10.112348556518555,-1055.935302734375,210.209716796875,11.96165943145752,-1056.40869140625,210.33154296875,11.536698341369629
787,-1061.5162353515625,218.03582763671875,7.415540982037783,-1057.9619140625,210.82444763183594,8.039726257324219,-1055.6103515625,210.25567626953125,9.767815589904785,-1056.0926513671875,210.41036987304688,9.357502937316895
788,-1058.125,217.59620666503906,7.345293997786939,-1043.7979736328125,205.9772491455078,18.44624137878418,-1047.9891357421875,211.04066467285156,12.071076393127441,-1048.1617431640625,210.5456085205078,12.2056303024292
789,-1054.9334716796875,217.15821838378906,6.911551987286657,-1039.0968017578125,201.1894073486328,22.49006462097168,-1041.7371826171875,212.452392578125,14.01024055480957,-1041.61962890625,211.95916748046875,14.292954444885254
790,-1051.4322509765625,216.67770385742188,6.990858004428446,-1034.2142333984375,224.9504852294922,19.102331161499023,-1037.5833740234375,213.62777709960938,14.180742263793945,-1037.454345703125,213.70343017578125,14.290841102600098
791,-1048.2291259765625,216.2381134033203,6.872824975289404,-1034.2142333984375,224.9504852294922,16.502201080322266,-1037.36669921875,214.1892547607422,11.053964614868164,-1037.18115234375,214.73126220703125,11.150260925292969
792,-1045.0203857421875,215.787841796875,6.858103035483509,-1034.2142333984375,224.9504852294922,14.167814254760742,-1033.9534912109375,213.4789276123047,11.30518627166748,-1033.85986328125,213.73873901367188,11.347073554992676
793,-1041.8194580078125,215.33868408203125,6.81475002784282,-1034.2142333984375,224.9504852294922,12.256678581237793,-1031.601806640625,214.18283081054688,10.282820701599121,-1031.7293701171875,214.49195861816406,10.125553131103516
794,-1038.312744140625,214.84661865234375,6.80700596421957,-1034.2142333984375,224.9504852294922,10.903481483459473,-1031.8568115234375,214.02963256835938,6.507421016693115,-1031.9737548828125,214.1869354248047,6.373222351074219
795,-1035.0870361328125,214.4287109375,6.788939004763961,-1029.573486328125,210.64634704589844,6.686217784881592,-1027.752685546875,212.22463989257812,7.658369541168213,-1028.0877685546875,211.50567626953125,7.585108757019043
796,-1031.5635986328125,213.9722442626953,6.742943020071834,-1024.8421630859375,210.6166534423828,7.512502193450928,-1020.5514526367188,211.69512939453125,11.24511432647705,-1020.7947998046875,210.64654541015625,11.270638465881348
797,-1028.3453369140625,213.55531311035156,6.806741002947092,-1024.8421630859375,210.6166534423828,4.572520732879639,-1020.3306884765625,212.46060180664062,8.089065551757812,-1020.5147094726562,211.6033172607422,8.070255279541016
798,-1023.3436279296875,212.92471313476562,6.767505023162812,-1015.37939453125,210.55728149414062,8.30865478515625,-1016.1884155273438,212.95443725585938,7.155274391174316,-1016.3106689453125,212.27865600585938,7.062570571899414
799,-1018.3677978515625,212.29739379882812,6.819052039645612,-1001.2155151367188,205.7100372314453,18.373733520507812,-1005.1021728515625,209.84632873535156,13.490163803100586,-1004.8095092773438,208.57078552246094,14.06110954284668
800,-1015.2728881835938,211.9093475341797,6.981968006584793,-1001.2155151367188,205.7100372314453,15.363632202148438,-1004.9041748046875,209.54396057128906,10.635096549987793,-1004.559814453125,208.19534301757812,11.338597297668457
801,-1011.8992919921875,211.48635864257812,7.011976034846157,-996.484130859375,205.6803436279297,16.47231101989746,-1000.9533081054688,208.3232421875,11.393852233886719,-1000.8883666992188,207.16513061523438,11.828502655029297
802,-1008.5127563476562,211.06175231933594,6.927433016244322,-991.7527465820312,205.65065002441406,17.61186981201172,-996.3326416015625,209.06326293945312,12.342979431152344,-996.2294311523438,207.61465454101562,12.757843017578125
803,-1005.0172729492188,210.60516357421875,7.06342002376914,-991.7527465820312,205.65065002441406,14.159621238708496,-996.0764770507812,210.00631713867188,8.96082878112793,-995.9472045898438,208.61026000976562,9.286860466003418
804,-1001.8306274414062,210.18890380859375,7.257322024088353,-991.7527465820312,205.65065002441406,11.052576065063477,-992.3298950195312,208.29959106445312,9.68676471710205,-992.3199462890625,206.86187744140625,10.075820922851562
805,-998.6270751953125,209.77044677734375,7.402320043183863,-991.7527465820312,205.65065002441406,8.014307022094727,-986.4456787109375,208.57345581054688,12.240065574645996,-986.2177734375,207.41860961914062,12.63019847869873
806,-995.1105346679688,209.3169403076172,7.426468946505338,-991.7527465820312,205.65065002441406,4.971561908721924,-986.3841552734375,206.0336456298828,9.323610305786133,-986.2885131835938,205.78753662109375,9.501829147338867
807,-991.9036254882812,208.9033660888672,7.3529009823687375,-977.55859375,205.56153869628906,14.729146003723145,-980.585693359375,206.13807678222656,11.650854110717773,-980.3291625976562,206.0455322265625,11.9220552444458
808,-988.7005615234375,208.4902801513672,7.021651021204889,-972.8272094726562,205.53182983398438,16.14669418334961,-977.0023193359375,206.7705078125,11.823979377746582,-976.7958984375,206.47007751464844,12.074859619140625
809,-985.6278076171875,208.08291625976562,7.076954992953688,-972.8272094726562,205.53182983398438,13.052331924438477,-976.682373046875,206.383056640625,9.105510711669922,-976.4524536132812,206.12860107421875,9.381175994873047
810,-982.2459106445312,207.6345672607422,7.050054031424224,-972.8272094726562,205.53182983398438,9.650566101074219,-973.171142578125,206.8743133544922,9.106558799743652,-973.41259765625,206.34805297851562,8.926507949829102
811,-978.8761596679688,207.18783569335938,7.014404982328415,-972.8272094726562,205.53182983398438,6.271535396575928,-969.8350219726562,208.20843505859375,9.098560333251953,-970.1481323242188,207.56600952148438,8.73621654510498
812,-975.357177734375,206.7058868408203,6.841020018327981,-972.8272094726562,205.53182983398438,2.7891125679016113,-969.8084716796875,207.92091369628906,5.680178642272949,-970.1322631835938,207.26185607910156,5.254410743713379
813,-972.1574096679688,206.26766967773438,6.812276027631015,-968.0958251953125,205.5021209716797,4.133101940155029,-966.286865234375,208.01170349121094,6.1241278648376465,-966.7183227539062,207.21099853515625,5.520284175872803
814,-968.9598388671875,205.82974243164062,6.81185198482126,-963.3644409179688,205.472412109375,5.6067962646484375,-959.9911499023438,207.4317169189453,9.110636711120605,-960.3626098632812,206.76565551757812,8.648021697998047
815,-965.7357788085938,205.41290283203125,6.964593951124698,-963.3644409179688,205.472412109375,2.372084379196167,-961.2069091796875,208.31625366210938,5.379601001739502,-961.6300048828125,207.71482849121094,4.7070417404174805
816,-962.515869140625,204.99661254882812,7.02504301443696,-958.663330078125,200.68455505371094,5.782378196716309,-953.6284790039062,206.06578063964844,8.951470375061035,-953.2012329101562,205.00181579589844,9.314638137817383
817,-958.9720458984375,204.53843688964844,7.518156024161726,-949.2005615234375,200.62513732910156,10.525959014892578,-948.3218383789062,203.76580810546875,10.67819595336914,-948.2247314453125,203.00157165527344,10.856643676757812
818,-955.5660400390625,204.06813049316406,7.696391956415027,-949.2005615234375,200.62513732910156,7.236955165863037,-948.32177734375,204.6275177001953,7.2658281326293945,-948.235595703125,203.97415161132812,7.3310465812683105
819,-952.4555053710938,203.63864135742188,7.542710984125733,-949.2005615234375,200.62513732910156,4.43574857711792,-946.1698608398438,203.97357177734375,6.294561386108398,-946.463134765625,202.98841857910156,6.0275444984436035
820,-949.0557250976562,203.16920471191406,7.401745009701699,-944.4691772460938,200.5954132080078,5.2593560218811035,-941.4683227539062,203.948974609375,7.627366065979004,-941.78857421875,203.1689910888672,7.26715087890625
821,-944.3060913085938,202.5406951904297,6.991240021307021,-939.70751953125,205.3238525390625,5.375204563140869,-937.181640625,205.54869079589844,7.733423233032227,-937.3291625976562,204.84848022460938,7.348701000213623
822,-939.1292114257812,201.8556365966797,6.993693998083472,-935.0669555664062,191.01968383789062,11.572372436523438,-933.0789794921875,197.3091583251953,7.568075656890869,-933.454345703125,195.96011352539062,8.182988166809082
823,-935.9391479492188,201.4608917236328,7.185255992226303,-935.0669555664062,191.01968383789062,10.47757339477539,-933.2383422851562,197.87242126464844,4.491266250610352,-933.645263671875,196.87124633789062,5.130959987640381
824,-932.447021484375,201.02877807617188,7.522036961745471,-930.3355712890625,190.98995971679688,10.258464813232422,-927.9752197265625,198.16749572753906,5.3088555335998535,-928.3639526367188,196.3363037109375,6.220190048217773
825,-929.2332763671875,200.63111877441406,7.591476023662835,-925.6041870117188,190.96023559570312,10.329388618469238,-922.9131469726562,195.89678955078125,7.896702289581299,-923.1381225585938,193.2812042236328,9.548410415649414
826,-925.8334350585938,200.18838500976562,7.480691012460738,-920.872802734375,190.93051147460938,10.50314712524414,-922.6002807617188,194.9702606201172,6.138575553894043,-922.7626342773438,192.60430908203125,8.182177543640137
827,-922.427490234375,199.74485778808594,7.246843015309423,-920.872802734375,190.93051147460938,8.95040512084961,-918.1735229492188,195.2516632080078,6.187489986419678,-918.5492553710938,192.35589599609375,8.344905853271484
828,-919.3170166015625,199.33981323242188,7.135075982660055,-911.4100341796875,190.87106323242188,11.586202621459961,-911.2503662109375,195.093017578125,9.116255760192871,-911.2689208984375,192.30685424804688,10.688047409057617
829,-915.7903442382812,198.8750457763672,7.007395965047181,-911.4100341796875,190.87106323242188,9.124190330505371,-911.4390869140625,194.35397338867188,6.274833679199219,-911.5076293945312,191.966064453125,8.128694534301758
830,-912.5764770507812,198.4514923095703,6.977575016207993,-911.4100341796875,190.87106323242188,7.669647693634033,-907.9613037109375,195.1744384765625,5.660292148590088,-908.4927978515625,192.4039306640625,7.2972211837768555
831,-909.349609375,198.0262451171875,7.12859199848026,-906.6786499023438,190.84133911132812,7.665305137634277,-902.4053955078125,199.75729370117188,7.15671968460083,-902.4609375,197.46873474121094,6.911195278167725
832,-905.9432373046875,197.57745361328125,7.312923960853368,-906.6786499023438,190.84133911132812,6.776139736175537,-902.4385986328125,199.30307006835938,3.9064362049102783,-902.5323486328125,196.62564086914062,3.5412018299102783
833,-902.5552978515625,197.13108825683594,6.692542985547334,-901.947265625,190.81161499023438,6.34865665435791,-897.1422119140625,201.40684509277344,6.8980865478515625,-896.9953002929688,200.7569122314453,6.637783527374268
834,-899.4639282226562,196.7238006591797,6.794871995225549,-887.6622314453125,204.9968719482422,14.412625312805176,-891.725341796875,202.631591796875,9.735898971557617,-891.618408203125,202.4968719482422,9.7406644821167
835,-896.0448608398438,196.2862548828125,6.96314504602924,-892.5148315429688,185.99400329589844,10.88078784942627,-892.5363159179688,190.28106689453125,6.955010414123535,-892.6489868164062,187.9907989501953,8.963624000549316
836,-892.9456176757812,195.88961791992188,7.08936300361529,-892.5148315429688,185.99400329589844,9.904986381530762,-889.0376586914062,191.03883361816406,6.229145050048828,-889.487060546875,188.3080596923828,8.333165168762207
837,-889.547607421875,195.4547576904297,6.877352017909288,-892.5148315429688,185.99400329589844,9.915154457092285,-888.9813232421875,190.59156799316406,4.896048545837402,-889.3804321289062,188.12582397460938,7.330840110778809
838,-884.8340454101562,194.8502960205078,7.0843970170244575,-887.783447265625,185.96426391601562,9.362720489501953,-883.6594848632812,192.08148193359375,3.0076441764831543,-883.7472534179688,189.75274658203125,5.212113380432129
839,-879.6517333984375,194.1857147216797,7.0625049993395805,-873.5892944335938,185.87506103515625,10.286890983581543,-876.8348388671875,194.3300018310547,2.820587396621704,-876.6187133789062,192.52920532226562,3.4558982849121094
840,-876.2372436523438,193.7534637451172,7.102328003384173,-868.85791015625,185.84532165527344,10.8163423538208,-872.40283203125,194.29226684570312,3.872082233428955,-872.195068359375,193.12734985351562,4.090379238128662
841,-872.8424072265625,193.32371520996094,7.400799018796533,-868.85791015625,185.84532165527344,8.473640441894531,-869.3619384765625,194.47662353515625,3.6664507389068604,-869.414794921875,192.77655029296875,3.47101092338562
842,-869.7149658203125,192.9278106689453,8.126371016260237,-868.85791015625,185.84532165527344,7.134156703948975,-869.48876953125,195.48464965820312,2.5668249130249023,-869.5227661132812,194.39857482910156,1.4832693338394165
843,-866.3060302734375,192.45855712890625,7.4105249950662255,-868.85791015625,185.84532165527344,7.088510036468506,-866.4204711914062,194.95101928710938,2.4950881004333496,-866.8555297851562,193.78598022460938,1.4366633892059326
844,-863.181396484375,192.0284423828125,6.832036015111953,-854.694091796875,180.99794006347656,13.917841911315918,-855.3466796875,186.96487426757812,9.328585624694824,-855.0826416015625,185.46871948242188,10.42208194732666
845,-859.7680053710938,191.55857849121094,6.883749971166253,-854.663818359375,185.756103515625,7.727964878082275,-855.5657958984375,187.9217987060547,5.557403087615967,-855.1927490234375,186.3908233642578,6.902076721191406
846,-856.57373046875,191.12693786621094,7.3507780325599015,-849.9324340820312,185.72634887695312,8.559975624084473,-852.3209228515625,188.48495483398438,5.006640434265137,-852.2620239257812,187.06863403320312,5.921202659606934
847,-853.3815307617188,190.69558715820312,7.287922024261206,-845.2313232421875,180.93844604492188,12.713287353515625,-847.94189453125,189.11947631835938,5.663370609283447,-847.8265380859375,187.7921142578125,6.268022060394287
848,-849.8823852539062,190.22274780273438,7.357470982242376,-845.2313232421875,180.93844604492188,10.384153366088867,-847.6080322265625,189.6588134765625,2.3432250022888184,-847.45654296875,188.43362426757812,3.0142452716827393
849,-846.4835815429688,189.77587890625,7.4228920275345445,-840.4999389648438,180.90870666503906,10.697229385375977,-843.7991333007812,190.52622985839844,2.787344455718994,-843.7428588867188,189.97891235351562,2.74823260307312
850,-843.3818359375,189.36807250976562,7.521459017880261,-840.4999389648438,180.90870666503906,8.936788558959961,-840.0879516601562,190.82064819335938,3.5999512672424316,-839.8464965820312,190.8092041015625,3.8177855014801025
851,-839.9762573242188,188.92030334472656,7.428797020111233,-845.2313232421875,180.93844604492188,9.556450843811035,-840.236328125,191.07049560546875,2.165863275527954,-839.9663696289062,191.03683471679688,2.1165544986724854
852,-836.5715942382812,188.47695922851562,7.302080048248172,-830.9765625,190.36550903320312,5.905167579650879,-834.8014526367188,193.129638671875,4.978034496307373,-834.41259765625,193.65325927734375,5.608506679534912
853,-833.4663696289062,188.0725860595703,6.969429960008711,-830.9765625,190.36550903320312,3.384765148162842,-831.4279174804688,189.5902862548828,2.5413975715637207,-831.5604858398438,190.84283447265625,3.362539052963257
854,-830.0599365234375,187.62899780273438,6.735592032782733,-830.9765625,190.36550903320312,2.8859481811523438,-831.2008056640625,189.09933471679688,1.8610408306121826,-831.305419921875,190.21340942382812,2.8688695430755615
855,-825.2949829101562,187.01763916015625,6.673372990917414,-821.6047973632812,176.0315399169922,11.589298248291016,-826.0660400390625,187.8668670654297,1.1470471620559692,-826.25732421875,188.76051330566406,1.990907073020935
856,-820.0823364257812,186.3488311767578,7.207937014754862,-816.8734130859375,176.0017852783203,10.83321475982666,-820.3303833007812,185.9032440185547,0.5099756121635437,-820.331787109375,185.11659240722656,1.2572343349456787
857,-816.8784790039062,185.9428253173828,7.122971990611404,-816.8734130859375,176.0017852783203,9.941040992736816,-816.8953247070312,185.81167602539062,0.13222675025463104,-816.9282836914062,184.8826904296875,1.0613040924072266
858,-813.6657104492188,185.53570556640625,7.127739023417234,-816.8734130859375,176.0017852783203,10.059075355529785,-813.45361328125,187.276611328125,1.7537782192230225,-813.65673828125,187.49818420410156,1.9624991416931152
859,-810.1558227539062,185.09091186523438,7.240689999889582,-816.8734130859375,176.0017852783203,11.30213451385498,-813.54541015625,186.94085693359375,3.861553907394409,-813.7508544921875,186.6581268310547,3.9217872619628906
860,-806.9735717773438,184.68875122070312,7.420709007419646,-812.1420288085938,175.97203063964844,10.13381290435791,-809.0322265625,187.0614471435547,3.141296863555908,-809.386474609375,186.41358947753906,2.9660017490386963
861,-803.786865234375,184.2860107421875,7.239736965857446,-797.9782104492188,171.12460327148438,14.386212348937988,-801.9228515625,179.20835876464844,5.408982753753662,-802.03173828125,177.07916259765625,7.417488098144531
862,-800.2905883789062,183.84413146972656,7.155667000915855,-797.9782104492188,171.12460327148438,12.928011894226074,-801.81103515625,178.96412658691406,5.111380100250244,-801.8547973632812,176.84454345703125,7.172236919403076
863,-797.1046752929688,183.42669677734375,7.035082031507045,-793.246826171875,171.09483337402344,12.92121696472168,-796.6188354492188,177.09378051757812,6.351524829864502,-796.2175903320312,175.39495849609375,8.080577850341797
864,-793.6173095703125,182.96974182128906,7.014186994638294,-788.5154418945312,171.0650634765625,12.951849937438965,-791.8024291992188,175.47869873046875,7.707756996154785,-791.3797607421875,174.04574584960938,9.200235366821289
865,-790.435546875,182.55282592773438,7.018998963758349,-783.7537841796875,175.79345703125,9.504473686218262,-787.032470703125,175.5424041748047,7.792749404907227,-786.7737426757812,174.49205017089844,8.85352611541748
866,-787.017578125,182.07899475097656,7.153429032769054,-783.7537841796875,175.79345703125,7.082396030426025,-787.079345703125,175.5130615234375,6.566223621368408,-786.8125,174.5811767578125,7.500621795654297
867,-783.9031372070312,181.64724731445312,6.990645022597164,-779.0223999023438,175.76368713378906,7.644466876983643,-782.465576171875,175.76251220703125,6.057779312133789,-782.1815795898438,175.01805114746094,6.849087715148926
868,-780.4783325195312,181.17247009277344,6.948715017642826,-779.0223999023438,175.76368713378906,5.601309776306152,-780.128173828125,176.6485137939453,4.537487506866455,-780.2914428710938,175.65660095214844,5.519034385681152
869,-777.38525390625,180.75494384765625,7.057630980852991,-783.814453125,166.2771453857422,15.84112548828125,-781.1122436523438,173.35525512695312,8.2852783203125,-781.2559814453125,172.82740783691406,8.822038650512695
870,-773.9856567382812,180.2960205078125,7.063932018354535,-779.0223999023438,175.76368713378906,6.775753021240234,-776.260498046875,176.4175262451172,4.496400833129883,-776.9837036132812,175.6956787109375,5.491031646728516
871,-770.5824584960938,179.83663940429688,7.260515005327761,-764.8585815429688,170.9162139892578,10.59890365600586,-768.8579711914062,176.39205932617188,3.8521409034729004,-768.6395263671875,175.95379638671875,4.341826438903809
872,-767.3694458007812,179.41995239257812,7.189992000348866,-769.5596313476562,175.7041473388672,4.313249588012695,-769.2435913085938,177.21905517578125,2.8907387256622314,-769.11279296875,177.08099365234375,2.9171881675720215
873,-763.8470458984375,178.96315002441406,7.227612950373441,-769.5596313476562,175.7041473388672,6.5768327713012695,-766.0200805664062,176.65274047851562,3.1717617511749268,-766.1111450195312,176.46597290039062,3.370762348175049
874,-760.6253051757812,178.5453338623047,7.190696022007614,-764.8585815429688,170.9162139892578,8.724912643432617,-761.07568359375,174.66586303710938,3.9055261611938477,-761.431884765625,174.09286499023438,4.524936199188232
875,-755.6627807617188,177.92140197753906,7.485601992812008,-750.603759765625,180.34320068359375,5.608814716339111,-755.64892578125,175.88787841796875,2.0335707664489746,-755.6611328125,175.9552001953125,1.9662023782730103
876,-750.708984375,177.29855346679688,7.508897979278117,-755.3958740234375,170.85667419433594,7.9664764404296875,-750.7118530273438,174.27613830566406,3.022416591644287,-750.837890625,174.75234985351562,2.549464702606201
877,-747.311279296875,176.8675537109375,7.586920983158052,-741.2017211914062,170.767333984375,8.63361930847168,-745.183349609375,173.35635375976562,4.105679988861084,-745.0960693359375,173.8833770751953,3.716512680053711
878,-744.1982421875,176.47265625,7.293101982213557,-741.2017211914062,170.767333984375,6.44436502456665,-745.3600463867188,174.1036376953125,2.6385674476623535,-745.3280639648438,174.671875,2.1258668899536133
879,-740.7926635742188,176.0406494140625,6.979748024605215,-741.2017211914062,170.767333984375,5.289157390594482,-741.3604736328125,172.55410766601562,3.532475233078003,-741.28271484375,172.0373992919922,4.033133029937744
880,-737.4717407226562,175.59373474121094,7.108860008884221,-731.7389526367188,170.707763671875,7.532434463500977,-735.71630859375,172.4272003173828,3.6205637454986572,-735.2902221679688,171.01559448242188,5.071330547332764
881,-734.1699829101562,175.1494140625,6.852925987914205,-731.7389526367188,170.707763671875,5.063414573669434,-735.48388671875,170.5677490234375,4.766340255737305,-734.908447265625,169.1756591796875,6.019225597381592
882,-730.8661499023438,174.70480346679688,7.053153007291257,-731.7693481445312,165.94961547851562,8.801652908325195,-732.2857666015625,171.513427734375,3.4928770065307617,-732.2924194335938,169.7852325439453,5.122150421142578
883,-727.6627807617188,174.2880859375,7.556053984444588,-731.7693481445312,165.94961547851562,9.294836044311523,-729.3720703125,170.62733459472656,4.040144920349121,-730.0379638671875,169.23361206054688,5.584729194641113
884,-724.46484375,173.87208557128906,7.753410027362406,-731.7693481445312,165.94961547851562,10.775959968566895,-728.957763671875,167.15692138671875,8.079588890075684,-729.7658081054688,167.29751586914062,8.44542407989502
885,-720.9396362304688,173.4134979248047,7.690750993788242,-717.5145263671875,175.37655639648438,3.9477810859680176,-721.1673583984375,168.3311309814453,5.087466239929199,-721.096923828125,169.1856689453125,4.2307538986206055
886,-717.4668579101562,172.9767303466797,7.625580998137593,-717.5145263671875,175.37655639648438,2.400299549102783,-717.004150390625,167.98291015625,5.0152106285095215,-717.1322631835938,168.0030059814453,4.984966278076172
887,-714.292236328125,172.5774383544922,7.38803599961102,-717.5145263671875,175.37655639648438,4.268280029296875,-712.9234619140625,167.4253387451172,5.330822944641113,-712.9766235351562,166.9738311767578,5.755975246429443
888,-711.115234375,172.1778564453125,7.360481016803533,-717.5145263671875,175.37655639648438,7.154202938079834,-713.0836181640625,168.0223388671875,4.5981364250183105,-713.1883544921875,167.87046813964844,4.78031587600708
889,-707.6015014648438,171.72030639648438,7.421033980790526,-703.4417724609375,156.25457763671875,16.015371322631836,-707.690185546875,166.94931030273438,4.771820068359375,-707.5059204101562,166.15158081054688,5.569545745849609
890,-704.397705078125,171.3031005859375,7.336448004934937,-698.6497192382812,165.7410888671875,7.998456954956055,-702.6903076171875,167.0822296142578,4.553126335144043,-702.59814453125,166.59268188476562,5.042465686798096
891,-701.1989135742188,170.8865509033203,7.243696018122137,-698.6497192382812,165.7410888671875,5.742313861846924,-702.6989135742188,167.11080932617188,4.062785625457764,-702.6036376953125,166.62979125976562,4.482549667358398
892,-696.4530639648438,170.23924255371094,7.33336596749723,-698.6497192382812,165.7410888671875,5.00586462020874,-698.455322265625,162.77877807617188,7.724478721618652,-698.4293212890625,162.62411499023438,7.8673858642578125
893,-691.2417602539062,169.52845764160156,7.167354982811958,-689.2476806640625,156.16519165039062,13.511225700378418,-688.9765014648438,162.910888671875,6.994541645050049,-688.921630859375,162.7001953125,7.211668968200684
894,-687.8297119140625,169.08030700683594,6.885220005642623,-689.2476806640625,156.16519165039062,12.992722511291504,-688.9698486328125,162.87948608398438,6.30476713180542,-688.91064453125,162.65797424316406,6.512662410736084
895,-684.7233276367188,168.67230224609375,6.789575971197337,-679.69384765625,170.3800506591797,5.311503887176514,-684.080078125,163.14862060546875,5.561009883880615,-683.998046875,163.1999053955078,5.520249843597412
896,-681.325439453125,168.22601318359375,6.8427499500103295,-679.69384765625,170.3800506591797,2.7022156715393066,-679.6776733398438,163.44302368164062,5.058865547180176,-679.6929931640625,163.73439025878906,4.7790751457214355
897,-678.1338500976562,167.80465698242188,6.790932966396213,-679.69384765625,170.3800506591797,3.0110206604003906,-679.677978515625,163.37554931640625,4.690557479858398,-679.7019653320312,163.6531219482422,4.4378180503845215
898,-674.637451171875,167.34304809570312,6.798246991820633,-679.69384765625,170.3800506591797,5.898349761962891,-675.22314453125,163.37527465820312,4.010768413543701,-675.2640380859375,163.6249542236328,3.770521640777588
899,-671.4601440429688,166.923583984375,6.832838989794254,-665.4693603515625,175.04879760742188,10.094978332519531,-669.9765625,163.75332641601562,3.500221014022827,-669.9785766601562,163.96832275390625,3.305845022201538
900,-668.0560913085938,166.45306396484375,6.923561042640358,-665.4996948242188,170.29063415527344,4.611085414886475,-665.539306640625,159.29989624023438,7.583008289337158,-665.54833984375,159.60804748535156,7.289929389953613
901,-664.9556274414062,166.02450561523438,7.2761200135573745,-660.7683715820312,170.26083374023438,5.956474304199219,-665.531494140625,159.29898071289062,6.750133991241455,-665.535400390625,159.61141967773438,6.439239501953125
902,-661.5540771484375,165.55435180664062,7.280857011210173,-665.4996948242188,170.29063415527344,6.164435863494873,-661.1653442382812,159.16082763671875,6.405330657958984,-661.2369995117188,159.58888244628906,5.97389030456543
903,-658.3427124023438,165.1442108154297,7.2224579635076225,-660.7683715820312,170.26083374023438,5.662477493286133,-656.6757202148438,159.0948486328125,6.274842262268066,-656.77978515625,159.57737731933594,5.782073974609375
904,-654.8316040039062,164.69580078125,6.861937989015132,-656.0369873046875,170.23101806640625,5.664943218231201,-651.9793701171875,158.68356323242188,6.654489994049072,-652.0406494140625,158.92076110839844,6.414086818695068
905,-651.6173095703125,164.28530883789062,6.8066209787502885,-656.0369873046875,170.23101806640625,7.40844202041626,-651.9681396484375,158.6304168701172,5.665764331817627,-652.028564453125,158.85360717773438,5.447248458862305
906,-648.3925170898438,163.879150390625,6.811907980591059,-641.8428344726562,170.14158630371094,9.061812400817871,-646.6336059570312,158.59820556640625,5.566160678863525,-646.6729736328125,158.98968505859375,5.18302059173584
907,-645.1710815429688,163.4734344482422,6.769513012841344,-641.8428344726562,170.14158630371094,7.452615261077881,-641.899169921875,158.6017608642578,5.868442058563232,-641.844482421875,159.0814208984375,5.509632110595703
908,-641.6295166015625,163.0273895263672,6.794420012738556,-641.8428344726562,170.14158630371094,7.11739444732666,-637.776611328125,158.3329315185547,6.073122024536133,-637.7876586914062,158.73834228515625,5.7581071853637695
909,-638.200927734375,162.5870361328125,6.779249990358949,-641.8428344726562,170.14158630371094,8.386579513549805,-637.7390747070312,158.46157836914062,4.1512298583984375,-637.7579956054688,158.87326049804688,3.740096092224121
910,-634.7903442382812,162.1490020751953,6.8071470013819635,-637.141845703125,165.35362243652344,3.9748144149780273,-632.9139404296875,152.95211791992188,9.38634967803955,-632.8226318359375,152.85289001464844,9.502083778381348
911,-631.6621704101562,161.74722290039062,6.917952036019415,-632.5623779296875,141.5330352783203,20.234222412109375,-627.77294921875,152.63504028320312,9.90746784210205,-627.6752319335938,152.31748962402344,10.237946510314941
912,-626.4857177734375,161.0703582763672,6.810230959672481,-618.2163696289062,165.23434448242188,9.25855827331543,-623.0841674804688,153.16807556152344,8.603291511535645,-623.2520751953125,152.85842895507812,8.82565689086914
913,-621.7866821289062,160.45591735839844,6.796645000576973,-623.0084838867188,155.74786376953125,4.864007472991943,-618.2801513671875,152.59323120117188,8.60915756225586,-618.2353515625,152.33364868164062,8.864716529846191
914,-618.3961181640625,159.98915100097656,6.82106101885438,-618.2163696289062,165.23434448242188,5.24827241897583,-613.71484375,152.15603637695312,9.125349998474121,-613.53955078125,151.6967315673828,9.609914779663086
915,-615.3017578125,159.56317138671875,6.721099023707211,-618.2163696289062,165.23434448242188,6.3762969970703125,-613.6971435546875,152.4496307373047,7.292273044586182,-613.5179443359375,152.09483337402344,7.678415298461914
916,-611.9214477539062,159.09780883789062,6.756168033462018,-604.0830078125,155.62857055664062,8.571858406066895,-609.2764892578125,150.40304565429688,9.088163375854492,-609.3162231445312,150.17132568359375,9.2988862991333
917,-608.7020874023438,158.67800903320312,6.858029984869063,-604.0830078125,155.62857055664062,5.534886837005615,-604.6204833984375,150.5980224609375,9.052385330200195,-604.6074829101562,150.8408966064453,8.842290878295898
918,-605.4775390625,158.25750732421875,6.870557961519808,-604.0830078125,155.62857055664062,2.975907564163208,-600.0372924804688,148.28652954101562,11.358551025390625,-600.041259765625,148.05496215820312,11.56049633026123
919,-601.93359375,157.79537963867188,7.348627026658505,-604.0830078125,155.62857055664062,3.0520553588867188,-600.077392578125,149.25563049316406,8.739152908325195,-600.0947265625,149.33566284179688,8.657265663146973
920,-598.6334228515625,157.368896484375,7.365533034317195,-594.650634765625,150.81076049804688,7.672792911529541,-594.57763671875,145.34909057617188,12.685626983642578,-594.3179931640625,145.23812866210938,12.87549877166748
921,-595.3250732421875,156.94134521484375,7.187772018369287,-594.650634765625,150.81076049804688,6.167571544647217,-590.593505859375,143.07089233398438,14.655278205871582,-590.5737915039062,142.62051391601562,15.088435173034668
922,-592.0275268554688,156.51519775390625,6.876738043501973,-590.0104370117188,136.5064697265625,20.110143661499023,-590.7089233398438,141.78887939453125,14.785234451293945,-590.740234375,141.18865966796875,15.38050365447998
923,-588.8370971679688,156.12680053710938,6.784818018786609,-590.0104370117188,136.5064697265625,19.655384063720703,-586.4453735351562,141.84584045410156,14.479853630065918,-586.563232421875,141.33828735351562,14.962305068969727
924,-585.654296875,155.73931884765625,6.725026993080974,-585.2791137695312,136.4766387939453,19.266334533691406,-581.7845458984375,140.77130126953125,15.460159301757812,-582.00244140625,140.2242431640625,15.939059257507324
925,-582.1520385742188,155.31295776367188,7.0058220298960805,-580.517333984375,141.2049560546875,14.202392578125,-577.29736328125,140.2615966796875,15.814908981323242,-577.5435180664062,139.58567810058594,16.388587951660156
926,-578.8421020507812,154.86752319335938,7.4363829917274415,-580.517333984375,141.2049560546875,13.764887809753418,-577.074462890625,140.82797241210938,14.150389671325684,-577.299560546875,140.0048828125,14.942474365234375
927,-575.53173828125,154.4220428466797,7.66315998043865,-575.8163452148438,136.41697692871094,18.007314682006836,-573.000244140625,140.27615356445312,14.370617866516113,-573.2754516601562,139.32215881347656,15.267525672912598
928,-572.2255249023438,153.9771270751953,7.614550995640457,-571.0850219726562,136.3871307373047,17.62693214416504,-568.5223388671875,139.79214477539062,14.660399436950684,-568.7833862304688,138.95925903320312,15.407293319702148
929,-567.457275390625,153.34469604492188,7.215124962385744,-556.8909301757812,136.29762268066406,20.056180953979492,-562.3087158203125,140.59475708007812,13.750222206115723,-562.5570068359375,139.50271606445312,14.683768272399902
930,-562.2377319335938,152.6524200439453,6.887846044264734,-556.8909301757812,136.29762268066406,17.20661735534668,-556.5892944335938,140.21633911132812,13.658732414245605,-556.4714965820312,138.9794464111328,14.839126586914062
931,-558.7525634765625,152.18739318847656,6.818436027970165,-556.8909301757812,136.29762268066406,15.998452186584473,-553.8075561523438,138.71530151367188,14.350970268249512,-553.8910522460938,137.74539184570312,15.238296508789062
932,-555.5858764648438,151.76487731933594,6.7960110027343035,-552.1595458984375,136.2677764892578,15.871354103088379,-549.1422119140625,136.13595581054688,16.905147552490234,-549.7123413085938,135.555419921875,17.240793228149414
933,-552.3928833007812,151.33885192871094,6.965621956624091,-552.1595458984375,136.2677764892578,15.072881698608398,-549.0549926757812,138.02552795410156,13.725381851196289,-549.7197875976562,137.22705078125,14.36274242401123
934,-549.3807983398438,150.944091796875,7.02400499721989,-542.7272338867188,131.44993591308594,20.598350524902344,-542.3890380859375,140.13304138183594,12.874917984008789,-542.46533203125,138.62635803222656,14.126224517822266
935,-546.6036376953125,150.5801239013672,7.211163989268243,-542.7272338867188,131.44993591308594,19.518980026245117,-538.4940795898438,137.97882080078125,14.985251426696777,-538.4100952148438,136.57257080078125,16.227930068969727
936,-543.55908203125,150.18112182617188,7.216367986984551,-542.7272338867188,131.44993591308594,18.749649047851562,-538.740966796875,138.38201904296875,12.744922637939453,-538.6972045898438,136.8045196533203,14.232755661010742
937,-541.2498168945312,149.89344787597656,7.153170998208225,-528.5027465820312,136.11854553222656,18.7679443359375,-533.1815185546875,140.9522705078125,12.043341636657715,-532.954833984375,139.3891143798828,13.38460922241211
938,-538.9402465820312,149.60572814941406,6.951924995519221,-528.5027465820312,136.11854553222656,17.0541934967041,-533.1929931640625,140.88507080078125,10.444174766540527,-532.9683227539062,139.24363708496094,11.959799766540527
939,-536.4103393554688,149.2905731201172,6.868485012091696,-528.5027465820312,136.11854553222656,15.363343238830566,-528.4722900390625,139.34378051757812,12.726009368896484,-528.4675903320312,138.0069580078125,13.798812866210938
940,-534.8042602539062,149.26890563964844,6.848409946542233,-528.5027465820312,136.11854553222656,14.5822172164917,-528.6721801757812,137.59158325195312,13.189476013183594,-528.7197265625,136.52110290527344,14.125438690185547
941,-533.0557861328125,149.24533081054688,7.0309730363078415,-528.5027465820312,136.11854553222656,13.8939790725708,-524.4931640625,137.35409545898438,14.653326034545898,-524.61962890625,136.26458740234375,15.481228828430176
942,-531.4573364257812,149.22377014160156,7.110133999958634,-528.5027465820312,136.11854553222656,13.434154510498047,-524.4946899414062,136.88674926757812,14.166175842285156,-524.64453125,135.9444122314453,14.92500114440918
943,-530.642333984375,149.77406311035156,7.147575030103326,-528.5027465820312,136.11854553222656,13.82211971282959,-524.7662353515625,136.1415557861328,14.844992637634277,-524.9662475585938,135.35751342773438,15.493703842163086
944,-529.7490234375,150.377197265625,7.096096989698708,-528.5027465820312,136.11854553222656,14.313013076782227,-524.8402709960938,136.69839477539062,14.532910346984863,-525.0577392578125,135.76336669921875,15.348361015319824
945,-528.934814453125,150.92697143554688,7.144571980461478,-528.5027465820312,136.11854553222656,14.814727783203125,-524.8656005859375,139.4408416748047,12.18563461303711,-524.9747314453125,138.06143188476562,13.461216926574707
946,-528.600830078125,152.222412109375,7.001761987339705,-514.30859375,136.02899169921875,21.598491668701172,-518.4514770507812,141.00460815429688,15.127738952636719,-518.3158569335938,139.82110595703125,16.111270904541016
947,-528.2972412109375,153.39964294433594,6.943729007616639,-523.7713623046875,136.0886993408203,17.89280128479004,-518.3489379882812,140.68600463867188,16.14327621459961,-518.181640625,139.61471557617188,17.098234176635742
948,-527.9646606445312,154.68955993652344,6.857184984255582,-514.30859375,136.02899169921875,23.123687744140625,-518.0496826171875,140.10101318359375,17.638948440551758,-517.8555908203125,138.99378967285156,18.66950798034668
949,-527.4818115234375,157.70904541015625,6.79492496419698,-514.2781982421875,140.78713989257812,21.463603973388672,-517.11279296875,146.4009246826172,15.342429161071777,-516.962890625,144.33694458007812,17.013547897338867
950,-526.95361328125,161.01251220703125,7.272198970895261,-514.247802734375,145.54530334472656,20.01679801940918,-516.414794921875,157.30819702148438,11.170884132385254,-515.927734375,157.47451782226562,11.579611778259277
951,-526.5199584960938,163.783935546875,6.713210023008287,-514.095703125,169.33607482910156,13.608393669128418,-518.9639892578125,162.6066436767578,7.6471357345581055,-517.2130126953125,162.708251953125,9.368902206420898
952,-526.0477294921875,166.8014373779297,6.897281971760094,-528.2593994140625,174.1837921142578,7.7065324783325195,-525.356201171875,168.629638671875,1.954617977142334,-526.6558227539062,169.26470947265625,2.5372202396392822
953,-525.6157836914062,169.5618438720703,7.445636962074786,-528.2593994140625,174.1837921142578,5.324575901031494,-526.9442749023438,174.20982360839844,4.834108352661133,-527.9132690429688,174.39588928222656,5.352236270904541
954,-525.2650146484375,172.85757446289062,7.518084021285176,-528.2593994140625,174.1837921142578,3.2749340534210205,-529.5111083984375,174.0843505859375,4.419761657714844,-530.1776733398438,173.99740600585938,5.04315710067749
955,-524.9450073242188,175.8642578125,7.444628980010748,-528.1986083984375,183.70010375976562,8.484479904174805,-529.09375,179.33924865722656,5.411804676055908,-529.7658081054688,179.31561279296875,5.928909778594971
956,-524.5945434570312,179.1575927734375,7.2927510482259095,-528.1681518554688,188.458251953125,9.963580131530762,-529.9131469726562,187.64356994628906,10.0149564743042,-531.2372436523438,187.960693359375,11.02814769744873
957,-524.3521118164062,182.2623748779297,6.942067993804812,-528.1681518554688,188.458251953125,7.276747226715088,-526.9472045898438,187.49969482421875,5.84499979019165,-528.5281372070312,187.82766723632812,6.957849502563477
958,-524.0846557617188,185.6880340576172,6.808032980188727,-513.943603515625,193.12684631347656,12.576838493347168,-525.107177734375,191.1311798095703,5.538355827331543,-526.5650634765625,191.17947387695312,6.025639533996582
959,-523.818359375,189.09841918945312,6.7945129703730345,-528.1681518554688,188.458251953125,4.3966474533081055,-525.5287475585938,192.67965698242188,3.9687139987945557,-526.8150024414062,192.5734405517578,4.5886430740356445
960,-523.4819946289062,192.2259063720703,6.695210002362728,-528.1377563476562,193.21640014648438,4.759957313537598,-525.7609252929688,195.39340209960938,3.9021217823028564,-526.9092407226562,195.1891326904297,4.530642986297607
961,-523.145751953125,195.352294921875,6.699469988234341,-528.1377563476562,193.21640014648438,5.429747104644775,-526.1497802734375,195.4248046875,3.0049033164978027,-527.2938842773438,195.21475219726562,4.150412082672119
962,-522.7767333984375,198.78321838378906,6.690637965220958,-528.1073608398438,197.9745635986328,5.39161491394043,-526.9979248046875,201.35101318359375,4.940853118896484,-528.0685424804688,201.12722778320312,5.787713050842285
963,-522.39013671875,201.86178588867188,6.672672985587269,-532.7778930664062,207.52072143554688,11.829160690307617,-529.0708618164062,205.9166717529297,7.814997673034668,-529.7333984375,205.80133056640625,8.333276748657227
964,-521.9644775390625,205.25128173828125,6.6586829489097,-528.0769653320312,202.7327117919922,6.611028671264648,-529.0254516601562,205.6289825439453,7.07106876373291,-529.5921630859375,205.50868225097656,7.6320271492004395
965,-521.541015625,208.6238555908203,6.708421977236867,-532.7778930664062,207.52072143554688,11.290895462036133,-530.1026611328125,208.45205688476562,8.563368797302246,-530.6301879882812,208.30467224121094,9.094775199890137
966,-521.0849609375,212.15879821777344,6.727116007823497,-532.7474975585938,212.27886962890625,11.663154602050781,-529.7449951171875,214.014404296875,8.856605529785156,-530.2529296875,213.534423828125,9.270598411560059
967,-520.6695556640625,215.37869262695312,6.754978036042303,-532.6867065429688,221.79518127441406,13.622894287109375,-529.4497680664062,220.9276123046875,10.386656761169434,-530.3140258789062,220.87844848632812,11.102392196655273
968,-520.2542114257812,218.59808349609375,7.090320985298604,-532.6867065429688,221.79518127441406,12.836992263793945,-529.042724609375,221.06492614746094,9.128158569335938,-530.1015014648438,221.0286865234375,10.142827987670898
969,-519.6613159179688,223.44525146484375,7.28592200903222,-532.6867065429688,221.79518127441406,13.129490852355957,-528.6893310546875,223.46807861328125,9.028043746948242,-529.9093017578125,223.00234985351562,10.257552146911621
970,-519.069580078125,228.2828826904297,7.6977540156804025,-527.9248657226562,226.5234832763672,9.028375625610352,-519.5955810546875,230.1877899169922,1.9761955738067627,-522.9038696289062,229.96359252929688,4.186473846435547
971,-518.7904052734375,231.05148315429688,7.285918982233852,-527.8944702148438,231.28164672851562,9.106973648071289,-517.3181762695312,235.70681762695312,4.882580757141113,-519.31640625,235.48968505859375,4.469263076782227
972,-518.5115356445312,233.81707763671875,7.0554420235566795,-504.1766357421875,240.648681640625,15.879551887512207,-516.6206665039062,240.74212646484375,7.178557395935059,-518.1417236328125,240.85015869140625,7.042797088623047
973,-518.232177734375,236.58731079101562,6.652645999565721,-504.1766357421875,240.648681640625,14.630550384521484,-516.2556762695312,240.78765869140625,4.642141819000244,-517.093505859375,240.85736083984375,4.419264793395996
974,-518.051513671875,238.63043212890625,6.778915994800627,-504.1766357421875,240.648681640625,14.02089786529541,-516.4432983398438,245.4665985107422,7.0227861404418945,-517.6180419921875,245.52932739257812,6.912499904632568
975,-517.8709716796875,240.6731719970703,6.799500959459692,-504.1766357421875,240.648681640625,13.694357872009277,-516.4188842773438,245.41346740722656,4.957716941833496,-517.545166015625,245.4666748046875,4.804562091827393
976,-517.69091796875,242.7098846435547,6.631545023992658,-518.2796020507812,255.01271057128906,12.316902160644531,-516.424560546875,250.6593017578125,8.049652099609375,-517.236572265625,250.79083251953125,8.093709945678711
977,-517.8472900390625,243.9736785888672,6.6281689796596766,-518.2796020507812,255.01271057128906,11.047493934631348,-517.23291015625,250.56234741210938,6.617251873016357,-518.5448608398438,250.69387817382812,6.756307601928711
978,-518.0042724609375,245.24192810058594,6.757726019714028,-518.2796020507812,255.01271057128906,9.77466106414795,-517.1571044921875,250.61459350585938,5.439046382904053,-518.3966064453125,250.75682067871094,5.528830528259277
979,-518.16064453125,246.50587463378906,6.937466037925333,-518.2796020507812,255.01271057128906,8.507667541503906,-516.710693359375,250.6769561767578,4.41591215133667,-517.78125,250.857421875,4.3680548667907715
980,-519.0594482421875,247.0860137939453,7.1801249869167805,-532.443359375,259.86041259765625,18.501739501953125,-525.8099365234375,255.58229064941406,10.851534843444824,-527.1672973632812,255.65365600585938,11.7958345413208
981,-519.9502563476562,247.66099548339844,7.1793749812059104,-532.443359375,259.86041259765625,17.461483001708984,-527.0505981445312,255.68638610839844,10.71549129486084,-528.6310424804688,255.8063201904297,11.90388011932373
982,-520.7648315429688,248.18679809570312,7.206870999652892,-532.443359375,259.86041259765625,16.51245880126953,-528.6087646484375,255.93963623046875,11.02877140045166,-530.242431640625,256.11883544921875,12.358888626098633
983,-522.4957275390625,248.53414916992188,6.926915026269853,-532.443359375,259.86041259765625,15.074469566345215,-529.3798828125,256.0289611816406,10.176630020141602,-530.8493041992188,256.23211669921875,11.359619140625
984,-524.0712280273438,248.85031127929688,6.844357994850725,-537.2052001953125,255.13211059570312,14.55892276763916,-534.3185424804688,255.58065795898438,12.259895324707031,-535.3214111328125,255.6842498779297,13.16318130493164
985,-525.6464233398438,249.16641235351562,6.735083006788045,-537.2052001953125,255.13211059570312,13.007493019104004,-535.0265502929688,255.7325439453125,11.449928283691406,-535.7750244140625,255.84326171875,12.131318092346191
986,-528.2562255859375,249.64382934570312,6.820511014666408,-541.9061889648438,259.92010498046875,17.085763931274414,-539.15576171875,255.17095947265625,12.220845222473145,-539.4923706054688,255.4457244873047,12.645668983459473
987,-530.6328735351562,250.07859802246094,7.2706660139374435,-541.9061889648438,259.92010498046875,14.9647216796875,-539.2015380859375,254.83673095703125,9.801114082336426,-539.4862670898438,255.19720458984375,10.226569175720215
988,-533.0095825195312,250.5133819580078,7.362607051618397,-546.6375732421875,259.949951171875,16.576217651367188,-542.8897094726562,255.25767517089844,10.960165023803711,-543.04736328125,256.0977478027344,11.486608505249023
989,-536.2267456054688,251.0026092529297,7.386426965240389,-546.607177734375,264.7080993652344,17.192842483520508,-543.9518432617188,260.6901550292969,12.390547752380371,-544.5986328125,262.1354675292969,13.92943000793457
990,-539.2073974609375,251.45587158203125,7.257428951561451,-546.607177734375,264.7080993652344,15.178216934204102,-545.8356323242188,261.12371826171875,11.721806526184082,-545.8865966796875,262.4305725097656,12.847402572631836
991,-542.1599731445312,251.90487670898438,7.282759004738182,-546.607177734375,264.7080993652344,13.553603172302246,-548.6719360351562,260.5763244628906,10.844338417053223,-548.350830078125,262.0419921875,11.878039360046387
992,-546.8526000976562,252.40948486328125,7.141106005292386,-551.338623046875,264.7379455566406,13.11927318572998,-552.9439086914062,257.51434326171875,7.947554111480713,-552.5540771484375,258.6107177734375,8.42390251159668
993,-551.99462890625,252.96241760253906,6.802578980568796,-565.5328369140625,264.8274841308594,18.001747131347656,-560.5745849609375,256.77978515625,9.390843391418457,-560.488037109375,258.27069091796875,10.015774726867676
994,-555.5509033203125,253.31015014648438,6.678288977127522,-565.5328369140625,264.8274841308594,15.240997314453125,-560.89892578125,258.4830322265625,7.440433502197266,-560.9185791015625,259.9826965332031,8.563575744628906
995,-558.78271484375,253.62615966796875,6.75542198587209,-570.2642211914062,264.8572998046875,16.061243057250977,-566.3245849609375,261.2513122558594,10.724865913391113,-566.4762573242188,262.4034423828125,11.671815872192383
996,-562.0130615234375,253.9420166015625,6.707209977321327,-570.2642211914062,264.8572998046875,13.683019638061523,-571.0419921875,260.07196044921875,10.913193702697754,-571.0899658203125,260.9830017089844,11.487630844116211
997,-565.5612182617188,254.36781311035156,6.658580037765205,-570.2642211914062,264.8572998046875,11.495545387268066,-574.5721435546875,259.9759521484375,10.61357593536377,-574.4244995117188,260.68157958984375,10.882160186767578
998,-568.7978515625,254.7562255859375,6.644506996963173,-570.2642211914062,264.8572998046875,10.206954956054688,-574.7257080078125,261.11767578125,8.695259094238281,-574.63330078125,261.8465881347656,9.182903289794922
999,-572.031494140625,255.14427185058594,6.644047040026635,-574.9652099609375,269.6452941894531,14.794807434082031,-578.6858520507812,263.16705322265625,10.423315048217773,-578.59912109375,263.6355285644531,10.734764099121094
1000,-575.412353515625,255.59678649902344,6.600512017030269,-579.7574462890625,260.1588134765625,6.30015230178833,-582.0222778320312,261.16827392578125,8.644800186157227,-581.6487426757812,261.3841857910156,8.508028030395508
1001,-578.7808837890625,256.0476379394531,6.645741988904774,-584.4584350585938,264.9468078613281,10.556032180786133,-587.5391845703125,260.0473327636719,9.628363609313965,-587.27734375,260.4384460449219,9.563944816589355
1002,-581.845703125,256.4578552246094,6.63199502741918,-584.4584350585938,264.9468078613281,8.881930351257324,-587.689208984375,260.116455078125,6.894339084625244,-587.4542846679688,260.55133056640625,6.943538665771484
1003,-585.3081665039062,256.9237060546875,6.606181967072189,-589.22021484375,260.2184753417969,5.114648342132568,-591.82763671875,258.5301208496094,6.714466571807861,-591.6444702148438,258.8781433105469,6.630879878997803
1004,-588.458984375,257.3476257324219,6.6485279821790755,-593.95166015625,260.2483215332031,6.211563587188721,-595.5885620117188,259.1348876953125,7.35018253326416,-595.12158203125,259.8572692871094,7.119586944580078
1005,-591.6088256835938,257.77142333984375,6.766231032088399,-593.95166015625,260.2483215332031,3.409383773803711,-595.8101806640625,258.70281982421875,4.3033576011657715,-595.27001953125,259.674560546875,4.126290321350098
1006,-594.8023071289062,258.2281188964844,7.155691040679812,-598.6526489257812,265.0362854003906,7.821525573730469,-601.2201538085938,257.52130126953125,6.456651210784912,-600.9937133789062,258.5762634277344,6.201186656951904
1007,-598.3035888671875,258.7288513183594,7.244719017762691,-603.505615234375,246.03350830078125,13.719796180725098,-604.517333984375,256.28387451171875,6.677465438842773,-604.473388671875,257.03155517578125,6.399003028869629
1008,-601.4945068359375,259.1851806640625,7.338258030358702,-603.4144287109375,260.3079528808594,2.224121570587158,-604.5528564453125,256.90716552734375,3.813509464263916,-604.4849243164062,257.8874206542969,3.259873867034912
1009,-605.0093994140625,259.64288330078125,7.104002987034619,-608.17626953125,255.5796356201172,5.15160608291626,-608.7822265625,259.29827880859375,3.788532257080078,-608.477783203125,258.06439208984375,3.8106849193573
1010,-608.211181640625,260.059814453125,7.48314696829766,-612.9380493164062,250.85130310058594,10.35084342956543,-614.7919311523438,262.4525146484375,7.002233505249023,-614.2659912109375,260.51739501953125,6.072075366973877
1011,-611.4108276367188,260.4764709472656,7.57167098345235,-617.5175170898438,274.6719055175781,15.45322036743164,-620.7208251953125,265.010498046875,10.355359077453613,-620.5811767578125,268.1478271484375,11.955961227416992
1012,-614.6166381835938,260.896240234375,7.489195035304874,-617.5175170898438,274.6719055175781,14.07778549194336,-620.6826171875,266.0915832519531,7.986719608306885,-620.4960327148438,270.0301818847656,10.862604141235352
1013,-617.8286743164062,261.31683349609375,7.498427003156394,-622.2489013671875,274.70172119140625,14.095871925354004,-626.9674072265625,263.0357666015625,9.298988342285156,-627.1923217773438,262.6502990722656,9.45811939239502
1014,-621.3577270507812,261.7789001464844,6.77876197732985,-636.5950317382812,251.00039672851562,18.6641788482666,-635.5934448242188,254.05404663085938,16.19657325744629,-636.0758666992188,252.9356689453125,17.170509338378906
1015,-624.5689697265625,262.1638488769531,6.722045014612377,-636.5950317382812,251.00039672851562,16.408803939819336,-637.9781494140625,252.89938354492188,16.298357009887695,-637.9884033203125,252.29388427734375,16.658252716064453
1016,-628.0838012695312,262.5851745605469,6.690311012789607,-636.5950317382812,251.00039672851562,14.375261306762695,-637.8079833984375,252.92330932617188,13.708075523376465,-637.80126953125,252.26181030273438,14.177483558654785
1017,-631.2944946289062,262.97003173828125,6.803763040807098,-636.5950317382812,251.00039672851562,13.090754508972168,-642.263427734375,254.3131103515625,13.973539352416992,-642.48291015625,253.59988403320312,14.59384536743164
1018,-636.2056884765625,263.5716552734375,6.798618996981531,-650.7892456054688,251.08982849121094,19.19573211669922,-647.883056640625,254.99197387695312,14.490406036376953,-648.0593872070312,254.056640625,15.200186729431152
1019,-641.1087036132812,264.1722717285156,6.862305977847427,-650.7892456054688,251.08982849121094,16.27461814880371,-651.5092163085938,255.69906616210938,13.415136337280273,-651.6085205078125,254.57958984375,14.222014427185059
1020,-644.251953125,264.578125,6.846843985840678,-655.4902954101562,255.87779235839844,14.212533950805664,-655.562255859375,261.4399719238281,11.737586975097656,-655.6053466796875,260.3494873046875,12.115318298339844
1021,-647.6988525390625,265.0231628417969,7.329536019824445,-655.4902954101562,255.87779235839844,12.014341354370117,-659.9629516601562,261.4901123046875,12.762859344482422,-659.95263671875,260.6728210449219,13.003103256225586
1022,-650.8513793945312,265.4302062988281,7.566284039057791,-655.4902954101562,255.87779235839844,10.619235038757324,-660.12646484375,261.8799743652344,9.931331634521484,-660.1596069335938,261.0633239746094,10.281671524047852
1023,-654.1315307617188,265.8473205566406,7.57814000826329,-669.6541137695312,260.7253723144531,16.345792770385742,-665.0394287109375,262.3092346191406,11.467357635498047,-665.1061401367188,261.4816589355469,11.811056137084961
1024,-657.3931884765625,266.2621154785156,7.436448009684682,-669.6541137695312,260.7253723144531,13.453096389770508,-669.116455078125,262.1878662109375,12.411063194274902,-668.965576171875,261.2737121582031,12.60175895690918
1025,-660.6553955078125,266.6769714355469,6.955242017284036,-669.6541137695312,260.7253723144531,10.788811683654785,-669.0880126953125,262.0497741699219,9.618731498718262,-668.9208984375,261.13702392578125,9.95035457611084
1026,-663.78076171875,267.1202697753906,6.809639977291226,-669.6541137695312,260.7253723144531,8.6827974319458,-673.9354248046875,263.4140319824219,10.809874534606934,-673.71923828125,262.530517578125,10.94710636138916
1027,-667.2107543945312,267.6067810058594,6.771084968931973,-683.8483276367188,260.81475830078125,17.970542907714844,-680.5391845703125,264.0305480957031,13.799873352050781,-681.0797119140625,263.4862976074219,14.468114852905273
1028,-670.6227416992188,268.0907287597656,6.7205720115453005,-688.5797119140625,260.8445739746094,19.363872528076172,-685.5523681640625,264.44964599609375,15.367213249206543,-685.8284912109375,263.9272155761719,15.765457153320312
1029,-674.087158203125,268.5827941894531,6.697867996990681,-688.5797119140625,260.8445739746094,16.429065704345703,-685.719970703125,264.4770202636719,12.336113929748535,-685.9812622070312,264.0282287597656,12.73631763458252
1030,-677.2631225585938,269.0339050292969,6.800618022680283,-693.28076171875,265.63250732421875,16.374805450439453,-690.3062744140625,263.8774108886719,14.025449752807617,-690.736328125,263.58502197265625,14.533327102661133
1031,-680.7330932617188,269.5267639160156,7.163397967815399,-698.0425415039062,260.9041442871094,19.338214874267578,-694.1426391601562,264.5042724609375,14.31926441192627,-694.1925659179688,263.95361328125,14.567684173583984
1032,-685.8041381835938,270.20654296875,7.3085479671135545,-702.77392578125,260.9339599609375,19.33790397644043,-698.359130859375,264.7277526855469,13.698357582092285,-698.3599853515625,264.19366455078125,13.921350479125977
1033,-690.8638916015625,270.8848571777344,7.323798956349492,-702.77392578125,260.9339599609375,15.519963264465332,-703.6475219726562,264.828369140625,14.145750045776367,-703.8917846679688,264.126708984375,14.67646312713623
1034,-694.037353515625,271.26202392578125,7.148445991333574,-702.77392578125,260.9339599609375,13.527624130249023,-707.0879516601562,265.1610412597656,14.406251907348633,-706.9907836914062,264.314453125,14.698982238769531
1035,-697.209228515625,271.6390075683594,6.751691980753094,-702.77392578125,260.9339599609375,12.064986228942871,-706.8426513671875,264.70758056640625,11.867919921875,-706.7409057617188,264.07635498046875,12.167439460754395
1036,-700.698486328125,272.0537109375,6.740776007063687,-716.9681396484375,261.0233154296875,19.656328201293945,-713.797119140625,264.199462890625,15.27296257019043,-714.2247314453125,263.4755859375,16.01697540283203
1037,-703.9252319335938,272.4674987792969,6.776206020731479,-716.9681396484375,261.0233154296875,17.351852416992188,-718.0310668945312,264.6473693847656,16.128515243530273,-718.16748046875,263.7336120605469,16.70695686340332
1038,-707.1751708984375,272.88427734375,6.742609024513513,-716.9681396484375,261.0233154296875,15.381308555603027,-718.0114135742188,264.3819580078125,13.773655891418457,-718.1302490234375,263.56915283203125,14.380030632019043
1039,-710.4207763671875,273.30047607421875,6.812906009145081,-726.4309692382812,261.0828857421875,20.139408111572266,-723.3873291015625,264.3515625,15.754825592041016,-723.7742309570312,263.60675048828125,16.501001358032227
1040,-713.5922241210938,273.7209167480469,7.032974972389638,-731.162353515625,261.1126708984375,21.6258487701416,-729.5440063476562,270.1711730957031,16.341970443725586,-729.4136962890625,266.6416015625,17.333080291748047
1041,-717.0750732421875,274.1826477050781,7.233729003928602,-731.162353515625,261.1126708984375,19.216548919677734,-732.2835083007812,270.23492431640625,15.712448120117188,-732.1807861328125,266.6986083984375,16.858036041259766
1042,-720.2451782226562,274.6029052734375,7.043255027383566,-731.162353515625,261.1126708984375,17.35428237915039,-732.2489013671875,268.0160827636719,13.69217300415039,-732.213134765625,265.3270568847656,15.141775131225586
1043,-723.6806030273438,275.0738830566406,7.099967973772436,-740.6251831054688,261.1722412109375,21.91744613647461,-736.9934692382812,268.1085510253906,15.024921417236328,-737.3662719726562,265.5874938964844,16.652000427246094
1044,-727.10986328125,275.54400634765625,7.446473988238722,-740.6251831054688,261.1722412109375,19.728443145751953,-741.1112060546875,270.1421203613281,15.007264137268066,-741.1543579101562,267.9471435546875,15.967472076416016
1045,-730.2329711914062,275.9721374511719,7.885023020207882,-740.6251831054688,261.1722412109375,18.084108352661133,-741.255126953125,272.64605712890625,11.513067245483398,-741.3660888671875,271.9019775390625,11.85379695892334
1046,-733.3509521484375,276.4074401855469,7.8936920035630465,-745.3262329101562,265.9601745605469,15.89190673828125,-743.98095703125,277.2008056640625,10.65956974029541,-743.8839111328125,278.19873046875,10.68419075012207
1047,-736.769287109375,276.8846435546875,7.410346006508917,-754.6373291015625,289.81048583984375,22.05321502685547,-751.342041015625,280.64801025390625,15.050849914550781,-752.1490478515625,282.2693786621094,16.295166015625
1048,-740.2003784179688,277.3636474609375,7.2984989965334535,-759.3687744140625,289.84027099609375,22.87123680114746,-758.0084228515625,283.50128173828125,18.836055755615234,-758.217529296875,284.7676086425781,19.4791259765625
1049,-745.4420166015625,278.07855224609375,6.987432017922401,-764.1001586914062,289.87005615234375,22.07183265686035,-761.6903076171875,283.4217529296875,17.104290008544922,-761.7704467773438,285.01007080078125,17.738759994506836
1050,-750.2391967773438,278.7328796386719,6.9167849724181,-764.1001586914062,289.87005615234375,17.78097152709961,-764.5902099609375,282.1950988769531,14.762742042541504,-764.5258178710938,284.021728515625,15.23415470123291
1051,-753.653564453125,279.1732177734375,7.168666983488947,-768.8619384765625,285.14166259765625,16.337594985961914,-766.9432373046875,281.49407958984375,13.490804672241211,-766.9092407226562,283.2441711425781,13.866708755493164
1052,-757.0562133789062,279.6120300292969,7.3834339855238795,-768.8619384765625,285.14166259765625,13.036563873291016,-766.8529663085938,281.1304626464844,9.913728713989258,-766.7978515625,282.7184753417969,10.224946022033691
1053,-760.165771484375,280.0130615234375,7.518203987274319,-768.8619384765625,285.14166259765625,10.095834732055664,-770.075439453125,280.5755310058594,9.925618171691895,-769.7816772460938,282.195556640625,9.860472679138184
1054,-763.2543334960938,280.3863525390625,7.41314294282347,-773.5933227539062,285.17144775390625,11.392621994018555,-777.5878295898438,280.9681091308594,14.345296859741211,-777.30322265625,282.43389892578125,14.197314262390137
1055,-766.6630859375,280.79833984375,7.4154919711872935,-773.5933227539062,285.17144775390625,8.194647789001465,-777.35205078125,280.5876159667969,10.691041946411133,-776.9978637695312,281.9430236816406,10.397977828979492
1056,-770.0208129882812,281.20416259765625,7.307476014830172,-787.7572631835938,290.0188903808594,19.806087493896484,-783.700439453125,280.05108642578125,13.728137969970703,-783.7977294921875,281.3125,13.777341842651367
1057,-773.1937866210938,281.5900573730469,7.558821002021432,-783.05615234375,285.23095703125,10.512964248657227,-787.8223876953125,279.90423583984375,14.725419044494629,-787.722900390625,281.5958251953125,14.529114723205566
1058,-776.659423828125,282.0115661621094,7.558054989203811,-787.7572631835938,290.0188903808594,13.685002326965332,-787.9696044921875,279.0556945800781,11.690053939819336,-787.939697265625,280.13055419921875,11.436029434204102
1059,-779.8145751953125,282.3952941894531,7.211581047158688,-787.7572631835938,290.0188903808594,11.009337425231934,-792.4402465820312,278.4665222167969,13.222814559936523,-792.516845703125,278.7406005859375,13.217580795288086
1060,-783.226318359375,282.8505859375,7.225020963232964,-802.04248046875,275.8337097167969,20.08194351196289,-798.232421875,277.4669189453125,15.94261646270752,-798.627685546875,277.3251037597656,16.362550735473633
1061,-786.3276977539062,283.26446533203125,7.001717982348055,-802.04248046875,275.8337097167969,17.383052825927734,-797.4298095703125,281.37896728515625,11.261082649230957,-797.7553100585938,280.8279113769531,11.684481620788574
1062,-789.7410888671875,283.7200012207031,6.839863024652004,-797.2504272460938,285.32025146484375,7.677953243255615,-800.922119140625,279.7185974121094,11.875465393066406,-800.86279296875,279.0470886230469,12.063515663146973
1063,-794.7310180664062,284.35400390625,6.813156011048704,-802.04248046875,275.8337097167969,11.227328300476074,-804.3218383789062,277.229736328125,11.947343826293945,-804.2818603515625,276.4073791503906,12.424468994140625
1064,-799.7288818359375,284.989013671875,6.776032969355583,-806.7738647460938,275.8634948730469,11.528524398803711,-808.3584594726562,275.4984436035156,12.827335357666016,-807.9044189453125,274.8759460449219,13.004366874694824
1065,-803.2737426757812,285.4498596191406,6.794846034608781,-820.9680786132812,275.9527587890625,20.08194351196289,-816.79541015625,276.5775146484375,16.172632217407227,-816.9212646484375,275.96954345703125,16.617197036743164
1066,-806.5119018554688,285.870849609375,6.818392022978514,-825.6995239257812,275.9825134277344,21.585737228393555,-822.0569458007812,278.30718994140625,17.287490844726562,-822.2091674804688,277.7046813964844,17.69436264038086
1067,-809.747314453125,286.2914733886719,6.775995017960668,-825.6995239257812,275.9825134277344,18.993358612060547,-822.014404296875,278.1180725097656,14.740623474121094,-822.1513671875,277.50738525390625,15.199365615844727
1068,-812.9500732421875,286.7332458496094,6.793917040340602,-830.4005737304688,280.7704162597656,18.441129684448242,-826.385498046875,278.1143493652344,15.962331771850586,-826.5472412109375,277.7939147949219,16.272510528564453
1069,-816.4637451171875,287.2178955078125,6.792200030758977,-835.1622924804688,276.0419921875,21.783859252929688,-831.386962890625,278.03515625,17.522132873535156,-831.701171875,277.634521484375,18.00056266784668
1070,-819.673828125,287.66070556640625,6.706451997160912,-835.1622924804688,276.0419921875,19.36199951171875,-831.2465209960938,277.91790771484375,15.127766609191895,-831.5135498046875,277.6279296875,15.518878936767578
1071,-823.1801147460938,288.1172790527344,6.7282410454936326,-835.1622924804688,276.0419921875,17.011323928833008,-835.1004638671875,277.6144104003906,15.88725757598877,-835.0896606445312,277.333984375,16.066011428833008
1072,-826.3926391601562,288.5356140136719,6.823937001172453,-835.1622924804688,276.0419921875,15.264252662658691,-838.2281494140625,277.0417175292969,16.498149871826172,-837.921630859375,276.7486572265625,16.48787498474121
1073,-829.5901489257812,288.9519958496094,6.801848998293281,-839.8937377929688,276.0717468261719,16.494384765625,-841.9706420898438,276.4617919921875,17.586408615112305,-841.72900390625,275.8891296386719,17.83228302001953
1074,-832.8850708007812,289.3601379394531,6.80934201227501,-839.8937377929688,276.0717468261719,15.023406982421875,-841.6349487304688,276.31903076171875,15.704484939575195,-841.401123046875,275.8280029296875,15.988802909851074
1075,-836.1798706054688,289.76824951171875,6.7974700359627604,-844.6554565429688,271.3433532714844,20.280838012695312,-846.1714477539062,276.33135986328125,16.744600296020508,-845.5897827148438,274.8936767578125,17.601118087768555
1076,-839.475830078125,290.176513671875,6.929808994755149,-849.3868408203125,271.37310791015625,21.2554988861084,-853.7222900390625,280.9165954589844,16.99140167236328,-853.8324584960938,279.5204162597656,17.879182815551758
1077,-842.8385620117188,290.597412109375,7.065484998747706,-858.6678466796875,299.98150634765625,18.401832580566406,-854.9141845703125,288.1603698730469,12.319084167480469,-855.0775756835938,288.5254211425781,12.413163185119629
1078,-845.8959350585938,290.9800720214844,7.1569609572179615,-858.6678466796875,299.98150634765625,15.625221252441406,-858.8345336914062,288.7466125488281,13.129953384399414,-858.94580078125,289.4046936035156,13.144611358642578
1079,-849.2593994140625,291.4010314941406,7.174839964136481,-858.6678466796875,299.98150634765625,12.733555793762207,-863.07373046875,288.7266540527344,14.070821762084961,-863.0567626953125,289.2291259765625,13.967262268066406
1080,-854.4178466796875,292.11773681640625,7.322896039113402,-872.862060546875,300.0707092285156,20.085784912109375,-868.34765625,289.150634765625,14.24230670928955,-868.4163208007812,289.9302978515625,14.168350219726562
1081,-859.1144409179688,292.770263671875,7.270490983501077,-877.623779296875,295.3423156738281,18.68718910217285,-873.5950927734375,289.4242858886719,14.86219596862793,-873.8994750976562,290.1228942871094,15.020179748535156
1082,-862.5338134765625,293.2342529296875,7.078652968630195,-877.623779296875,295.3423156738281,15.236501693725586,-873.6689453125,289.0924377441406,11.880478858947754,-873.987548828125,289.653564453125,12.000391006469727
1083,-865.939208984375,293.69635009765625,6.853813014458865,-882.385498046875,290.6138916015625,16.732662200927734,-878.446533203125,289.4449462890625,13.210132598876953,-878.5416259765625,290.0855712890625,13.10948657989502
1084,-869.0409545898438,294.1172180175781,6.948149006348103,-887.1168823242188,290.64361572265625,18.406658172607422,-883.409423828125,288.908447265625,15.283461570739746,-883.6700439453125,289.1318664550781,15.455224990844727
1085,-872.4600219726562,294.5491638183594,7.243796018883586,-887.1168823242188,290.64361572265625,15.168285369873047,-883.443359375,288.83258056640625,12.381963729858398,-883.6962280273438,289.02825927734375,12.519293785095215
1086,-875.572998046875,294.94244384765625,7.469005009625107,-887.1168823242188,290.64361572265625,12.318326950073242,-887.4465942382812,288.7372741699219,13.39725399017334,-887.464599609375,288.85400390625,13.359613418579102
1087,-878.9981079101562,295.3751220703125,7.49625003663823,-887.1168823242188,290.64361572265625,9.396895408630371,-890.4896850585938,288.4562683105469,13.41368293762207,-890.1585083007812,288.48199462890625,13.117535591125488
1088,-882.3956909179688,295.7874755859375,7.402759976685047,-887.1168823242188,290.64361572265625,6.982044219970703,-890.4234619140625,288.66644287109375,10.730993270874023,-890.104248046875,288.73516845703125,10.4478178024292
1089,-885.5015869140625,296.1644287109375,7.8025260008871555,-891.7877197265625,300.1896667480469,7.464449405670166,-894.413330078125,288.8013916015625,11.5599946975708,-894.0406494140625,288.9360656738281,11.187708854675293
1090,-888.9042358398438,296.577392578125,7.758634048514068,-896.6705932617188,276.4286193847656,21.593734741210938,-899.759765625,287.5919189453125,14.091886520385742,-899.658203125,287.0614013671875,14.359731674194336
1091,-892.020263671875,296.9745178222656,7.675514032598585,-896.6705932617188,276.4286193847656,21.065601348876953,-899.698974609375,287.294677734375,12.355642318725586,-899.5909423828125,286.5506896972656,12.882987976074219
1092,-895.447265625,297.4112854003906,7.627339975442737,-901.2202758789062,305.00726318359375,9.54078197479248,-905.8628540039062,291.4442443847656,12.003751754760742,-906.1615600585938,290.1078186035156,12.966754913330078
1093,-898.8613891601562,297.846435546875,7.541775004938245,-915.5659790039062,281.3056945800781,23.508283615112305,-911.4609985351562,290.1021728515625,14.789312362670898,-911.5469970703125,288.9344177246094,15.50318431854248
1094,-902.1046142578125,298.29241943359375,7.356213056482375,-915.5659790039062,281.3056945800781,21.67388153076172,-911.26513671875,290.14263916015625,12.261079788208008,-911.3410034179688,288.904541015625,13.169781684875488
1095,-905.6054077148438,298.7738037109375,7.407560013234615,-915.5659790039062,281.3056945800781,20.108402252197266,-914.9534912109375,290.3811950683594,12.562744140625,-914.7236328125,289.05023193359375,13.330037117004395
1096,-908.8185424804688,299.2156677246094,7.335514994338155,-915.5659790039062,281.3056945800781,19.138835906982422,-919.4520263671875,290.71929931640625,13.610997200012207,-919.2821044921875,289.49261474609375,14.283693313598633
1097,-913.5447387695312,299.84765625,6.946883979253471,-925.02880859375,281.3651428222656,21.7597599029541,-924.6632690429688,291.2978820800781,14.025703430175781,-924.6934814453125,289.92401123046875,14.925588607788086
1098,-918.7246704101562,300.5403747558594,6.844056013505906,-925.02880859375,281.3651428222656,20.1849365234375,-929.76416015625,291.85601806640625,14.045938491821289,-929.7625732421875,290.8096618652344,14.714688301086426
1099,-922.111083984375,301.0141906738281,6.907976989168674,-939.0715942382812,305.2450256347656,17.480241775512695,-934.8475341796875,293.73089599609375,14.671862602233887,-934.755859375,293.23736572265625,14.844842910766602
1100,-925.2088012695312,301.4476318359375,7.062824035529047,-939.0715942382812,305.2450256347656,14.373490333557129,-934.62548828125,293.5123596191406,12.314322471618652,-934.4917602539062,292.8789978027344,12.633084297180176
1101,-928.5899047851562,301.92071533203125,7.319958996959031,-939.0715942382812,305.2450256347656,10.996219635009766,-939.5552368164062,293.24517822265625,13.982254981994629,-939.67236328125,292.76812744140625,14.373265266418457
1102,-931.7897338867188,302.3522033691406,7.285150000825524,-939.0715942382812,305.2450256347656,7.835426330566406,-939.570556640625,293.32513427734375,11.91759967803955,-939.70068359375,292.89361572265625,12.330774307250977
1103,-935.2999877929688,302.8255615234375,7.249596994370222,-948.504150390625,310.0626220703125,15.057389259338379,-945.25244140625,300.0201416015625,10.340295791625977,-945.5986938476562,300.7930603027344,10.497352600097656
1104,-938.4960327148438,303.2565612792969,7.279526034835726,-953.386962890625,286.30157470703125,22.565711975097656,-952.9468994140625,296.1626892089844,16.098154067993164,-953.0791625976562,293.9388427734375,17.305707931518555
1105,-941.70751953125,303.6622619628906,7.172708981670439,-953.386962890625,286.30157470703125,20.923738479614258,-952.9241943359375,296.6327819824219,13.237348556518555,-953.0595703125,294.82550048828125,14.386014938354492
1106,-944.9290161132812,304.0692443847656,7.128825003746897,-958.0880737304688,291.0894470214844,18.483396530151367,-955.855712890625,296.17156982421875,13.482060432434082,-956.0796508789062,294.5226745605469,14.679020881652832
1107,-948.4531860351562,304.51446533203125,7.008256041444838,-962.8195190429688,291.119140625,19.642459869384766,-958.8028564453125,297.0401611328125,12.766397476196289,-959.1197509765625,295.43060302734375,14.010430335998535
1108,-951.8549194335938,304.90740966796875,7.016796967945993,-962.8195190429688,291.119140625,17.616436004638672,-963.086181640625,297.51776123046875,13.444260597229004,-962.9824829101562,296.0972900390625,14.192987442016602
1109,-954.9683837890625,305.26702880859375,7.0423639845103025,-962.8195190429688,291.119140625,16.180330276489258,-962.7979125976562,297.900634765625,10.750128746032715,-962.6483764648438,296.66961669921875,11.528129577636719
1110,-958.3796997070312,305.66107177734375,7.3446480091661215,-962.8195190429688,291.119140625,15.204596519470215,-967.1405029296875,298.52996826171875,11.296207427978516,-967.1005859375,297.9596862792969,11.634654998779297
1111,-961.5794067382812,306.0605773925781,7.008099986705929,-962.8195190429688,291.119140625,14.992812156677246,-967.1834716796875,298.59222412109375,9.337121963500977,-967.1597900390625,298.05609130859375,9.757688522338867
1112,-964.777587890625,306.4599304199219,6.897340004798025,-967.4298095703125,310.18145751953125,4.569906234741211,-970.7318115234375,300.58258056640625,8.366362571716309,-970.6022338867188,301.71038818359375,7.515627384185791
1113,-968.275634765625,306.8966979980469,6.920334009919316,-972.2823486328125,291.1785583496094,16.220779418945312,-975.3726806640625,299.1499328613281,10.506209373474121,-975.111083984375,299.4232177734375,10.127994537353516
1114,-971.4708862304688,307.36328125,7.310991000849754,-972.2823486328125,291.1785583496094,16.205053329467773,-975.6527099609375,297.5813293457031,10.638338088989258,-975.3565063476562,296.943359375,11.120827674865723
1115,-974.9241333007812,307.86749267578125,7.3465200257487595,-986.4765625,291.2676696777344,20.224063873291016,-980.9537963867188,300.835693359375,9.262992858886719,-980.587158203125,301.0350036621094,8.874275207519531
1116,-978.1102294921875,308.3327331542969,7.567765016574413,-991.2080078125,291.29736328125,21.48849868774414,-986.357177734375,300.8634338378906,11.12666130065918,-986.081298828125,300.20404052734375,11.384796142578125
1117,-981.3295288085938,308.78125,7.42476194864139,-991.2080078125,291.29736328125,20.081600189208984,-986.0135498046875,301.41265869140625,8.73133373260498,-985.5609130859375,301.47528076171875,8.442854881286621
1118,-984.5541381835938,309.2304992675781,15.047685010358691,-995.9393920898438,291.3270568847656,21.21691131591797,-992.232666015625,298.4029541015625,13.273866653442383,-992.7498779296875,296.3583679199219,15.259814262390137
1119,-988.0980224609375,309.7242126464844,6.823690026067197,-995.9393920898438,291.3270568847656,19.99856185913086,-995.84814453125,299.6758728027344,12.689898490905762,-995.963623046875,298.28253173828125,13.884514808654785
1120,-993.0588989257812,310.3374328613281,6.721643032506108,-995.9393920898438,291.3270568847656,19.227367401123047,-999.1300048828125,300.2515563964844,11.772138595581055,-998.919189453125,299.80609130859375,12.052061080932617
1121,-998.004150390625,310.94873046875,7.146530027966946,-1005.3114624023438,305.6609191894531,9.019853591918945,-1004.6210327148438,303.414794921875,10.027129173278809,-1004.5364990234375,304.1651611328125,9.417450904846191
1122,-1001.4414672851562,311.3778076171875,7.669600017834455,-1014.7742919921875,305.7203063964844,14.483491897583008,-1012.25341796875,304.1376037597656,13.012256622314453,-1012.5947265625,304.9648132324219,12.865523338317871
1123,-1004.563232421875,311.76751708984375,7.860529993195087,-1014.7742919921875,305.7203063964844,11.867371559143066,-1012.26220703125,303.5570373535156,11.25549602508545,-1012.5723266601562,304.36163330078125,10.908377647399902
1124,-1007.991943359375,312.1955261230469,7.613067980855703,-1014.7742919921875,305.7203063964844,9.377032279968262,-1016.0560913085938,307.5405578613281,9.311241149902344,-1016.07568359375,307.4426574707031,9.377452850341797
1125,-1011.1024780273438,312.6106262207031,7.211476971860975,-1014.7742919921875,305.7203063964844,7.8076066970825195,-1015.9246826171875,307.86468505859375,6.765915870666504,-1015.9782104492188,307.74322509765625,6.889438152313232
1126,-1014.516845703125,313.0662536621094,6.859012006316334,-1014.7742919921875,305.7203063964844,7.350457191467285,-1019.7461547851562,306.8055114746094,8.157362937927246,-1019.5748291015625,306.5728759765625,8.230865478515625
1127,-1017.91845703125,313.52020263671875,6.874784012325108,-1024.267333984375,301.0215148925781,14.018753051757812,-1023.2289428710938,305.482421875,9.633647918701172,-1023.210693359375,305.1162414550781,9.93148136138916
1128,-1021.011474609375,313.92449951171875,7.306793995667249,-1019.5056762695312,305.75,8.312031745910645,-1023.3440551757812,306.0284423828125,8.233386039733887,-1023.3216552734375,305.6697998046875,8.57187271118164
1129,-1024.3590087890625,314.3620910644531,7.274631992913783,-1024.267333984375,301.0215148925781,13.34089183807373,-1027.34912109375,305.1003112792969,9.732488632202148,-1027.2569580078125,304.7496032714844,10.039822578430176
1130,-1027.7122802734375,314.8003845214844,7.374944980256259,-1038.431396484375,305.8687438964844,13.952549934387207,-1033.4913330078125,304.93017578125,11.437589645385742,-1033.5009765625,305.0196228027344,11.365399360656738
1131,-1030.82763671875,315.1929016113281,7.767238013911992,-1038.431396484375,305.8687438964844,12.031503677368164,-1033.827880859375,305.4110107421875,10.231658935546875,-1033.892822265625,305.5326232910156,10.134906768798828
1132,-1034.2225341796875,315.6206359863281,7.343892997596413,-1038.431396484375,305.8687438964844,10.621389389038086,-1038.4493408203125,304.90850830078125,11.515883445739746,-1038.484130859375,305.01422119140625,11.430540084838867
1133,-1037.608154296875,316.04718017578125,7.275954994838685,-1038.431396484375,305.8687438964844,10.211673736572266,-1041.3330078125,307.27239990234375,9.532644271850586,-1041.1585693359375,306.89642333984375,9.815385818481445
1134,-1040.8140869140625,316.4633483886719,7.17084197094664,-1043.1627197265625,305.8984069824219,10.82284927368164,-1045.54541015625,307.48577880859375,10.1480131149292,-1045.0216064453125,307.1695556640625,10.201852798461914
1135,-1044.037109375,316.88177490234375,7.2439489886164665,-1043.1627197265625,305.8984069824219,11.018117904663086,-1045.861328125,307.6488952636719,9.411367416381836,-1045.3309326171875,307.2796325683594,9.68891716003418
1136,-1047.5550537109375,317.3384704589844,7.298200041987002,-1057.38720703125,301.22930908203125,18.87263298034668,-1052.8917236328125,307.3834533691406,11.295238494873047,-1052.9385986328125,306.7288818359375,11.897307395935059
1137,-1052.29833984375,317.9920654296875,7.340599957387894,-1057.38720703125,301.22930908203125,17.518178939819336,-1055.6531982421875,306.6485595703125,11.82921028137207,-1055.538818359375,305.6261291503906,12.783469200134277
1138,-1057.4918212890625,318.70770263671875,7.076749985571951,-1057.38720703125,301.22930908203125,17.47870635986328,-1058.773193359375,307.9108581542969,10.872615814208984,-1058.29638671875,306.7424621582031,11.992259979248047
1139,-1060.5850830078125,319.0982360839844,7.042441982775927,-1066.85009765625,301.2886657714844,18.879384994506836,-1065.2396240234375,311.24432373046875,9.12955093383789,-1065.0440673828125,310.51312255859375,9.674022674560547
1140,-1063.97998046875,319.5268249511719,7.228922040667385,-1062.0582275390625,310.7752990722656,8.960041046142578,-1065.5732421875,316.023193359375,3.8488852977752686,-1065.26220703125,315.83892822265625,3.904444456100464
1141,-1067.3673095703125,319.9544677734375,7.213818957097828,-1066.81982421875,306.04681396484375,13.918425559997559,-1070.174560546875,316.9140625,4.138202667236328,-1070.01904296875,316.7542419433594,4.156096458435059
1142,-1070.587646484375,320.3657531738281,7.1354060200974345,-1071.55126953125,306.07647705078125,14.321731567382812,-1075.243896484375,316.5382995605469,6.027442455291748,-1075.0648193359375,316.39337158203125,5.985389709472656
1143,-1074.0977783203125,320.8140563964844,6.773724977392703,-1071.55126953125,306.07647705078125,14.95596694946289,-1075.396728515625,316.93463134765625,4.091113567352295,-1075.2655029296875,316.94598388671875,4.040490627288818
1144,-1077.303955078125,321.2235107421875,6.759412994142622,-1085.5943603515625,329.95623779296875,12.041234970092773,-1083.4833984375,319.2415771484375,6.489497661590576,-1083.8779296875,319.77166748046875,6.732383728027344
1145,-1080.6295166015625,321.66131591796875,6.8464159849099815,-1090.3258056640625,329.9859313964844,12.779563903808594,-1088.8389892578125,321.0109558105469,8.235193252563477,-1089.0438232421875,322.50469970703125,8.45646858215332
1146,-1083.95361328125,322.09893798828125,7.241874991450459,-1090.3258056640625,329.9859313964844,10.139501571655273,-1088.9227294921875,321.43292236328125,5.013550758361816,-1089.14453125,322.9231872558594,5.255950450897217
1147,-1087.2816162109375,322.5370788574219,7.5689550139941275,-1095.0572509765625,330.0155944824219,10.788358688354492,-1092.532958984375,320.81439208984375,5.5266852378845215,-1092.73974609375,322.5029296875,5.4582366943359375
1148,-1090.677734375,323.01129150390625,7.398588000796735,-1099.7584228515625,334.80340576171875,14.883307456970215,-1097.193115234375,326.95751953125,7.617276668548584,-1097.3798828125,328.5306396484375,8.682280540466309
1149,-1094.0728759765625,323.4853820800781,7.265673018991947,-1099.7584228515625,334.80340576171875,12.665823936462402,-1100.99951171875,326.1506042480469,7.421704292297363,-1101.1082763671875,327.6893615722656,8.195749282836914
1150,-1097.167236328125,323.9174499511719,7.125967007596046,-1099.7584228515625,334.80340576171875,11.19009780883789,-1100.761474609375,325.7732849121094,4.045080184936523,-1100.818603515625,327.2110290527344,4.917331218719482
1151,-1100.553955078125,324.3746337890625,6.796261004637927,-1109.3118896484375,320.5882568359375,9.541387557983398,-1106.03466796875,324.7724609375,5.4951324462890625,-1106.466064453125,325.3193359375,5.9871110916137695
1152,-1103.6607666015625,324.79400634765625,6.796522997319698,-1109.3118896484375,320.5882568359375,7.04439640045166,-1109.510009765625,324.9180603027344,5.850558280944824,-1109.58056640625,325.6451721191406,5.980678081512451
1153,-1107.063232421875,325.2532958984375,6.823992996942252,-1109.3118896484375,320.5882568359375,5.1787109375,-1109.34765625,324.1712951660156,2.5277099609375,-1109.39794921875,324.6191711425781,2.4193007946014404
1154,-1110.615234375,325.73876953125,7.220885017886758,-1109.3118896484375,320.5882568359375,5.312860488891602,-1112.697265625,325.28106689453125,2.131747245788574,-1112.33544921875,325.8737487792969,1.725502371788025
1155,-1113.8463134765625,326.18035888671875,7.5541260302998126,-1123.41552734375,334.9516906738281,12.980990409851074,-1119.6260986328125,327.1824951171875,5.866020202636719,-1119.7574462890625,328.74273681640625,6.44261360168457
1156,-1117.0816650390625,326.6225280761719,7.494057004805654,-1118.6539306640625,339.68017578125,13.151965141296387,-1119.3076171875,333.77716064453125,7.492905139923096,-1119.408203125,335.274658203125,8.959471702575684
1157,-1122.319091796875,327.2924499511719,7.513433985877782,-1123.38525390625,339.7098388671875,12.463075637817383,-1127.683349609375,332.33966064453125,7.365432262420654,-1127.5396728515625,333.7625427246094,8.313636779785156
1158,-1127.08984375,327.9026794433594,7.441445952281356,-1132.84814453125,339.7691650390625,13.189825057983398,-1131.7938232421875,332.3960876464844,6.505239486694336,-1131.6104736328125,333.81365966796875,7.441490173339844
1159,-1130.270751953125,328.2547912597656,7.31522700516507,-1132.84814453125,339.7691650390625,11.799312591552734,-1131.9779052734375,333.03106689453125,5.072196960449219,-1131.81689453125,334.53448486328125,6.467233180999756
1160,-1133.4552001953125,328.6073303222656,7.129770994652063,-1142.31103515625,339.8284606933594,14.29473876953125,-1137.207763671875,334.5781555175781,7.052126407623291,-1137.1146240234375,336.0795593261719,8.320191383361816
1161,-1136.94482421875,328.9936218261719,7.438144995830953,-1142.31103515625,339.8284606933594,12.090903282165527,-1141.7880859375,334.893798828125,7.633431434631348,-1141.680908203125,336.523681640625,8.895633697509766
1162,-1140.09765625,329.3922424316406,7.774003024678677,-1142.31103515625,339.8284606933594,10.668350219726562,-1141.448974609375,334.7651062011719,5.540191650390625,-1141.2982177734375,336.347900390625,7.058507442474365
1163,-1143.5587158203125,329.829833984375,7.873205002397299,-1142.28076171875,344.58660888671875,14.812007904052734,-1144.30126953125,339.0356140136719,9.235678672790527,-1143.925048828125,340.260986328125,10.437582969665527
1164,-1146.71826171875,330.2292785644531,7.579594966955483,-1147.04248046875,339.85809326171875,9.634271621704102,-1150.1138916015625,337.85284423828125,8.345601081848145,-1149.689453125,339.2352294921875,9.483413696289062
1165,-1150.083251953125,330.6872863769531,7.224177999887615,-1161.20654296875,344.7052001953125,17.894956588745117,-1157.673095703125,338.9423828125,11.213934898376465,-1157.910400390625,340.40911865234375,12.48111629486084
1166,-1153.4630126953125,331.1473083496094,7.509526971261948,-1161.20654296875,344.7052001953125,15.61341381072998,-1157.675048828125,339.009521484375,8.919397354125977,-1157.929931640625,340.5155944824219,10.378735542297363
1167,-1156.532470703125,331.5650939941406,7.286560023203492,-1161.20654296875,344.7052001953125,13.946660041809082,-1161.761474609375,338.6407470703125,8.798144340515137,-1161.6585693359375,340.20220947265625,10.043736457824707
1168,-1159.7401123046875,332.0107116699219,7.6635630102828145,-1161.20654296875,344.7052001953125,12.77890682220459,-1164.287353515625,338.28485107421875,7.748692035675049,-1164.08251953125,339.8610534667969,8.971307754516602
1169,-1162.9468994140625,332.4561767578125,7.393605017568916,-1161.20654296875,344.7052001953125,12.372041702270508,-1164.19140625,338.90203857421875,6.564901351928711,-1163.9613037109375,340.57177734375,8.178751945495605
1170,-1166.4691162109375,332.9454650878906,7.596786017529666,-1165.93798828125,344.7348327636719,11.801325798034668,-1167.9326171875,337.6221008300781,4.9002814292907715,-1167.5413818359375,339.45166015625,6.593961238861084
1171,-1169.7039794921875,333.3763427734375,7.61029904242605,-1170.63916015625,349.5226135253906,16.173330307006836,-1174.0302734375,343.900146484375,11.37836742401123,-1173.77197265625,345.2822570800781,12.581707000732422
1172,-1172.9459228515625,333.8081970214844,7.669038022868335,-1184.83349609375,349.6115417480469,19.775239944458008,-1180.2236328125,342.5660705566406,11.38707160949707,-1180.1556396484375,343.4737854003906,12.058341979980469
1173,-1176.497802734375,334.28131103515625,7.467403018381447,-1184.83349609375,349.6115417480469,17.449920654296875,-1180.09228515625,346.18292236328125,12.432563781738281,-1180.104248046875,347.48236083984375,13.684815406799316
1174,-1179.730712890625,334.69842529296875,7.066386053338647,-1184.83349609375,349.6115417480469,15.761961936950684,-1183.78955078125,347.3545837402344,13.291069030761719,-1183.74462890625,348.51220703125,14.38513469696045
1175,-1183.274658203125,335.1556701660156,7.21392995910719,-1184.83349609375,349.6115417480469,14.539676666259766,-1187.10791015625,344.618408203125,10.209663391113281,-1186.4984130859375,346.62933349609375,11.917950630187988
1176,-1186.5059814453125,335.5726013183594,7.377344009000808,-1199.1182861328125,335.4259948730469,12.613157272338867,-1195.56396484375,338.6605529785156,9.56987476348877,-1196.173583984375,338.4546813964844,10.088058471679688
1177,-1189.923583984375,336.0243835449219,7.5644709868356586,-1199.1182861328125,335.4259948730469,9.214153289794922,-1195.9014892578125,337.25830078125,6.1039252281188965,-1196.5118408203125,336.9310302734375,6.650348663330078
1178,-1193.3272705078125,336.4743347167969,7.686962955631316,-1199.1182861328125,335.4259948730469,5.885140419006348,-1199.744384765625,339.5397644042969,7.111695766448975,-1199.775390625,339.50140380859375,7.123300075531006
1179,-1196.4427490234375,336.88616943359375,7.5260179582983255,-1199.1182861328125,335.4259948730469,3.0480499267578125,-1204.693603515625,337.7652893066406,8.29755687713623,-1204.7646484375,337.88116455078125,8.381171226501465
1180,-1201.5894775390625,337.545166015625,7.528765010647476,-1208.46044921875,354.5178527832031,18.31071662902832,-1208.4833984375,343.0991516113281,8.8528470993042,-1208.402587890625,342.9934997558594,8.723692893981934
1181,-1206.2672119140625,338.1440734863281,7.2173799853771925,-1208.46044921875,354.5178527832031,16.520015716552734,-1212.3878173828125,343.4281005859375,8.085960388183594,-1212.191162109375,343.17681884765625,7.7731404304504395
1182,-1209.4635009765625,338.56793212890625,7.311159977689385,-1222.8056640625,330.81597900390625,15.430686950683594,-1218.9326171875,342.0179138183594,10.078022003173828,-1218.9691162109375,341.5942077636719,9.975723266601562
1183,-1212.97705078125,339.0338439941406,7.522196974605322,-1222.6546630859375,354.6067199707031,18.334957122802734,-1222.580322265625,343.53338623046875,10.60512638092041,-1222.502197265625,343.6417236328125,10.581160545349121
1184,-1216.17333984375,339.4576416015625,7.325090991798788,-1222.8056640625,330.81597900390625,10.89339542388916,-1222.47705078125,341.88018798828125,6.753184795379639,-1222.38037109375,341.26934814453125,6.466027736663818
1185,-1219.50439453125,339.87677001953125,7.002852042205632,-1232.2684326171875,330.875244140625,15.618839263916016,-1227.4658203125,341.9877014160156,8.23652458190918,-1227.653076171875,341.4756164550781,8.304055213928223
1186,-1222.8397216796875,340.29638671875,6.970079964958131,-1236.9998779296875,330.90484619140625,16.991498947143555,-1233.0291748046875,340.2773742675781,10.189470291137695,-1233.4547119140625,338.9666442871094,10.697954177856445
1187,-1226.1712646484375,340.715576171875,7.041064032819122,-1227.3861083984375,354.6363525390625,13.973684310913086,-1232.7919921875,342.3872985839844,6.82852029800415,-1233.2032470703125,341.4097900390625,7.066166400909424
1188,-1229.704833984375,341.18719482421875,7.359365001320839,-1241.7313232421875,330.9344787597656,15.803627014160156,-1237.352783203125,339.69573974609375,7.792019367218018,-1237.497314453125,338.68035888671875,8.185779571533203
1189,-1232.9510498046875,341.6204833984375,7.490650983527303,-1246.40234375,340.4803771972656,13.499523162841797,-1242.064453125,344.93603515625,9.697783470153809,-1242.207275390625,344.0325012207031,9.565330505371094
1190,-1236.1795654296875,342.0513916015625,7.469943957403302,-1246.40234375,340.4803771972656,10.342788696289062,-1246.132568359375,345.6194763183594,10.57324504852295,-1245.897216796875,344.6083984375,10.048434257507324
1191,-1239.64599609375,342.50152587890625,7.435395964421332,-1246.40234375,340.4803771972656,7.052182197570801,-1246.418212890625,346.81036376953125,8.02676773071289,-1246.2822265625,346.0979919433594,7.548120498657227
1192,-1242.7999267578125,342.9110412597656,7.225784007459879,-1246.40234375,340.4803771972656,4.345749378204346,-1250.030517578125,347.8054504394531,8.731362342834473,-1249.8310546875,347.7470703125,8.53369426727295
1193,-1245.952880859375,343.3204345703125,7.413213956169784,-1255.774658203125,354.8140563964844,15.118553161621094,-1255.210693359375,349.03619384765625,10.880119323730469,-1255.1312255859375,350.00994873046875,11.357447624206543
1194,-1249.2528076171875,343.77008056640625,7.36930500715971,-1255.8350830078125,345.2977600097656,6.757229804992676,-1258.96875,346.9378356933594,10.219305992126465,-1258.6865234375,346.9776916503906,9.964123725891113
1195,-1252.54345703125,344.21844482421875,7.328110979869962,-1255.8350830078125,345.2977600097656,3.464061737060547,-1258.780029296875,346.31719970703125,6.5802435874938965,-1258.52001953125,346.1965637207031,6.29541540145874
1196,-1255.8385009765625,344.66741943359375,7.324798032641411,-1260.6268310546875,335.8110656738281,10.067925453186035,-1264.2515869140625,343.36737060546875,8.512939453125,-1263.9888916015625,342.1871643066406,8.519420623779297
1197,-1259.270263671875,345.1302185058594,7.287258980795741,-1270.0897216796875,335.87030029296875,14.241024017333984,-1270.0018310546875,342.7713623046875,10.987753868103027,-1269.7337646484375,340.56524658203125,11.415946006774902
1198,-1262.3984375,345.5520935058594,7.194851990789175,-1270.0897216796875,335.87030029296875,12.364990234375,-1272.057861328125,341.8853759765625,10.331954002380371,-1271.6104736328125,339.24090576171875,11.16658878326416
1199,-1265.8262939453125,346.0143737792969,7.382950047031045,-1270.0897216796875,335.87030029296875,11.003592491149902,-1272.125732421875,342.622802734375,7.154417037963867,-1271.623046875,339.7594909667969,8.527948379516602
1200,-1269.2608642578125,346.46221923828125,7.314024958759546,-1274.8211669921875,335.89990234375,11.936477661132812,-1276.39990234375,344.844482421875,7.320036888122559,-1276.08203125,341.70513916015625,8.316136360168457
1201,-1272.418701171875,346.87396240234375,7.127483026124537,-1279.3714599609375,364.4783935546875,18.92767333984375,-1282.649658203125,353.8307800292969,12.372138023376465,-1282.399658203125,354.3197021484375,12.452250480651855
1202,-1275.558837890625,347.2834167480469,7.381139032077044,-1284.2236328125,345.47540283203125,8.851417541503906,-1288.0487060546875,352.51898193359375,13.542819023132324,-1287.9696044921875,352.316650390625,13.392556190490723
1203,-1279.799072265625,347.852783203125,7.479043037164956,-1288.8343505859375,364.53759765625,18.97417449951172,-1293.131103515625,353.06732177734375,14.315532684326172,-1293.018798828125,353.09002685546875,14.219348907470703
1204,-1284.0147705078125,348.41888427734375,7.50416296068579,-1288.8343505859375,364.53759765625,16.82383155822754,-1293.2392578125,354.2259216308594,10.900131225585938,-1293.1771240234375,354.7348937988281,11.128373146057129
1205,-1286.021484375,348.6810607910156,7.4049970135092735,-1303.0286865234375,364.62640380859375,23.31306266784668,-1298.92138671875,353.0029602050781,13.604642868041992,-1298.8994140625,353.42816162109375,13.725014686584473
1206,-1288.03125,348.94366455078125,7.561798964161426,-1288.8343505859375,364.53759765625,15.614599227905273,-1297.927001953125,355.38726806640625,11.808722496032715,-1298.1282958984375,356.129638671875,12.393085479736328
1207,-1290.234130859375,349.23150634765625,7.380990020465106,-1303.0286865234375,364.62640380859375,20.017580032348633,-1303.3890380859375,354.4409484863281,14.148847579956055,-1303.504150390625,355.1573181152344,14.53302001953125
1208,-1291.4052734375,349.619873046875,7.337706978432834,-1298.2972412109375,364.5968017578125,16.486589431762695,-1303.11181640625,354.86212158203125,12.826703071594238,-1303.1566162109375,355.8025817871094,13.278552055358887
1209,-1292.5743408203125,350.0075378417969,7.099821988958865,-1298.2972412109375,364.5968017578125,15.671573638916016,-1303.06103515625,354.68951416015625,11.48440933227539,-1303.074462890625,355.492919921875,11.846602439880371
1210,-1293.859619140625,350.4337463378906,8.64083704072982,-1298.2972412109375,364.5968017578125,14.841988563537598,-1306.0120849609375,355.916259765625,13.331930160522461,-1305.998046875,356.5787048339844,13.605217933654785
1211,-1294.1920166015625,351.39898681640625,6.9547739694826305,-1298.2972412109375,364.5968017578125,13.821547508239746,-1305.892333984375,355.794189453125,12.49860954284668,-1305.921875,356.3069152832031,12.715240478515625
1212,-1294.5579833984375,352.4612731933594,7.017204014118761,-1298.2972412109375,364.5968017578125,12.69854736328125,-1305.6065673828125,357.4060974121094,12.104647636413574,-1305.1170654296875,358.9423522949219,12.38945484161377
1213,-1294.921630859375,353.5173034667969,7.155849016271532,-1298.26708984375,369.3549499511719,16.1871280670166,-1305.7181396484375,361.74652099609375,13.57514762878418,-1305.3948974609375,363.0945129394531,14.191978454589844
1214,-1294.774169921875,355.15673828125,7.3458930128254,-1298.26708984375,369.3549499511719,14.621549606323242,-1306.1553955078125,361.39019775390625,12.976452827453613,-1305.9693603515625,362.7073669433594,13.503491401672363
1215,-1294.6126708984375,356.9520263671875,7.422981958370656,-1298.26708984375,369.3549499511719,12.930092811584473,-1304.0958251953125,364.1054992675781,11.878652572631836,-1303.8553466796875,365.2166442871094,12.398828506469727
1216,-1294.451904296875,358.7381896972656,7.399463967885822,-1298.2369384765625,374.11309814453125,15.83396053314209,-1299.397705078125,371.212890625,13.419355392456055,-1298.71923828125,371.6492614746094,13.598011016845703
1217,-1294.2373046875,361.0667419433594,7.3602619813755155,-1288.7740478515625,374.05389404296875,14.08947467803955,-1296.2232666015625,372.07696533203125,11.187898635864258,-1295.130859375,372.558349609375,11.52629566192627
1218,-1294.023193359375,363.3902893066406,7.365028955973685,-1288.7740478515625,374.05389404296875,11.885537147521973,-1297.849853515625,375.28656005859375,12.496582984924316,-1296.70263671875,375.39544677734375,12.300537109375
1219,-1293.7880859375,365.9405517578125,7.156182953622192,-1293.475341796875,378.8416442871094,12.904882431030273,-1295.8975830078125,375.77313232421875,10.05632209777832,-1294.5107421875,375.89801025390625,9.983647346496582
1220,-1293.5167236328125,369.0880126953125,7.056884001940489,-1293.475341796875,378.8416442871094,9.753719329833984,-1296.1484375,379.07012939453125,10.323205947875977,-1294.953857421875,379.0362548828125,10.05151081085205
1221,-1293.26953125,371.9544372558594,6.958601996302605,-1298.2369384765625,374.11309814453125,5.41617488861084,-1297.1448974609375,378.8799133300781,7.936037063598633,-1296.1024169921875,378.81097412109375,7.418715476989746
1222,-1293.022216796875,374.8238525390625,7.057917944621295,-1288.68359375,388.328369140625,14.184344291687012,-1297.283203125,383.5679016113281,9.726993560791016,-1295.8951416015625,383.5574951171875,9.194031715393066
1223,-1292.35595703125,380.0056457519531,7.456602004822344,-1288.6533203125,393.0865173339844,13.594804763793945,-1295.5579833984375,388.9524230957031,9.50251579284668,-1294.237548828125,388.963134765625,9.15297794342041
1224,-1291.74560546875,384.7535705566406,7.591356988996267,-1288.6533203125,393.0865173339844,8.88820743560791,-1296.493896484375,393.5726318359375,10.016092300415039,-1295.2080078125,393.7341003417969,9.624871253967285
1225,-1291.2833251953125,388.0576171875,7.553807983640581,-1288.6533203125,393.0865173339844,5.675100326538086,-1296.2099609375,393.7409973144531,7.521472454071045,-1294.931884765625,393.94964599609375,6.930222988128662
1226,-1290.821044921875,391.36181640625,7.42341997101903,-1293.3546142578125,397.874267578125,6.987917900085449,-1296.383056640625,398.03155517578125,8.684548377990723,-1295.137451171875,398.10443115234375,8.00588607788086
1227,-1290.31591796875,394.9726867675781,7.070047955494374,-1293.2943115234375,407.39056396484375,12.770063400268555,-1293.220947265625,402.67205810546875,8.22918701171875,-1292.793701171875,402.6943054199219,8.109426498413086
1228,-1289.9229736328125,398.2120056152344,7.19285401282832,-1293.2943115234375,407.39056396484375,9.778131484985352,-1293.177001953125,402.6344299316406,5.490586280822754,-1292.5634765625,402.624267578125,5.142014503479004
1229,-1289.49365234375,401.75054931640625,7.331717002671212,-1293.2943115234375,407.39056396484375,6.80108642578125,-1294.15966796875,407.1012878417969,7.0994439125061035,-1293.6767578125,407.0541687011719,6.754757404327393
1230,-1289.1005859375,404.9914245605469,7.285554020199925,-1293.2340087890625,416.9068603515625,12.61201000213623,-1293.637939453125,412.43475341796875,8.717266082763672,-1292.945556640625,412.4523620605469,8.393413543701172
1231,-1288.712890625,408.51080322265625,9.939793962985277,-1293.203857421875,421.6650085449219,13.899707794189453,-1294.7869873046875,419.321044921875,12.399837493896484,-1294.41943359375,419.8010559082031,12.650471687316895
1232,-1288.3602294921875,411.71099853515625,7.747567957267165,-1293.203857421875,421.6650085449219,11.069915771484375,-1294.29443359375,419.41900634765625,9.727700233459473,-1293.7979736328125,419.8898010253906,9.821500778198242
1233,-1288.0078125,414.9100036621094,7.560223049949855,-1307.3680419921875,426.5119323730469,22.570405960083008,-1297.02294921875,424.07232666015625,12.853826522827148,-1297.043212890625,424.3421936035156,13.061572074890137
1234,-1287.64208984375,418.07073974609375,7.618752017151564,-1307.3680419921875,426.5119323730469,21.45616340637207,-1296.48486328125,424.036865234375,10.667206764221191,-1296.509521484375,424.34478759765625,10.86255168914795
1235,-1287.2406005859375,421.54034423828125,7.454607984982431,-1307.337890625,431.27008056640625,22.328655242919922,-1297.96923828125,428.41766357421875,12.743672370910645,-1297.937255859375,428.6132507324219,12.823589324951172
1236,-1286.874267578125,424.70611572265625,7.543614017777145,-1307.337890625,431.27008056640625,21.490591049194336,-1298.5634765625,430.22149658203125,12.925054550170898,-1298.536376953125,430.1899108886719,12.887078285217285
1237,-1286.5443115234375,427.6591796875,8.017675019800663,-1307.337890625,431.27008056640625,21.104774475097656,-1298.1629638671875,430.5876159667969,11.98202133178711,-1298.0537109375,430.5948791503906,11.877903938293457
1238,-1286.1826171875,430.895751953125,7.6352370087988675,-1307.337890625,431.27008056640625,21.158584594726562,-1296.909912109375,435.17462158203125,11.54918098449707,-1296.7093505859375,434.94598388671875,11.27902889251709
1239,-1285.85302734375,433.845458984375,7.272134011145681,-1293.0831298828125,440.6976013183594,9.961236953735352,-1296.687255859375,441.00384521484375,12.985491752624512,-1296.624267578125,440.85260009765625,12.849888801574707
1240,-1285.618896484375,436.28582763671875,7.151823025196791,-1293.0831298828125,440.6976013183594,8.670555114746094,-1293.5257568359375,441.0877990722656,9.25080394744873,-1292.7479248046875,440.9183349609375,8.501951217651367
1241,-1285.385009765625,438.7239685058594,7.131828984711319,-1293.0831298828125,440.6976013183594,7.947092533111572,-1294.102294921875,441.31011962890625,9.092812538146973,-1293.5457763671875,441.18841552734375,8.524765014648438
1242,-1285.1279296875,441.404052734375,7.359576993621886,-1278.8284912109375,450.1250915527344,10.75822639465332,-1285.6669921875,446.117431640625,4.744104862213135,-1283.25830078125,446.47735595703125,5.406839847564697
1243,-1284.8245849609375,443.0103759765625,7.391445047687739,-1278.8284912109375,450.1250915527344,9.304424285888672,-1287.02001953125,445.3038330078125,3.174882411956787,-1285.611083984375,445.14605712890625,2.2758986949920654
1244,-1284.521240234375,444.61700439453125,7.431795995216817,-1278.79833984375,454.88323974609375,11.753602981567383,-1283.32080078125,453.1133728027344,8.580753326416016,-1281.5775146484375,453.55657958984375,9.411775588989258
1245,-1284.1883544921875,446.3800354003906,12.16980500612408,-1278.79833984375,454.88323974609375,10.067607879638672,-1284.2532958984375,452.6935119628906,6.3138108253479,-1282.412353515625,453.22412109375,7.070763111114502
1246,-1283.4691162109375,447.0561828613281,7.389592996332794,-1278.79833984375,454.88323974609375,9.114767074584961,-1285.8597412109375,452.6171569824219,6.053058624267578,-1284.011962890625,453.2241516113281,6.191810607910156
1247,-1282.6800537109375,447.79791259765625,7.0099299773573875,-1278.79833984375,454.88323974609375,8.078957557678223,-1285.70458984375,452.9240417480469,5.951891899108887,-1283.875732421875,453.47222900390625,5.798923969268799
1248,-1281.9620361328125,448.47283935546875,7.125717005692422,-1278.79833984375,454.88323974609375,7.148581027984619,-1287.15087890625,452.51336669921875,6.576469421386719,-1285.59033203125,453.20025634765625,5.959278583526611
1249,-1280.5360107421875,448.5072937011719,7.265582040417939,-1274.127197265625,445.3373107910156,7.149942874908447,-1280.25341796875,451.417724609375,2.9241180419921875,-1278.8828125,451.7281494140625,3.6203558444976807
1250,-1279.2393798828125,448.53863525390625,7.484450004994869,-1274.127197265625,445.3373107910156,6.03182315826416,-1279.335205078125,451.1839599609375,2.647059679031372,-1278.1417236328125,451.4248046875,3.087851047515869
1251,-1277.8157958984375,448.5730285644531,7.397444045636803,-1278.79833984375,454.88323974609375,6.386247634887695,-1278.433349609375,451.7375183105469,3.22418475151062,-1277.299560546875,452.0091552734375,3.474689245223999
1252,-1274.6600341796875,448.3343811035156,7.545516011305153,-1269.3353271484375,454.8240051269531,8.394505500793457,-1274.5379638671875,452.05279541015625,3.7204174995422363,-1273.968505859375,452.4903869628906,4.213145732879639
1253,-1271.7802734375,448.1166076660156,7.625425991136581,-1269.3353271484375,454.8240051269531,7.139113426208496,-1271.9423828125,450.33489990234375,2.224207639694214,-1271.85009765625,450.9734191894531,2.8576645851135254
1254,-1268.9866943359375,447.80621337890625,7.741308014374226,-1269.3353271484375,454.8240051269531,7.026446342468262,-1270.948486328125,450.059326171875,2.9874980449676514,-1271.06298828125,451.59869384765625,4.323644638061523
1255,-1266.42138671875,447.52117919921875,7.473164005205035,-1269.3353271484375,454.8240051269531,7.862717151641846,-1266.022705078125,446.32574462890625,1.2601629495620728,-1265.9794921875,447.15325927734375,0.5750094056129456
1256,-1263.8656005859375,447.2371826171875,7.382785028312355,-1269.3353271484375,454.8240051269531,9.35295581817627,-1265.3310546875,445.5252685546875,2.2534873485565186,-1264.9769287109375,445.8568420410156,1.772114634513855
1257,-1260.599609375,446.75970458984375,7.1168720023706555,-1255.171142578125,449.97705078125,6.310275077819824,-1259.5352783203125,443.1822204589844,3.7324512004852295,-1259.4693603515625,442.9848937988281,3.9403882026672363
1258,-1257.6229248046875,446.3245544433594,7.20784900477156,-1255.171142578125,449.97705078125,4.399086952209473,-1254.384765625,443.8760986328125,4.059631824493408,-1254.305908203125,445.00408935546875,3.570185899734497
1259,-1254.3475341796875,445.845703125,7.340206007938832,-1250.590576171875,426.15667724609375,20.04426383972168,-1253.95654296875,438.001708984375,7.853732585906982,-1253.9080810546875,437.4530029296875,8.404197692871094
1260,-1250.87744140625,445.34136962890625,7.225878012832254,-1245.708251953125,449.9178161621094,6.903939723968506,-1250.425537109375,439.5252685546875,5.833630561828613,-1250.459228515625,440.2698059082031,5.088778018951416
1261,-1247.7138671875,444.8815612792969,7.311852008569986,-1240.976806640625,449.88818359375,8.39370346069336,-1245.2030029296875,442.19830322265625,3.674821615219116,-1244.638916015625,445.748046875,3.1947021484375
1262,-1244.2371826171875,444.37628173828125,7.49450596049428,-1236.245361328125,449.85858154296875,9.691481590270996,-1238.8897705078125,444.9131164550781,5.37429141998291,-1238.4549560546875,446.9091491699219,6.312650680541992
1263,-1240.97802734375,443.9339904785156,7.536099990829825,-1236.245361328125,449.85858154296875,7.582803726196289,-1238.940673828125,444.9778747558594,2.289214611053467,-1238.52685546875,447.2184143066406,4.0982537269592285
1264,-1237.4039306640625,443.448974609375,7.508615031838417,-1236.245361328125,449.85858154296875,6.513473987579346,-1235.674560546875,444.9095764160156,2.2636427879333496,-1235.41064453125,447.14508056640625,4.199332237243652
1265,-1234.147216796875,443.0070495605469,7.407739001791924,-1226.7823486328125,449.7993469238281,10.018811225891113,-1230.122314453125,445.9966735839844,5.013750076293945,-1229.6728515625,447.4965515136719,6.338420391082764
1266,-1230.9583740234375,442.6260070800781,7.553268980700523,-1226.7823486328125,449.7993469238281,8.300361633300781,-1226.3525390625,446.1441345214844,5.795769214630127,-1226.2578125,447.3802490234375,6.685663223266602
1267,-1227.461669921875,442.2082214355469,7.679614995140582,-1222.0810546875,445.0115661621094,6.067104816436768,-1226.33984375,440.7921142578125,1.806613802909851,-1226.2939453125,442.6211242675781,1.2385755777359009
1268,-1224.271728515625,441.8270568847656,7.391027989797294,-1226.8126220703125,445.04119873046875,4.097175598144531,-1222.7432861328125,440.7272644042969,1.8829975128173828,-1222.7969970703125,442.4603271484375,1.6049498319625854
1269,-1221.1033935546875,441.42730712890625,7.0439279661513865,-1222.0810546875,445.0115661621094,3.715203046798706,-1218.605712890625,440.1356201171875,2.8119146823883057,-1218.5584716796875,442.068603515625,2.624478578567505
1270,-1217.6351318359375,440.98974609375,6.914374011103064,-1217.349609375,444.98193359375,4.002385139465332,-1214.9561767578125,439.5068054199219,3.062011480331421,-1215.267578125,441.09942626953125,2.3700928688049316
1271,-1214.47802734375,440.5914001464844,6.904560956172645,-1217.349609375,444.98193359375,5.246214866638184,-1215.1419677734375,438.83197021484375,1.8805346488952637,-1215.4921875,440.7532958984375,1.0270010232925415
1272,-1209.53955078125,439.9296569824219,6.90924801165238,-1212.6181640625,444.9523010253906,5.891078948974609,-1209.6883544921875,439.26507568359375,0.6810365915298462,-1210.006103515625,440.69537353515625,0.8966567516326904
1273,-1204.59228515625,439.2667236328125,7.497146027162671,-1207.88671875,444.9226989746094,6.545483112335205,-1204.357177734375,437.03558349609375,2.2434933185577393,-1204.3101806640625,438.3121032714844,0.9954310655593872
1274,-1201.1785888671875,438.83367919921875,7.145202020183206,-1193.752685546875,435.3175048828125,8.216296195983887,-1197.184814453125,436.8953857421875,4.439280986785889,-1196.799072265625,437.11444091796875,4.704885482788086
1275,-1198.07177734375,438.4395446777344,7.026112987659872,-1193.752685546875,435.3175048828125,5.3293232917785645,-1193.25048828125,436.6387023925781,5.14663553237915,-1193.16455078125,436.85382080078125,5.157072067260742
1276,-1194.676025390625,438.0087890625,6.926815025508404,-1193.752685546875,435.3175048828125,2.845270872116089,-1189.2119140625,435.88238525390625,5.863284587860107,-1189.2918701171875,436.2585754394531,5.661481857299805
1277,-1191.5596923828125,437.6021423339844,6.960659986361861,-1193.752685546875,435.3175048828125,3.166826009750366,-1189.10546875,432.19598388671875,5.937150955200195,-1189.0408935546875,433.2560119628906,5.023265361785889
1278,-1188.169677734375,437.1597900390625,6.8533720332197845,-1184.320068359375,430.5000915527344,7.69227409362793,-1184.578125,431.4451599121094,6.749536991119385,-1184.5400390625,432.11492919921875,6.214893341064453
1279,-1184.7801513671875,436.7174987792969,6.894940976053476,-1184.289794921875,435.25823974609375,1.5394434928894043,-1180.3485107421875,432.000244140625,6.472397327423096,-1180.59716796875,432.8907470703125,5.669336795806885
1280,-1181.596923828125,436.3039855957031,7.019802986178547,-1184.320068359375,430.5000915527344,6.410982608795166,-1180.6422119140625,432.578369140625,3.845996856689453,-1180.981201171875,433.4357604980469,2.9335694313049316
1281,-1178.1053466796875,435.8504333496094,7.208117982372642,-1179.5281982421875,439.98675537109375,4.374204635620117,-1175.26806640625,431.9728088378906,4.804802894592285,-1175.2833251953125,433.2196044921875,3.858116865158081
1282,-1174.925048828125,435.43731689453125,7.151883968617767,-1165.364013671875,435.1396789550781,9.565666198730469,-1169.541015625,430.609619140625,7.231492042541504,-1169.68359375,431.863037109375,6.3441572189331055
1283,-1171.520263671875,434.9862976074219,7.3433369980193675,-1160.6627197265625,430.3518981933594,11.80525016784668,-1163.1258544921875,429.81219482421875,9.860904693603516,-1162.8758544921875,431.1638488769531,9.451821327209473
1284,-1168.4232177734375,434.5760498046875,7.685793039854616,-1160.75341796875,416.07745361328125,20.02558135986328,-1163.4559326171875,428.8310852050781,7.594639301300049,-1163.203125,429.5238342285156,7.264588832855225
1285,-1165.0087890625,434.1237487792969,7.745378010440618,-1160.75341796875,416.07745361328125,18.541223526000977,-1159.4566650390625,426.8072814941406,9.18459415435791,-1159.35400390625,426.62384033203125,9.392827987670898
1286,-1161.6248779296875,433.6956481933594,7.566346030216664,-1151.29052734375,416.0181579589844,20.47663116455078,-1156.20556640625,426.8283386230469,8.748078346252441,-1156.3306884765625,426.45947265625,8.966084480285645
1287,-1158.2376708984375,433.2671203613281,7.360576011706144,-1151.29052734375,416.0181579589844,18.595415115356445,-1151.017822265625,426.35919189453125,9.992280960083008,-1150.9049072265625,424.9678955078125,11.074590682983398
1288,-1155.1536865234375,432.8769836425781,6.946325011085719,-1151.29052734375,416.0181579589844,17.295780181884766,-1151.266845703125,426.6529541015625,7.33798885345459,-1151.1907958984375,425.6087341308594,8.278402328491211
1289,-1150.478759765625,432.26123046875,7.101040973793715,-1151.3206787109375,411.260009765625,21.018089294433594,-1146.9759521484375,419.15167236328125,13.5694580078125,-1147.025390625,418.32940673828125,14.353448867797852
1290,-1145.3497314453125,431.5856628417969,7.297031988855451,-1146.5892333984375,411.2303466796875,20.393020629882812,-1142.0179443359375,417.99346923828125,13.994588851928711,-1142.0509033203125,415.92254638671875,16.006732940673828
1291,-1142.1466064453125,431.1501159667969,6.973481038585305,-1137.1263427734375,411.1710510253906,20.600147247314453,-1136.675537109375,419.0450439453125,13.284027099609375,-1136.679931640625,417.52789306640625,14.678197860717773
1292,-1138.942626953125,430.7144775390625,7.45748303597793,-1127.6634521484375,411.11175537109375,22.61606788635254,-1131.551513671875,417.12255859375,15.471549034118652,-1131.365478515625,415.3529357910156,17.12863540649414
1293,-1135.443603515625,430.23870849609375,7.351962034590542,-1127.6634521484375,411.11175537109375,20.64875602722168,-1128.23828125,417.18463134765625,14.910587310791016,-1128.234619140625,415.5233459472656,16.386316299438477
1294,-1132.2279052734375,429.8307800292969,7.4300639680586755,-1127.6634521484375,411.11175537109375,19.267488479614258,-1128.2149658203125,417.97479248046875,12.516714096069336,-1128.1849365234375,416.4041748046875,14.022101402282715
1295,-1129.0345458984375,429.4256896972656,7.609215972479433,-1127.6634521484375,411.11175537109375,18.36518669128418,-1125.447265625,418.6776123046875,11.33091926574707,-1125.6890869140625,417.32232666015625,12.557209014892578
1296,-1125.52734375,428.9808044433594,7.606670027598739,-1113.4388427734375,415.78094482421875,17.89883041381836,-1117.29296875,419.47845458984375,12.573765754699707,-1117.0908203125,418.190673828125,13.696782112121582
1297,-1122.3232421875,428.5567932128906,7.621102035045624,-1113.4388427734375,415.78094482421875,15.561326026916504,-1113.135986328125,419.7190246582031,12.74801254272461,-1113.1279296875,418.3041687011719,13.772075653076172
1298,-1119.12255859375,428.13323974609375,7.476528990082443,-1113.4388427734375,415.78094482421875,13.597198486328125,-1113.11181640625,419.45574951171875,10.555939674377441,-1113.0936279296875,418.0418701171875,11.755158424377441
1299,-1115.600830078125,427.6672058105469,7.550355978310108,-1113.4388427734375,415.78094482421875,12.081282615661621,-1110.513671875,418.7015380859375,10.308363914489746,-1110.78515625,417.4161376953125,11.325860023498535
1300,-1112.4842529296875,427.2595520019531,7.37643102183938,-1108.7073974609375,415.75128173828125,12.112180709838867,-1104.727294921875,418.1971435546875,11.928857803344727,-1104.9921875,416.967529296875,12.730152130126953
1301,-1109.0638427734375,426.8121643066406,7.14172498555854,-1108.7073974609375,415.75128173828125,11.066624641418457,-1104.947998046875,418.65869140625,9.133416175842285,-1105.2142333984375,417.3648681640625,10.20151424407959
1302,-1105.6436767578125,426.3647766113281,7.177235034760088,-1103.9759521484375,415.72161865234375,10.773027420043945,-1099.506103515625,417.9671630859375,10.40142822265625,-1099.7379150390625,416.6394348144531,11.37806224822998
1303,-1102.26171875,425.92120361328125,7.06458295462653,-1099.304931640625,406.1756591796875,19.9656982421875,-1096.1900634765625,411.08489990234375,16.030624389648438,-1096.568359375,409.37310791015625,17.50010871887207
1304,-1098.886962890625,425.4785461425781,7.12105497950688,-1094.573486328125,406.14599609375,19.80791664123535,-1090.891357421875,412.9787292480469,14.838298797607422,-1091.320068359375,411.13421630859375,16.21782112121582
1305,-1095.798828125,425.073486328125,7.207337999716401,-1094.573486328125,406.14599609375,18.967111587524414,-1090.060791015625,414.0336608886719,12.441978454589844,-1090.286376953125,412.46368408203125,13.762057304382324
1306,-1092.4891357421875,424.6211242675781,6.995162984821945,-1085.0501708984375,415.60296630859375,11.690396308898926,-1085.1126708984375,417.9855041503906,9.921879768371582,-1084.955322265625,417.8730773925781,10.114073753356934
1307,-1089.1669921875,424.1670837402344,6.87761401059106,-1085.0501708984375,415.60296630859375,9.502227783203125,-1081.43603515625,419.9987487792969,8.783092498779297,-1081.6527099609375,419.8204345703125,8.680887222290039
1308,-1085.862060546875,423.7153625488281,6.8479140172712505,-1085.0501708984375,415.60296630859375,8.152921676635742,-1081.403076171875,419.3912353515625,6.211329936981201,-1081.6536865234375,419.0489501953125,6.283773899078369
1309,-1081.0892333984375,423.0723571777344,6.754164001904428,-1066.03369140625,429.75872802734375,16.473520278930664,-1071.971435546875,422.8555603027344,9.120375633239746,-1072.351806640625,423.39312744140625,8.74331283569336
1310,-1075.864013671875,422.368408203125,6.828529993072152,-1066.03369140625,429.75872802734375,12.298458099365234,-1064.941650390625,424.1829833984375,11.07206916809082,-1064.7886962890625,425.24456787109375,11.442681312561035
1311,-1072.665283203125,421.98699951171875,6.827684992458671,-1066.03369140625,429.75872802734375,10.216544151306152,-1064.88720703125,423.9439697265625,8.020485877990723,-1064.7216796875,425.0215759277344,8.503499031066895
1312,-1069.47265625,421.6062927246094,6.964209023863077,-1066.03369140625,429.75872802734375,8.848089218139648,-1062.9061279296875,424.2153625488281,7.065871238708496,-1063.06884765625,425.3660888671875,7.425956726074219
1313,-1065.9681396484375,421.18841552734375,6.977115001063794,-1061.30224609375,429.7290344238281,9.732046127319336,-1058.2762451171875,422.8653564453125,7.872570991516113,-1058.881103515625,424.2519836425781,7.720850467681885
1314,-1062.4818115234375,420.75830078125,7.103506999555975,-1051.8392333984375,429.669677734375,13.880817413330078,-1052.3095703125,420.20123291015625,10.187483787536621,-1052.451904296875,420.90240478515625,10.0309419631958
1315,-1059.3055419921875,420.36639404296875,7.217511010821909,-1051.8392333984375,429.669677734375,11.928824424743652,-1052.355712890625,420.4634704589844,6.950507164001465,-1052.4920654296875,421.190185546875,6.863096237182617
1316,-1056.133544921875,419.97503662109375,7.240217004437,-1051.8392333984375,429.669677734375,10.603168487548828,-1048.1094970703125,420.67315673828125,8.054360389709473,-1048.2147216796875,421.2842712402344,8.026322364807129
1317,-1052.8023681640625,419.5030517578125,7.2324390057474375,-1042.3763427734375,429.6103210449219,14.520980834960938,-1043.2520751953125,421.8572998046875,9.836187362670898,-1042.971435546875,423.196533203125,10.501859664916992
1318,-1049.485595703125,419.0330810546875,7.138844986911863,-1042.3763427734375,429.6103210449219,12.744390487670898,-1043.3043212890625,421.923095703125,6.823513507843018,-1043.031982421875,423.26812744140625,7.719115257263184
1319,-1046.156005859375,418.561279296875,7.288096996489912,-1042.4066162109375,424.8521728515625,7.3234734535217285,-1040.346923828125,420.8544616699219,6.245327949523926,-1040.660888671875,421.6732482910156,6.315113544464111
1320,-1042.6112060546875,418.08026123046875,7.474187004845589,-1028.2122802734375,424.76312255859375,15.874183654785156,-1031.4744873046875,420.12744140625,11.323314666748047,-1031.3299560546875,421.204345703125,11.705832481384277
1321,-1039.3802490234375,417.641845703125,7.537542027421296,-1028.2122802734375,424.76312255859375,13.245229721069336,-1031.68017578125,419.5978088378906,7.944615364074707,-1031.6163330078125,420.9476013183594,8.43838882446289
1322,-1036.147705078125,417.20318603515625,7.294640992768109,-1023.4807739257812,424.7334289550781,14.736204147338867,-1025.302001953125,415.8001708984375,10.936074256896973,-1025.18359375,417.593017578125,10.971039772033691
1323,-1032.6400146484375,416.74151611328125,7.646573008969426,-1018.7493286132812,424.7037658691406,16.010889053344727,-1021.7154541015625,415.9017333984375,10.956790924072266,-1021.603759765625,418.036376953125,11.111956596374512
1324,-1029.447998046875,416.3214111328125,7.598787022288889,-1018.7493286132812,424.7037658691406,13.5913724899292,-1018.7884521484375,414.6207275390625,10.794361114501953,-1018.9022827148438,416.87542724609375,10.560257911682129
1325,-1026.2518310546875,415.9007568359375,7.620858959853649,-1018.7493286132812,424.7037658691406,11.566352844238281,-1018.8724975585938,416.56158447265625,7.408863067626953,-1018.9498901367188,419.15374755859375,7.993765354156494
1326,-1021.3148193359375,415.3077697753906,7.884069986175746,-1018.7493286132812,424.7037658691406,9.73994255065918,-1014.3357543945312,413.4928894042969,7.211181163787842,-1014.3946533203125,414.697998046875,6.94697904586792
1327,-1016.4274291992188,414.72076416015625,7.278983015567064,-1014.0178833007812,424.674072265625,10.240813255310059,-1009.718017578125,414.95770263671875,6.71359395980835,-1009.5430297851562,416.34149169921875,7.072603225708008
1328,-1013.157958984375,414.3091125488281,7.449562021065503,-999.884033203125,415.0686950683594,13.29564094543457,-1004.0,416.68621826171875,9.461440086364746,-1003.807373046875,417.8567810058594,10.000970840454102
1329,-1009.8880615234375,413.8974304199219,7.435905979946256,-995.092041015625,424.5552978515625,18.234920501708984,-998.4580078125,417.0877685546875,11.866945266723633,-998.1210327148438,418.0557556152344,12.480170249938965
1330,-1006.6132202148438,413.485107421875,7.320928969420493,-995.092041015625,424.5552978515625,15.977693557739258,-998.5089111328125,415.3080139160156,8.306793212890625,-998.2078857421875,416.3704528808594,8.886780738830566
1331,-1003.1040649414062,413.0079650878906,7.049785053823143,-990.421142578125,415.00927734375,12.839850425720215,-993.2012939453125,414.31646728515625,9.988846778869629,-992.7880859375,415.044921875,10.515161514282227
1332,-999.9043579101562,412.5728759765625,7.263767998665571,-985.629150390625,424.4958801269531,18.599451065063477,-988.9749755859375,417.2656555175781,11.894267082214355,-988.8067626953125,418.0781555175781,12.38808822631836
1333,-996.7071533203125,412.1381530761719,7.172813988290727,-985.629150390625,424.4958801269531,16.59625244140625,-989.029052734375,416.218505859375,8.69497013092041,-988.8575439453125,417.0218505859375,9.244829177856445
1334,-993.2549438476562,411.6749572753906,7.2956979856826365,-980.927978515625,419.7080383300781,14.713411331176758,-985.3175659179688,412.347412109375,7.9658122062683105,-985.27685546875,413.5671691894531,8.19941234588623
1335,-989.8049926757812,411.2120666503906,7.3335139895789325,-976.196533203125,419.6783447265625,16.027103424072266,-979.47509765625,412.13916015625,10.371414184570312,-979.1990356445312,413.5700378417969,10.864913940429688
1336,-986.6682739257812,410.79119873046875,7.243108004331589,-971.465087890625,419.6486511230469,17.59520721435547,-974.8662719726562,412.68939208984375,11.953676223754883,-974.6085815429688,413.9820861816406,12.474692344665527
1337,-983.2269897460938,410.33233642578125,7.03793199500069,-971.465087890625,419.6486511230469,15.004533767700195,-974.5838623046875,413.06463623046875,9.064718246459961,-974.30078125,414.3056335449219,9.770583152770996
1338,-980.0945434570312,409.9146728515625,7.262955012265593,-971.465087890625,419.6486511230469,13.00837516784668,-972.7645874023438,412.09136962890625,7.6463236808776855,-972.9486694335938,413.592041015625,8.036575317382812
1339,-976.6498413085938,409.4553527832031,7.324817008338869,-971.465087890625,419.6486511230469,11.436126708984375,-968.0667114257812,411.8949890136719,8.923112869262695,-968.6204833984375,413.3718566894531,8.933621406555176
1340,-973.2445068359375,408.9999694824219,7.383506977930665,-971.465087890625,419.6486511230469,10.796330451965332,-968.3662719726562,412.32977294921875,5.906332492828369,-968.9602661132812,413.70556640625,6.363753795623779
1341,-969.8408813476562,408.5448303222656,6.971164024434984,-962.0324096679688,414.8310852050781,10.024431228637695,-962.444091796875,410.74029541015625,7.715734481811523,-962.2687377929688,412.46014404296875,8.524496078491211
1342,-966.7437133789062,408.1306457519531,6.842139002401382,-962.0324096679688,414.8310852050781,8.190987586975098,-959.0787963867188,411.07305908203125,8.210283279418945,-959.3619384765625,412.42681884765625,8.540943145751953
1343,-963.4463500976562,407.7230529785156,6.83503900654614,-962.0324096679688,414.8310852050781,7.2472991943359375,-958.904052734375,410.52569580078125,5.337347030639648,-959.1427001953125,412.01580810546875,6.0785813331604
1344,-960.1469116210938,407.315185546875,6.82380999205634,-952.5695190429688,414.77166748046875,10.630898475646973,-954.3794555664062,411.005615234375,6.847103118896484,-954.4353637695312,412.3191833496094,7.59353494644165
1345,-956.837646484375,406.9061279296875,6.884801026899368,-952.5695190429688,414.77166748046875,8.948945045471191,-949.5277099609375,409.68218994140625,7.819315433502197,-950.4658203125,411.2870788574219,7.732586860656738
1346,-953.3284301757812,406.45703125,7.275040028616786,-952.5695190429688,414.77166748046875,8.349199295043945,-949.4009399414062,409.4403076171875,4.9320502281188965,-950.3261108398438,411.07904052734375,5.511523723602295
1347,-950.125244140625,406.047119140625,7.394797983579338,-943.2277221679688,395.67962646484375,12.452337265014648,-942.07958984375,405.65625,8.055143356323242,-941.9003295898438,404.1759033203125,8.43508529663086
1348,-946.9213256835938,405.6370849609375,7.259543985128403,-943.2277221679688,395.67962646484375,10.620437622070312,-938.89208984375,405.7317199707031,8.029793739318848,-938.8711547851562,404.7680358886719,8.096943855285645
1349,-943.7275390625,405.22393798828125,6.993701972533017,-943.2277221679688,395.67962646484375,9.557389259338379,-938.462890625,402.6986083984375,5.838990688323975,-938.5767822265625,402.13262939453125,6.007203102111816
1350,-940.5319213867188,404.8105163574219,6.925618974491954,-933.7648315429688,395.6202087402344,11.412942886352539,-934.60498046875,401.4678955078125,6.804538249969482,-934.8873291015625,401.09259033203125,6.759023189544678
1351,-937.0254516601562,404.35693359375,6.820027017965913,-933.7648315429688,395.6202087402344,9.325342178344727,-929.2614135742188,401.5972900390625,8.239897727966309,-929.6002197265625,401.4109191894531,7.988308429718018
1352,-932.3201293945312,403.71514892578125,7.001352962106466,-924.3322143554688,390.8026123046875,15.183555603027344,-923.7151489257812,402.25738525390625,8.72758674621582,-923.59228515625,402.6253662109375,8.795618057250977
1353,-927.1499633789062,403.00994873046875,7.073976972606033,-924.3322143554688,390.8026123046875,12.528318405151367,-919.9827270507812,403.1905212402344,7.169510841369629,-919.88623046875,403.8648681640625,7.313870429992676
1354,-923.739990234375,402.5481872558594,7.394201995339245,-910.0470581054688,404.9878845214844,13.908576965332031,-912.7091064453125,403.68475341796875,11.089282035827637,-912.39111328125,404.47259521484375,11.510879516601562
1355,-920.6265869140625,402.1265869140625,7.479435007553548,-909.9864501953125,414.50421142578125,16.32231903076172,-912.7432861328125,403.81884765625,8.062889099121094,-912.4266357421875,404.68597412109375,8.59009075164795
1356,-917.2030029296875,401.6629943847656,7.62278598267585,-909.9864501953125,414.50421142578125,14.730087280273438,-909.517578125,404.42462158203125,8.166537284851074,-909.3318481445312,405.83544921875,8.908673286437988
1357,-913.8905639648438,401.2630310058594,7.346505997702479,-900.5235595703125,414.4447326660156,18.77322769165039,-904.70947265625,406.015869140625,10.338370323181152,-904.2269287109375,407.8365173339844,11.687453269958496
1358,-910.5665893554688,400.8616943359375,7.044180994853377,-900.5235595703125,414.4447326660156,16.892642974853516,-904.98828125,405.3304748535156,7.147553443908691,-904.542236328125,407.37823486328125,8.874577522277832
1359,-907.245849609375,400.4607238769531,7.218165032099932,-895.7921142578125,414.4150085449219,18.052980422973633,-898.911376953125,407.89422607421875,11.167827606201172,-898.6376953125,409.4912414550781,12.47599983215332
1360,-904.0799560546875,400.03656005859375,7.338560011703521,-891.0606689453125,414.3852844238281,19.37492561340332,-893.7410888671875,408.2764892578125,13.22076416015625,-893.32421875,409.5256042480469,14.343215942382812
1361,-900.613037109375,399.5720520019531,7.2471630410291255,-891.0606689453125,414.3852844238281,17.62610626220703,-893.84521484375,407.97479248046875,10.789321899414062,-893.4217529296875,409.39093017578125,12.170659065246582
1362,-897.4418334960938,399.14715576171875,7.051863009110093,-886.3594970703125,409.597412109375,15.232400894165039,-889.4927368164062,404.3160400390625,9.481851577758789,-889.2047729492188,405.71905517578125,10.537506103515625
1363,-894.0945434570312,398.6815490722656,6.825730029959232,-881.6280517578125,409.56768798828125,16.550573348999023,-884.7542724609375,404.56536865234375,11.039021492004395,-884.4146728515625,406.0406494140625,12.159616470336914
1364,-891.0423583984375,398.2569580078125,6.7915309919044375,-881.6280517578125,409.56768798828125,14.716038703918457,-884.7943115234375,404.8013610839844,9.048054695129395,-884.48486328125,406.17559814453125,10.281323432922363
1365,-887.6787109375,397.7890625,6.6703159827739,-881.6280517578125,409.56768798828125,13.241846084594727,-881.4424438476562,405.4582214355469,9.884686470031738,-881.4295043945312,406.5275573730469,10.743084907531738
1366,-884.1258544921875,397.3123474121094,6.721216952428222,-881.6280517578125,409.56768798828125,12.507293701171875,-877.5861206054688,405.126220703125,10.18944263458252,-877.7308959960938,406.22808837890625,10.972052574157715
1367,-880.8818359375,396.8771057128906,6.667961017228663,-881.6280517578125,409.56768798828125,12.712502479553223,-877.6517333984375,405.1027526855469,8.837127685546875,-877.8081665039062,406.1665954589844,9.78478717803955
1368,-877.639892578125,396.4421081542969,6.678440026007593,-872.1651611328125,409.5082092285156,14.166709899902344,-873.2269897460938,405.1540222167969,9.765815734863281,-873.38525390625,406.08880615234375,10.543279647827148
1369,-872.3914184570312,395.774169921875,6.689386034850031,-872.1651611328125,409.5082092285156,13.735902786254883,-868.4495239257812,404.0146484375,9.134769439697266,-868.6851196289062,405.18017578125,10.109875679016113
1370,-867.58056640625,395.16192626953125,15.267975977621973,-857.9708251953125,409.4189758300781,17.193330764770508,-862.0967407226562,403.6578369140625,10.112014770507812,-862.007080078125,404.96917724609375,11.280333518981934
1371,-864.1651611328125,394.74017333984375,6.871590041555464,-857.9708251953125,409.4189758300781,15.93226432800293,-857.9983520507812,403.457763671875,10.678292274475098,-858.104248046875,404.89202880859375,11.823487281799316
1372,-860.7714233398438,394.32110595703125,6.68640504591167,-862.7325439453125,404.6905822753906,10.553295135498047,-858.1525268554688,398.7234802246094,5.122452259063721,-858.185791015625,400.2923278808594,6.50699520111084
1373,-857.6642456054688,393.9374084472656,6.663337000645697,-858.0010986328125,404.66082763671875,10.72870922088623,-853.9970703125,397.9894104003906,5.465061187744141,-854.203369140625,399.5604553222656,6.6027512550354
1374,-854.2758178710938,393.5091857910156,6.787210004404187,-848.5382080078125,404.6013488769531,12.48824405670166,-849.60693359375,397.3684387207031,6.057418346405029,-849.73681640625,399.0050048828125,7.127872467041016
1375,-851.1847534179688,393.1185302734375,6.914550031069666,-848.5382080078125,404.6013488769531,11.783858299255371,-849.533203125,397.34735107421875,4.539883613586426,-849.658447265625,398.9399108886719,6.01814603805542
1376,-847.7990112304688,392.6906433105469,7.104497984983027,-848.5382080078125,404.6013488769531,11.933621406555176,-845.3556518554688,396.69647216796875,4.692192554473877,-845.76318359375,399.0375671386719,6.665436267852783
1377,-844.6099853515625,392.2561340332031,7.172666024416685,-843.8067626953125,404.57159423828125,12.341626167297363,-838.8316650390625,394.252197265625,6.113366603851318,-838.8358154296875,395.4413146972656,6.594422817230225
1378,-841.4107055664062,391.8201904296875,7.379320042673498,-834.3438720703125,404.5121154785156,14.526702880859375,-838.563720703125,394.0609130859375,3.62300443649292,-838.4678955078125,394.982421875,4.319703578948975
1379,-837.913330078125,391.3436584472656,7.498605991713703,-834.3438720703125,404.5121154785156,13.643653869628906,-834.0973510742188,393.0519104003906,4.180887699127197,-833.9173583984375,393.2509460449219,4.42781400680542
1380,-834.5903930664062,390.89044189453125,7.4592510354705155,-834.3438720703125,404.5121154785156,13.62390422821045,-830.2753295898438,393.24468994140625,4.915511608123779,-830.2459716796875,393.3551025390625,4.994852066040039
1381,-831.27392578125,390.4381103515625,7.312555972021073,-834.3438720703125,404.5121154785156,14.404936790466309,-830.2586669921875,393.24835205078125,2.988010883331299,-830.2152709960938,393.3190002441406,3.069247007369995
1382,-827.9561767578125,389.9855651855469,7.065305020660162,-829.6124267578125,404.48236083984375,14.59110164642334,-825.4671020507812,393.2225341796875,4.083314895629883,-825.413818359375,393.15447998046875,4.062709331512451
1383,-824.46337890625,389.54901123046875,7.302757003344595,-815.509033203125,390.11865234375,8.97244644165039,-820.4074096679688,390.0923767089844,4.092203617095947,-820.3214721679688,390.44384765625,4.237466812133789
1384,-821.27099609375,389.14996337890625,7.297653995919973,-815.509033203125,390.11865234375,5.842822551727295,-816.782958984375,390.85748291015625,4.80188512802124,-816.9708251953125,391.15673828125,4.745378494262695
1385,-818.0704956054688,388.74993896484375,7.296505034901202,-815.509033203125,390.11865234375,2.904215097427368,-816.6888427734375,390.79974365234375,2.471975803375244,-816.8700561523438,391.08966064453125,2.6297056674957275
1386,-813.112548828125,388.1549987792969,7.463084009941667,-806.0158081054688,394.8172912597656,9.733954429626465,-810.4674072265625,391.8191223144531,4.519134521484375,-810.3125,392.3839416503906,5.071906089782715
1387,-808.1439819335938,387.5588073730469,7.580218021757901,-806.0158081054688,394.8172912597656,7.564040660858154,-805.7335205078125,392.56610107421875,5.557275772094727,-805.661865234375,393.14178466796875,6.109872341156006
1388,-804.7203369140625,387.0923156738281,7.688430021516979,-796.5529174804688,394.75775146484375,11.20114517211914,-801.140625,392.41552734375,6.41489839553833,-801.1326904296875,392.93115234375,6.852972030639648
1389,-801.5980834960938,386.6669006347656,7.703348994255066,-796.5529174804688,394.75775146484375,9.534965515136719,-795.832763671875,391.3980712890625,7.458075523376465,-795.8258666992188,392.10198974609375,7.928346633911133
1390,-798.1765747070312,386.2007141113281,7.898970972746611,-796.5529174804688,394.75775146484375,8.709715843200684,-795.7841796875,391.88116455078125,6.163689613342285,-795.75341796875,392.57122802734375,6.815800189971924
1391,-794.963134765625,385.7475891113281,7.639239018317312,-796.5529174804688,394.75775146484375,9.149340629577637,-791.7344970703125,391.1023864746094,6.252835750579834,-791.7847900390625,391.6710205078125,6.7222700119018555
1392,-791.73876953125,385.29290771484375,7.618629955686629,-791.8214721679688,394.7279968261719,9.43545150756836,-788.50537109375,390.01300048828125,5.721375942230225,-788.737060546875,390.4893798828125,6.001131534576416
1393,-788.2296142578125,384.798095703125,7.35301902750507,-791.8214721679688,394.7279968261719,10.559563636779785,-788.7392578125,386.0554504394531,1.3567156791687012,-788.8417358398438,387.1728515625,2.452378034591675
1394,-785.1560668945312,384.3836669921875,7.25307798711583,-787.120361328125,389.9400939941406,5.893414497375488,-784.5261840820312,386.3570251464844,2.0714473724365234,-784.97265625,387.37213134765625,2.9940874576568604
1395,-781.7761840820312,383.92791748046875,7.3551859823055565,-782.388916015625,389.9103088378906,6.013688087463379,-778.5302734375,385.5462341308594,3.6269664764404297,-778.6541748046875,386.63226318359375,4.13042688369751
1396,-778.4052124023438,383.473388671875,7.29806802701205,-782.388916015625,389.9103088378906,7.569929599761963,-778.830078125,383.86163330078125,0.575538694858551,-779.0115966796875,384.7022399902344,1.370320200920105
1397,-775.2340087890625,383.0641784667969,7.315794005990028,-768.2855834960938,375.54656982421875,10.236945152282715,-772.7260131835938,381.7337646484375,2.8390214443206787,-772.744384765625,381.55865478515625,2.909437894821167
1398,-772.06494140625,382.6552429199219,7.2737259906716645,-768.2855834960938,375.54656982421875,8.050887107849121,-768.4530639648438,381.86468505859375,3.697382926940918,-768.50341796875,381.7178649902344,3.6828150749206543
1399,-768.5706176757812,382.204345703125,7.350370986387134,-768.2855834960938,375.54656982421875,6.663874626159668,-768.1309204101562,382.1934509277344,0.43983224034309387,-768.1270751953125,382.27386474609375,0.4489574730396271
1400,-765.1620483398438,381.7843017578125,7.530372007749975,-768.2855834960938,375.54656982421875,6.976085662841797,-764.0382080078125,381.65728759765625,1.1309950351715088,-764.1563720703125,381.2003173828125,1.162937045097351
1401,-762.0482788085938,381.40057373046875,7.390802027657628,-754.0305786132812,384.9735412597656,8.777791023254395,-757.6318359375,382.1124267578125,4.473443984985352,-757.3482666015625,382.0273132324219,4.741615295410156
1402,-758.6338500976562,380.9798278808594,7.458648004103452,-754.0305786132812,384.9735412597656,6.094247817993164,-757.368896484375,381.8561706542969,1.53885817527771,-757.008544921875,381.71820068359375,1.7851642370224
1403,-753.8468017578125,380.3721923828125,7.167042000219226,-749.3598022460938,375.4274597167969,6.677091121673584,-751.217041015625,377.45062255859375,3.930803060531616,-750.7642822265625,377.18096923828125,4.4368720054626465
1404,-748.6358642578125,379.7107849121094,7.445667986758053,-749.3598022460938,375.4274597167969,4.344071865081787,-746.1532592773438,379.88507080078125,2.488715171813965,-746.4464721679688,379.87841796875,2.195800304412842
1405,-745.43212890625,379.2643737792969,7.129147998057306,-749.3598022460938,375.4274597167969,5.490767478942871,-746.0252685546875,379.85357666015625,0.8360470533370972,-746.2885131835938,379.92083740234375,1.0790451765060425
1406,-742.2354736328125,378.8189392089844,9.63032100116834,-744.5676879882812,384.91400146484375,6.526025295257568,-741.0656127929688,382.00921630859375,3.398005485534668,-741.364990234375,382.70648193359375,3.9838085174560547
1407,-738.729736328125,378.3304138183594,8.353771001566201,-739.805908203125,389.6423645019531,11.36302661895752,-735.7423095703125,382.2432556152344,4.922910690307617,-735.7973022460938,383.171875,5.660293102264404
1408,-735.4362182617188,377.90020751953125,7.301253965124488,-739.805908203125,389.6423645019531,12.528863906860352,-735.560546875,382.68951416015625,4.790920257568359,-735.57861328125,383.7247009277344,5.826233863830566
1409,-732.1383666992188,377.46942138671875,7.149711018428206,-730.3733520507812,384.82464599609375,7.5640339851379395,-730.2295532226562,381.02490234375,4.0354695320129395,-730.087158203125,381.93267822265625,4.912038326263428
1410,-728.8440551757812,377.03912353515625,7.099202019162476,-730.3733520507812,384.82464599609375,7.934299468994141,-726.1712646484375,380.1984558105469,4.138259410858154,-726.2322387695312,381.23162841796875,4.939502239227295
1411,-725.7504272460938,376.627197265625,7.238124962896109,-725.6419067382812,384.79486083984375,8.168384552001953,-725.5988159179688,375.462890625,1.1741361618041992,-725.57666015625,377.02325439453125,0.4325000047683716
1412,-722.3701171875,376.1770935058594,6.968462024815381,-725.6419067382812,384.79486083984375,9.217945098876953,-720.885986328125,375.4454345703125,1.6546809673309326,-720.8006591796875,376.5,1.6023317575454712
1413,-718.9788208007812,375.7255554199219,7.079683011397719,-711.4779052734375,379.9473571777344,8.607399940490723,-716.1724243164062,375.9538879394531,2.8156700134277344,-715.9615478515625,376.9352111816406,3.2507236003875732
1414,-715.77197265625,375.2836608886719,6.895398022606969,-711.4779052734375,379.9473571777344,6.3394856452941895,-716.398681640625,375.81304931640625,0.8203756809234619,-716.245849609375,376.6689758300781,1.464123249053955
1415,-712.5533447265625,374.84014892578125,6.932668038643897,-711.4779052734375,379.9473571777344,5.21920919418335,-711.8034057617188,375.85015869140625,1.2579857110977173,-711.9287109375,376.9830322265625,2.232065439224243
1416,-709.0420532226562,374.3563232421875,7.492945005651563,-702.0150756835938,379.8877868652344,8.942902565002441,-706.1361694335938,375.8301086425781,3.258251667022705,-706.0986938476562,376.963623046875,3.932095766067505
1417,-705.8125,373.93560791015625,7.614296046085656,-702.0150756835938,379.8877868652344,7.060372829437256,-705.8350219726562,375.2505187988281,1.3151037693023682,-705.6982421875,376.227783203125,2.2950212955474854
1418,-702.282470703125,373.4757385253906,7.7848880318924785,-697.2836303710938,379.85797119140625,8.106867790222168,-700.1568603515625,374.4579162597656,2.341557741165161,-699.91015625,375.492431640625,3.1136677265167236
1419,-699.0440673828125,373.0538635253906,7.510308001656085,-697.2836303710938,379.85797119140625,7.028159141540527,-698.0380249023438,374.4087829589844,1.6875805854797363,-698.0712890625,375.4991455078125,2.6316728591918945
1420,-695.527587890625,372.6406555175781,7.835206983145326,-697.4353637695312,356.0672302246094,16.6828670501709,-693.0494384765625,367.6480712890625,5.573788642883301,-693.2078247070312,367.0301513671875,6.071166038513184
1421,-692.3087158203125,372.2624206542969,7.9690960119478405,-697.4353637695312,356.0672302246094,16.98725128173828,-692.7838745117188,365.72637939453125,6.553290367126465,-693.0099487304688,363.9677429199219,8.32426643371582
1422,-689.0971069335938,371.885009765625,7.83746998058632,-683.0892944335938,379.7685852050781,9.911839485168457,-687.3731689453125,369.16510009765625,3.220228433609009,-687.31201171875,370.67156982421875,2.1584720611572266
1423,-685.9144287109375,371.4971618652344,7.826540037058294,-678.3578491210938,379.7388000488281,11.181524276733398,-683.1279907226562,370.32342529296875,3.0235564708709717,-682.9376220703125,372.5909729003906,3.171403408050537
1424,-682.7325439453125,371.109375,7.777858001645654,-687.9725341796875,356.00762939453125,15.984999656677246,-683.1609497070312,368.8466491699219,2.302924156188965,-683.067626953125,370.56317138671875,0.6407955884933472
1425,-679.2318725585938,370.6827697753906,7.334914000239223,-678.3578491210938,379.7388000488281,9.098109245300293,-678.0113525390625,372.13623046875,1.8979507684707642,-677.90576171875,373.9951171875,3.5679426193237305
1426,-676.1434936523438,370.2689208984375,7.2261589812114835,-678.3578491210938,379.7388000488281,9.725326538085938,-674.0440673828125,371.7029113769531,2.542423963546753,-674.0526123046875,373.20635986328125,3.6055972576141357
1427,-672.7413940429688,369.8130187988281,6.910612981300801,-678.3578491210938,379.7388000488281,11.404635429382324,-674.006103515625,372.56060791015625,3.0246877670288086,-674.0471801757812,374.08319091796875,4.465360641479492
1428,-669.34619140625,369.3580627441406,7.141065958421677,-673.6264038085938,379.708984375,11.200973510742188,-669.468505859375,371.1951904296875,1.841194987297058,-669.5316162109375,372.6770935058594,3.3242063522338867
1429,-664.3824462890625,368.67340087890625,7.785569003317505,-668.92529296875,374.9210510253906,7.724673748016357,-665.0208740234375,364.6310119628906,4.092493057250977,-665.1167602539062,365.73809814453125,3.025759220123291
1430,-659.419677734375,367.98883056640625,7.864540966693312,-654.7310180664062,374.8316345214844,8.295028686523438,-659.957763671875,364.7541809082031,3.279099702835083,-660.0096435546875,366.4701232910156,1.6292732954025269
1431,-656.0038452148438,367.5061950683594,7.950483995955437,-654.7310180664062,374.8316345214844,7.435196876525879,-655.664794921875,366.1056823730469,1.4409687519073486,-655.9652709960938,368.20745849609375,0.7023235559463501
1432,-652.8921508789062,367.0664978027344,7.780036015901715,-654.7310180664062,374.8316345214844,7.979898452758789,-651.0791015625,365.5480041503906,2.3649463653564453,-651.0767211914062,368.1003723144531,2.089181900024414
1433,-649.4931030273438,366.5862121582031,7.892114983405918,-654.7310180664062,374.8316345214844,9.76845645904541,-651.2894287109375,365.7063903808594,2.000217914581299,-651.320556640625,368.3785400390625,2.559692621231079
1434,-646.353515625,366.170654296875,7.4473259737715125,-645.2681274414062,374.7720031738281,8.669560432434082,-645.2667846679688,365.1136474609375,1.5159971714019775,-645.3316650390625,367.1953125,1.4471015930175781
1435,-642.9132080078125,365.7153015136719,7.20339099643752,-635.865966796875,365.1960754394531,7.066343307495117,-640.1241455078125,364.4947509765625,3.0444395542144775,-639.7411499023438,365.0806579589844,3.2349228858947754
1436,-639.4849243164062,365.2615051269531,7.108489982783794,-635.865966796875,365.1960754394531,3.619548797607422,-636.1140747070312,364.33233642578125,3.4965672492980957,-635.8358154296875,364.8193359375,3.6758005619049072
1437,-636.2691650390625,364.89727783203125,7.258952013216913,-635.865966796875,365.1960754394531,0.5018454194068909,-636.3729858398438,361.47955322265625,3.4193010330200195,-636.2664794921875,362.2470397949219,2.6502394676208496
1438,-633.0484008789062,364.532470703125,7.194234989583492,-635.865966796875,365.1960754394531,2.8946588039398193,-632.9298095703125,363.0616760253906,1.4755680561065674,-633.1661376953125,363.8703308105469,0.6725260019302368
1439,-629.558349609375,364.1371765136719,7.396119995974004,-631.1041870117188,369.9244079589844,5.990130424499512,-626.845947265625,364.5740966796875,2.7473671436309814,-627.0885620117188,365.3004150390625,2.730013608932495
1440,-626.4474487304688,363.7401123046875,7.564307015854865,-631.1041870117188,369.9244079589844,7.7414937019348145,-626.8612670898438,364.71087646484375,1.0552860498428345,-627.1270751953125,365.55767822265625,1.9404736757278442
1441,-623.0730590820312,363.30938720703125,7.610559987369925,-616.9098510742188,369.8349609375,8.975981712341309,-619.3780517578125,363.4236145019531,3.696772575378418,-619.1292724609375,364.53192138671875,4.128927707672119
1442,-619.7033081054688,362.8792724609375,7.2806779644452035,-616.9098510742188,369.8349609375,7.495665550231934,-616.0460815429688,362.4912414550781,3.6777539253234863,-615.9122314453125,363.39190673828125,3.8255791664123535
1443,-616.5056762695312,362.42291259765625,7.092557032592595,-616.9098510742188,369.8349609375,7.423059940338135,-612.198486328125,361.4085998535156,4.4250102043151855,-612.1063842773438,362.1900634765625,4.405449867248535
1444,-612.9962158203125,361.92205810546875,7.312607020139694,-616.9098510742188,369.8349609375,8.827829360961914,-612.1132202148438,361.37933349609375,1.0364513397216797,-611.98779296875,362.146240234375,1.03304123878479
1445,-609.7972412109375,361.46551513671875,7.472324010450393,-612.2088012695312,365.0469970703125,4.31771183013916,-607.5494384765625,360.2991638183594,2.532388687133789,-607.5604858398438,361.05560302734375,2.274005889892578
1446,-604.5910034179688,360.7605285644531,7.474883983377367,-607.4773559570312,365.0171813964844,5.14296817779541,-603.6424560546875,356.15216064453125,4.704975605010986,-603.821044921875,357.16162109375,3.680349349975586
1447,-599.8502807617188,360.1185607910156,7.415330968797207,-593.3134155273438,360.1695556640625,6.537064075469971,-597.5047607421875,355.9981689453125,4.741212368011475,-597.3818969726562,356.7619323730469,4.166518211364746
1448,-596.4432373046875,359.667236328125,7.255950011312962,-593.3134155273438,360.1695556640625,3.169875144958496,-593.8670654296875,355.09979248046875,5.243873119354248,-593.9026489257812,355.87451171875,4.565013885498047
1449,-593.3433837890625,359.2566223144531,7.076795969624072,-593.3134155273438,360.1695556640625,0.913425087928772,-590.309326171875,355.096435546875,5.149044513702393,-590.8087158203125,356.4029541015625,3.816800117492676
1450,-589.9339599609375,358.80499267578125,6.979415018577129,-593.3134155273438,360.1695556640625,3.6445510387420654,-590.441650390625,354.983154296875,3.8554115295410156,-590.9558715820312,356.22186279296875,2.7779242992401123
1451,-586.541015625,358.3880920410156,6.927906011696905,-588.5819702148438,360.13970947265625,2.6895463466644287,-583.613037109375,354.34588623046875,4.991240978240967,-583.4349365234375,355.18511962890625,4.46169900894165
1452,-583.1549682617188,357.9720458984375,6.957228004466742,-574.4788818359375,345.7757568359375,14.967429161071777,-579.7698974609375,351.94158935546875,6.915570259094238,-579.71337890625,351.4796142578125,7.348211288452148
1453,-580.0584716796875,357.59161376953125,7.1424299967475235,-569.7474365234375,345.74591064453125,15.704716682434082,-572.5287475585938,351.4237976074219,9.733381271362305,-572.13232421875,350.6695251464844,10.523265838623047
1454,-576.6447143554688,357.1581115722656,7.349985011387616,-569.7474365234375,345.74591064453125,13.334569931030273,-572.636962890625,351.6452941894531,6.81566047668457,-572.2688598632812,350.99737548828125,7.556637763977051
1455,-573.250732421875,356.72711181640625,7.3226430104114115,-565.04638671875,340.95794677734375,17.775766372680664,-568.0053100585938,347.81768798828125,10.338872909545898,-567.9038696289062,347.218505859375,10.908827781677246
1456,-570.1524047851562,356.33367919921875,7.419319008477032,-560.3453979492188,336.1699523925781,22.42215919494629,-564.8477783203125,346.8169250488281,10.895304679870605,-564.9937133789062,346.12164306640625,11.441057205200195
1457,-566.9794921875,355.89910888671875,7.315040042158216,-560.3453979492188,336.1699523925781,20.814678192138672,-564.9274291992188,347.0234375,9.10980224609375,-565.0433349609375,346.3304443359375,9.76258373260498
1458,-563.8077392578125,355.4647216796875,7.645938952919096,-560.3453979492188,336.1699523925781,19.602956771850586,-560.4207153320312,348.1920166015625,8.022727966308594,-560.400146484375,347.911865234375,8.285971641540527
1459,-560.3177490234375,354.9867248535156,7.385183009319007,-550.7305297851562,359.9010314941406,10.773355484008789,-554.1210327148438,348.873046875,8.704961776733398,-553.7023315429688,349.0343017578125,8.899162292480469
1460,-556.9105834960938,354.5425720214844,7.410590013023466,-550.8217163085938,345.6265563964844,10.796741485595703,-551.211669921875,349.0674743652344,7.902803897857666,-551.2108764648438,349.01177978515625,7.942060470581055
1461,-553.8125610351562,354.13873291015625,7.468645984772593,-550.7305297851562,359.9010314941406,6.534753322601318,-551.2105712890625,349.3843994140625,5.4197821617126465,-551.223388671875,349.4249267578125,5.3780837059021
1462,-550.4116821289062,353.6954040527344,7.359121984336525,-550.7305297851562,359.9010314941406,6.213813304901123,-547.5940551757812,348.33697509765625,6.054071426391602,-548.2330322265625,348.7860412597656,5.371066570281982
1463,-547.1904907226562,353.2681884765625,7.491217984352261,-541.419677734375,336.0505676269531,18.158985137939453,-540.689697265625,345.04705810546875,10.480806350708008,-540.517578125,343.38983154296875,11.920977592468262
1464,-543.9683227539062,352.8408203125,7.42471101693809,-541.419677734375,336.0505676269531,16.982585906982422,-535.8626098632812,345.3961486816406,11.005712509155273,-535.5263671875,344.4812927246094,11.880585670471191
1465,-540.4238891601562,352.3707275390625,7.448674994520843,-531.9872436523438,331.23272705078125,22.75943946838379,-536.206787109375,337.9696350097656,15.00584602355957,-536.180419921875,336.2191162109375,16.69974708557129
1466,-535.4121704101562,351.7171630859375,7.366378966253251,-531.9872436523438,331.23272705078125,20.768781661987305,-531.5549926757812,339.66912841796875,12.650413513183594,-531.5966186523438,338.4553527832031,13.799784660339355
1467,-530.4360961914062,351.0682678222656,7.069256971590221,-531.9872436523438,331.23272705078125,19.896099090576172,-528.4266357421875,340.9732360839844,10.293085098266602,-528.5068969726562,340.6944580078125,10.55167007446289
1468,-527.5535888671875,350.73077392578125,6.961892999242991,-527.1341552734375,350.2355041503906,0.6490120887756348,-522.7481689453125,344.385986328125,7.959169864654541,-522.9230346679688,345.0315856933594,7.343213081359863
1469,-524.3851318359375,350.3597717285156,6.992352951783687,-512.9398193359375,350.14593505859375,11.447310447692871,-516.4111328125,345.141357421875,9.529769897460938,-516.1048583984375,346.34259033203125,9.203296661376953
1470,-521.2141723632812,349.98846435546875,7.112496008630842,-508.23883056640625,345.3579406738281,13.776837348937988,-512.45556640625,345.689697265625,9.756668090820312,-512.2203979492188,346.63372802734375,9.599074363708496
1471,-518.6050415039062,349.6830749511719,7.387154037132859,-508.23883056640625,345.3579406738281,11.232324600219727,-512.3870849609375,345.29449462890625,7.610691547393799,-512.0990600585938,346.2173767089844,7.371489524841309
1472,-516.001708984375,349.37835693359375,7.043012010399252,-503.50738525390625,345.3280944824219,13.134410858154297,-507.363525390625,344.1520690917969,10.096153259277344,-507.07684326171875,344.9739685058594,9.95248031616211
1473,-513.6058959960938,349.0979309082031,6.855787010863423,-503.50738525390625,345.3280944824219,10.779220581054688,-507.3492126464844,345.3414306640625,7.297765731811523,-507.08697509765625,345.9431457519531,7.242167949676514
1474,-511.9492492675781,348.96221923828125,6.931412033736706,-503.50738525390625,345.3280944824219,9.190861701965332,-502.5582275390625,346.4326171875,9.725748062133789,-502.4468688964844,346.7742919921875,9.75101375579834
1475,-510.12432861328125,348.812744140625,7.084761979058385,-498.7759704589844,345.2982177734375,11.880114555358887,-502.39215087890625,345.898681640625,8.263071060180664,-502.2339782714844,346.3958740234375,8.252204895019531
1476,-508.3056335449219,348.6637878417969,7.39481596974656,-498.7759704589844,345.2982177734375,10.106510162353516,-502.5243225097656,345.57086181640625,6.556656837463379,-502.37384033203125,346.143798828125,6.444882869720459
1477,-507.2699890136719,349.041259765625,7.843150000553578,-494.0445251464844,345.26837158203125,13.753092765808105,-497.7416076660156,344.8359680175781,10.41511058807373,-497.55615234375,345.5711669921875,10.315045356750488
1478,-506.23565673828125,349.41827392578125,7.7410590020008385,-494.0445251464844,345.26837158203125,12.878096580505371,-497.56634521484375,345.5120849609375,9.508694648742676,-497.34521484375,346.055419921875,9.505195617675781
1479,-505.0989074707031,349.8326416015625,7.483249006327242,-494.0445251464844,345.26837158203125,11.959595680236816,-497.61944580078125,345.4692687988281,8.659178733825684,-497.41064453125,345.9505310058594,8.612791061401367
1480,-504.5246887207031,351.42926025390625,7.016027986537665,-494.0445251464844,345.26837158203125,12.156906127929688,-497.734619140625,344.59161376953125,9.636309623718262,-497.5125427246094,345.2243347167969,9.363295555114746
1481,-503.8938293457031,353.183349609375,6.935064971912652,-494.0445251464844,345.26837158203125,12.635492324829102,-493.5428771972656,346.23870849609375,12.464760780334473,-493.5120849609375,346.1908874511719,12.51699447631836
1482,-503.6318664550781,354.99774169921875,6.859925051685423,-494.0445251464844,345.26837158203125,13.659346580505371,-493.78497314453125,346.2348327636719,13.181421279907227,-493.8167419433594,346.21160888671875,13.173185348510742
1483,-503.3445739746094,356.9874267578125,6.857475033029914,-494.0445251464844,345.26837158203125,14.960854530334473,-493.8867492675781,348.41448974609375,12.765018463134766,-493.972900390625,347.76678466796875,13.147186279296875
1484,-503.0564270019531,358.98309326171875,6.891796016134322,-498.7759704589844,345.2982177734375,14.338693618774414,-494.04388427734375,348.44024658203125,13.870023727416992,-494.20819091796875,347.84490966796875,14.224992752075195
1485,-502.6187744140625,361.8926696777344,6.947828980628401,-489.3131103515625,345.2384948730469,21.31671142578125,-492.92071533203125,354.0775451660156,12.455060005187988,-492.60443115234375,353.164306640625,13.284253120422363
1486,-502.2197570800781,364.5455322265625,46.78516503190622,-489.2826843261719,349.9966735839844,19.468875885009766,-493.6594543457031,358.24285888671875,10.63026237487793,-492.72930908203125,357.25250244140625,11.96899700164795
1487,-501.8207092285156,367.198486328125,33.87898200890049,-493.8924255371094,369.05914306640625,8.143692016601562,-496.78704833984375,366.0187683105469,5.170055866241455,-495.36517333984375,365.7368469238281,6.6189374923706055
1488,-501.44525146484375,370.26788330078125,46.044761955272406,-493.8924255371094,369.05914306640625,7.648936748504639,-499.2218322753906,370.66778564453125,2.2590959072113037,-498.8318786621094,370.1287841796875,2.617072105407715
1489,-501.0693359375,373.341064453125,45.88585300371051,-493.8924255371094,369.05914306640625,8.357206344604492,-501.81011962890625,372.147216796875,1.4050027132034302,-501.8630676269531,371.43743896484375,2.062474250793457
1490,-500.656494140625,376.7162780761719,43.05713000940159,-512.75732421875,378.69488525390625,12.261524200439453,-503.8611755371094,379.1219177246094,4.007129192352295,-505.2085266113281,379.30853271484375,5.2383952140808105
1491,-500.3695068359375,379.87335205078125,48.611543024890125,-484.3382568359375,383.27386474609375,16.387935638427734,-492.2034912109375,384.1182861328125,9.203437805175781,-489.3353576660156,384.51611328125,11.971118927001953
1492,-500.0547180175781,383.336181640625,37.18282701447606,-484.3382568359375,383.27386474609375,15.716585159301758,-494.59918212890625,383.64044189453125,5.464014053344727,-493.85003662109375,383.6104736328125,6.21074104309082
1493,-499.76800537109375,386.4901428222656,11.8459920049645,-489.00885009765625,392.8200378417969,12.483068466186523,-491.943359375,389.3981018066406,8.347533226013184,-489.5315246582031,390.0010070800781,10.821816444396973
1494,-499.4681701660156,389.6722412109375,7.280540012288839,-488.9784240722656,397.57818603515625,13.135400772094727,-491.46588134765625,394.3904724121094,9.289690017700195,-489.29193115234375,394.8735046386719,11.428428649902344
1495,-499.168212890625,392.85552978515625,6.84125698171556,-484.216552734375,402.3064880371094,17.688209533691406,-489.6478271484375,399.1465759277344,11.411178588867188,-488.18212890625,399.4761047363281,12.826770782470703
1496,-498.8386535644531,396.3530578613281,6.851791986264288,-488.9784240722656,397.57818603515625,9.93604850769043,-494.1272277832031,398.08721923828125,5.020442962646484,-492.64508056640625,398.2350769042969,6.473201751708984
1497,-498.4209289550781,399.7318420410156,6.661746010649949,-484.1861267089844,407.06463623046875,16.01247787475586,-491.4999084472656,403.48797607421875,7.874583721160889,-489.465087890625,403.8034362792969,9.837935447692871
1498,-498.0408935546875,402.80560302734375,6.7422830034047365,-498.4109191894531,402.3960876464844,0.551925539970398,-496.08331298828125,407.141845703125,4.757638454437256,-496.39556884765625,407.0047607421875,4.50999116897583
1499,-497.6233825683594,406.18255615234375,6.633181008510292,-484.1861267089844,407.06463623046875,13.46617603302002,-492.64312744140625,407.66192626953125,5.195332050323486,-490.8228759765625,407.8320007324219,6.997682571411133
1500,-497.2271423339844,409.3678283691406,14.918326982297003,-484.1861267089844,407.06463623046875,13.242838859558105,-495.0689697265625,411.8305969238281,3.274589776992798,-494.284912109375,411.7677917480469,3.79691219329834
1501,-496.79486083984375,412.8431396484375,6.797895999625325,-488.88714599609375,411.8526611328125,7.9695048332214355,-494.47686767578125,416.14630126953125,4.035339832305908,-493.50543212890625,416.0565185546875,4.598493576049805
1502,-496.39788818359375,416.0343322753906,6.590816017705947,-498.2587890625,426.18682861328125,10.321634292602539,-492.116455078125,421.448486328125,6.902443885803223,-492.2705078125,421.4651794433594,6.821243762969971
1503,-495.8108825683594,420.8694763183594,6.801070005167276,-479.30255126953125,430.8255615234375,19.27819061279297,-488.0516662597656,427.73931884765625,10.363405227661133,-487.3013610839844,427.92236328125,11.052382469177246
1504,-495.22344970703125,425.7080078125,6.624636997003108,-479.30255126953125,430.8255615234375,16.723169326782227,-488.3685607910156,431.8229675292969,9.185979843139648,-487.9940185546875,431.8676452636719,9.497673988342285
1505,-494.86932373046875,428.6814270019531,6.625337991863489,-479.30255126953125,430.8255615234375,15.713743209838867,-486.9378662109375,431.7720031738281,8.512325286865234,-486.1448974609375,431.7450866699219,9.246708869934082
1506,-494.54608154296875,431.3954162597656,6.594673031941056,-479.30255126953125,430.8255615234375,15.254178047180176,-486.866455078125,434.45465087890625,8.266533851623535,-485.8455810546875,433.95208740234375,9.068367004394531
1507,-494.1919860839844,434.36865234375,6.798914051614702,-479.2112731933594,445.1000061035156,18.427797317504883,-487.856201171875,441.0413513183594,9.201472282409668,-486.63714599609375,440.7352600097656,9.879741668701172
1508,-493.9743347167969,436.5247802734375,6.936445948667824,-479.2112731933594,445.1000061035156,17.072858810424805,-487.3882141113281,440.90667724609375,7.91062593460083,-485.4822998046875,440.4892272949219,9.371846199035645
1509,-493.73553466796875,438.8905029296875,6.583830981981009,-479.18084716796875,449.858154296875,18.224388122558594,-481.2001037597656,448.59307861328125,15.851719856262207,-479.8207092285156,449.1409912109375,17.282791137695312
1510,-493.4975280761719,441.2481994628906,6.646419002208859,-479.18084716796875,449.858154296875,16.70624542236328,-481.2752990722656,448.3133239746094,14.117325782775879,-479.91363525390625,448.9150390625,15.598158836364746
1511,-493.5469665527344,442.631103515625,6.6582090221345425,-479.18084716796875,449.858154296875,16.081531524658203,-480.7550048828125,451.41485595703125,15.517363548278809,-479.80096435546875,451.6500244140625,16.44060516357422
1512,-493.60125732421875,444.1502990722656,7.223227992653847,-479.18084716796875,449.858154296875,15.508959770202637,-480.5567321777344,451.3531494140625,14.901029586791992,-479.7461242675781,451.58123779296875,15.72207260131836
1513,-493.6507263183594,445.53399658203125,6.7506970372051,-479.18084716796875,449.858154296875,15.102176666259766,-480.9893493652344,451.384521484375,13.947728157043457,-480.0480041503906,451.6314697265625,14.906818389892578
1514,-494.3319091796875,446.0987243652344,6.817326997406781,-479.18084716796875,449.858154296875,15.610508918762207,-480.8673095703125,451.4383544921875,14.484719276428223,-479.9181213378906,451.69073486328125,15.460525512695312
1515,-495.0782775878906,446.7174987792969,6.917443999554962,-479.1199951171875,459.3744812011719,20.36825942993164,-480.3592529296875,454.98162841796875,16.880329132080078,-479.92083740234375,455.03057861328125,17.287431716918945
1516,-495.82598876953125,447.3373718261719,6.852221966255456,-479.1199951171875,459.3744812011719,20.59082794189453,-481.00341796875,455.05047607421875,16.70929718017578,-480.28411865234375,455.1015625,17.373323440551758
1517,-497.48919677734375,447.6684265136719,6.792931992094964,-483.8514404296875,459.4043273925781,17.99221420288086,-487.2706298828125,455.9909362792969,13.178895950317383,-486.27490234375,456.2132263183594,14.098723411560059
1518,-499.0064697265625,447.970458984375,6.852101010736078,-483.8514404296875,459.4043273925781,18.984420776367188,-486.4869079589844,456.1121826171875,14.934091567993164,-485.69873046875,456.3634033203125,15.733322143554688
1519,-500.5237121582031,448.2724609375,7.009677996393293,-483.8514404296875,459.4043273925781,20.047021865844727,-486.51239013671875,456.1448974609375,16.07147789001465,-485.72930908203125,456.4224853515625,16.890745162963867
1520,-502.90802001953125,448.7227783203125,7.06977304071188,-488.61334228515625,454.6760559082031,15.484809875488281,-490.4631652832031,455.1996765136719,14.029419898986816,-489.58758544921875,455.30096435546875,14.856194496154785
1521,-505.0904846191406,449.135009765625,7.261175021994859,-488.61334228515625,454.6760559082031,17.383882522583008,-490.3671875,454.9517517089844,15.830665588378906,-489.5230407714844,455.01080322265625,16.63941764831543
1522,-507.4784240722656,449.5860290527344,7.595528964884579,-498.0458679199219,459.4939270019531,13.679896354675293,-499.38616943359375,461.30975341796875,14.245360374450684,-499.1656494140625,461.3001708984375,14.363959312438965
1523,-511.6558532714844,450.3094787597656,8.314990031067282,-502.7469177246094,464.28192138671875,16.571006774902344,-508.07159423828125,461.06011962890625,11.332395553588867,-506.085205078125,463.0640869140625,13.918050765991211
1524,-516.2202758789062,451.0999755859375,7.741930021438748,-521.79443359375,445.36871337890625,7.994911193847656,-520.2965087890625,452.86883544921875,4.443482875823975,-520.82763671875,448.77001953125,5.162990570068359
1525,-519.61376953125,451.49737548828125,7.502353982999921,-531.2573852539062,445.4284362792969,13.130339622497559,-529.5864868164062,446.6947021484375,11.068909645080566,-530.2741088867188,444.60882568359375,12.6923189163208
1526,-522.7125244140625,451.86029052734375,7.5256069540046155,-531.2573852539062,445.4284362792969,10.695016860961914,-529.2986450195312,447.8094787597656,7.732144832611084,-529.9131469726562,445.3192443847656,9.728013038635254
1527,-526.10595703125,452.2576904296875,7.5527040171436965,-531.2877807617188,440.6702575683594,12.6933012008667,-531.9791259765625,447.9920349121094,7.258783340454102,-532.0037231445312,445.4139709472656,9.03438663482666
1528,-529.2655029296875,452.56097412109375,7.426283962558955,-531.2877807617188,440.6702575683594,12.061457633972168,-534.5631103515625,451.80023193359375,5.351950168609619,-534.0255126953125,449.854736328125,5.475528717041016
1529,-532.7318725585938,452.8936767578125,7.250424998346716,-531.2877807617188,440.6702575683594,12.308426856994629,-535.0476684570312,451.07958984375,2.9417378902435303,-534.8941650390625,450.47998046875,3.2405922412872314
1530,-536.1959228515625,453.2261657714844,7.034910027869046,-535.8367919921875,469.2490234375,16.02688217163086,-540.9432373046875,459.8636474609375,8.160463333129883,-541.07568359375,460.831298828125,9.03604507446289
1531,-539.4191284179688,453.57464599609375,6.956798955798149,-545.2997436523438,469.3087158203125,16.797100067138672,-545.82275390625,462.0556640625,10.627044677734375,-545.9430541992188,463.2000732421875,11.628003120422363
1532,-542.638916015625,453.9227294921875,6.924777990207076,-550.0311889648438,469.33856201171875,17.096595764160156,-549.8382568359375,461.760498046875,10.642420768737793,-549.805908203125,462.774658203125,11.389575004577637
1533,-546.1837158203125,454.30596923828125,6.867103977128863,-550.0311889648438,469.33856201171875,15.517148971557617,-549.9814453125,461.428466796875,8.071723937988281,-549.951171875,462.4896240234375,9.0092134475708
1534,-549.5901489257812,454.7232360839844,6.937475991435349,-550.0311889648438,469.33856201171875,14.621978759765625,-554.5338134765625,462.2268371582031,8.985757827758789,-554.3367309570312,463.5547790527344,10.026275634765625
1535,-552.6871948242188,455.1025695800781,6.856571009848267,-559.494140625,469.39825439453125,15.83354377746582,-559.3307495117188,461.77545166015625,9.416165351867676,-559.3914184570312,463.1873474121094,10.50286865234375
1536,-556.0897827148438,455.51934814453125,6.675241980701685,-559.494140625,469.39825439453125,14.290335655212402,-562.8990478515625,461.6548156738281,9.16569995880127,-562.7117309570312,462.7957458496094,9.83850383758545
1537,-559.1427612304688,455.9479675292969,6.7903760354965925,-559.494140625,469.39825439453125,13.454875946044922,-562.98681640625,461.58349609375,6.821725845336914,-562.8018798828125,462.7167663574219,7.6945295333862305
1538,-562.493896484375,456.4184265136719,6.803739001043141,-573.7493286132812,459.971435546875,11.80290699005127,-568.3941040039062,459.2890319824219,6.561465263366699,-568.37841796875,459.44952392578125,6.6193013191223145
1539,-565.8427124023438,456.8885803222656,6.829062011092901,-578.4808349609375,460.00128173828125,13.015799522399902,-574.6177978515625,459.17822265625,9.068880081176758,-574.92822265625,459.56036376953125,9.47021198272705
1540,-570.929443359375,457.59332275390625,6.808076985180378,-583.2122802734375,460.0310974121094,12.52241325378418,-579.4578857421875,460.4856262207031,9.005539894104004,-579.6478881835938,459.5872802734375,8.943553924560547
1541,-575.5650024414062,458.2355651855469,6.766200007405132,-583.2122802734375,460.0310974121094,7.8552398681640625,-583.336669921875,460.8599853515625,8.202828407287598,-583.31787109375,459.9490966796875,7.939972400665283
1542,-578.7452392578125,458.6805419921875,6.820506998337805,-592.6752319335938,460.09075927734375,14.001193046569824,-587.7910766601562,460.36572265625,9.201467514038086,-587.834228515625,459.68377685546875,9.144189834594727
1543,-582.24169921875,459.1697692871094,6.875944964122027,-592.6752319335938,460.09075927734375,10.474102973937988,-587.77587890625,460.21331787109375,5.631708145141602,-587.815673828125,459.47955322265625,5.582576274871826
1544,-585.4302368164062,459.61590576171875,7.14295799843967,-592.6752319335938,460.09075927734375,7.260540008544922,-592.5643920898438,460.51605224609375,7.190718650817871,-592.6170654296875,459.5291748046875,7.187351703643799
1545,-588.868896484375,460.0687561035156,6.987825967371464,-592.6752319335938,460.09075927734375,3.80639910697937,-596.2926025390625,460.48687744140625,7.435471534729004,-595.992919921875,459.54327392578125,7.143377304077148
1546,-592.0352172851562,460.4857177734375,6.865253963042051,-597.4370727539062,455.3624267578125,7.445008754730225,-599.7445068359375,461.1564636230469,7.7384138107299805,-599.2442626953125,459.95941162109375,7.228231906890869
1547,-595.4895629882812,460.94061279296875,6.91570300841704,-597.4370727539062,455.3624267578125,5.908380031585693,-599.633544921875,460.9106140136719,4.14409065246582,-599.1165771484375,459.6326904296875,3.8556313514709473
1548,-598.8135375976562,461.368408203125,6.725740036927164,-602.13818359375,460.1504211425781,3.540729284286499,-607.0867309570312,466.10699462890625,9.53414535522461,-607.17431640625,465.614990234375,9.377424240112305
1549,-602.1309204101562,461.79534912109375,6.8152970052324235,-616.3021850585938,464.9980163574219,14.528655052185059,-612.9386596679688,467.36614990234375,12.158990859985352,-613.2901000976562,467.4122619628906,12.493078231811523
1550,-605.4365234375,462.2207946777344,6.948768976144493,-616.3325805664062,460.2398681640625,11.074661254882812,-615.9892578125,467.35888671875,11.737129211425781,-616.0344848632812,467.1256408691406,11.677940368652344
1551,-608.6317749023438,462.6282043457031,7.241228013299406,-616.3021850585938,464.9980163574219,8.02815055847168,-616.0923461914062,467.5274353027344,8.925390243530273,-616.1383056640625,467.29180908203125,8.837263107299805
1552,-612.1229858398438,463.0733642578125,7.356513990089297,-616.3021850585938,464.9980163574219,4.601085662841797,-619.8804931640625,468.22802734375,9.313940048217773,-619.7634887695312,467.9653015136719,9.072394371032715
1553,-615.3017578125,463.47869873046875,7.292210008017719,-630.4662475585938,469.84564208984375,16.446876525878906,-625.973388671875,469.58807373046875,12.296672821044922,-626.0865478515625,469.3966064453125,12.301761627197266
1554,-618.4952392578125,463.9070739746094,7.409145997371525,-635.2280883789062,465.1172790527344,16.77655601501465,-631.959716796875,469.96673583984375,14.765217781066895,-632.31298828125,469.76275634765625,15.007305145263672
1555,-621.6919555664062,464.33587646484375,23.25450599892065,-635.2280883789062,465.1172790527344,13.55866813659668,-631.7872924804688,469.93109130859375,11.542194366455078,-632.1369018554688,469.8235778808594,11.798803329467773
1556,-625.17724609375,464.80340576171875,7.078750000800937,-639.9595336914062,465.1470947265625,14.786282539367676,-639.1312255859375,467.611083984375,14.233643531799316,-639.462158203125,466.9619140625,14.44707202911377
1557,-629.945556640625,465.457763671875,7.042549957986921,-644.6910400390625,465.1769104003906,14.748157501220703,-641.943115234375,466.92913818359375,12.087446212768555,-642.0958251953125,466.34210205078125,12.182409286499023
1558,-635.15478515625,466.1726379394531,6.881811015773565,-644.6910400390625,465.1769104003906,9.588098526000977,-643.5145263671875,466.7661437988281,8.380783081054688,-643.452392578125,466.2756652832031,8.298246383666992
1559,-638.629150390625,466.64849853515625,6.941113970242441,-644.6910400390625,465.1769104003906,6.237954616546631,-647.7027587890625,467.7291259765625,9.137730598449707,-647.4141235351562,466.6318054199219,8.784989356994629
1560,-641.80908203125,467.0840148925781,7.312902016565204,-649.4224853515625,465.20672607421875,7.841436386108398,-654.3534545898438,467.6088562011719,12.555346488952637,-654.4601440429688,466.89617919921875,12.652456283569336
1561,-644.9894409179688,467.51959228515625,7.259284029714763,-658.8854370117188,465.2663269042969,14.077496528625488,-654.4635009765625,467.5782165527344,9.474241256713867,-654.5941162109375,466.8407287597656,9.628636360168457
1562,-648.2939453125,467.96429443359375,7.249605027027428,-658.8854370117188,465.2663269042969,10.929717063903809,-659.5228881835938,467.0980529785156,11.262306213378906,-659.6043701171875,466.6290283203125,11.388970375061035
1563,-651.608154296875,468.4103088378906,7.1090940036810935,-658.8854370117188,465.2663269042969,7.927387237548828,-663.13525390625,468.47998046875,11.527310371398926,-662.8900146484375,467.681396484375,11.30538272857666
1564,-654.9159545898438,468.8554382324219,7.058136980049312,-663.6168823242188,465.296142578125,9.40078353881836,-666.645751953125,469.4527587890625,11.744997024536133,-666.4109497070312,468.83294677734375,11.495017051696777
1565,-658.3579711914062,469.2770080566406,7.037204049993306,-663.6168823242188,465.296142578125,6.5957136154174805,-666.59375,469.8105773925781,8.253045082092285,-666.40625,469.2153625488281,8.048515319824219
1566,-661.778076171875,469.6958923339844,7.065256009809673,-668.3179931640625,470.0841064453125,6.551429271697998,-672.5770263671875,469.006103515625,10.820958137512207,-672.31884765625,468.90081787109375,10.570714950561523
1567,-664.9139404296875,470.0799560546875,6.997563992626965,-677.8416748046875,460.62738037109375,16.014915466308594,-677.0322265625,469.760009765625,12.122509002685547,-677.0423583984375,469.397705078125,12.147592544555664
1568,-668.0928955078125,470.46136474609375,7.209455012343824,-677.8416748046875,460.62738037109375,13.847235679626465,-680.6514892578125,468.3946533203125,12.72751235961914,-680.416015625,468.2650451660156,12.517312049865723
1569,-671.5755615234375,470.87921142578125,7.138035958632827,-677.7809448242188,470.1437072753906,6.248819828033447,-680.9134521484375,468.00146484375,9.771265029907227,-680.7150268554688,468.01251220703125,9.578506469726562
1570,-674.7485961914062,471.2599182128906,7.359045965131372,-692.0057373046875,465.4749450683594,18.200956344604492,-688.4803466796875,467.6011962890625,14.210813522338867,-688.7235107421875,467.2597961425781,14.536134719848633
1571,-677.9260864257812,471.64837646484375,7.524128945078701,-692.0057373046875,465.4749450683594,15.373607635498047,-691.8488159179688,466.75750732421875,14.756794929504395,-691.8361206054688,466.154052734375,14.955822944641113
1572,-681.4119262695312,472.0744934082031,7.545835978817195,-692.0057373046875,465.4749450683594,12.481300354003906,-695.771240234375,464.92596435546875,16.04030418395996,-695.4927978515625,464.6064453125,15.938716888427734
1573,-684.5831909179688,472.4621887207031,7.689543999731541,-692.0057373046875,465.4749450683594,10.19390869140625,-695.635009765625,465.0302429199219,13.318278312683105,-695.322021484375,464.70135498046875,13.249642372131348
1574,-688.1329345703125,472.9537048339844,7.248650013934821,-701.4990234375,460.7763671875,18.081478118896484,-701.25244140625,464.4872131347656,15.614191055297852,-701.2808837890625,463.8441467285156,15.995393753051758
1575,-691.3812255859375,473.40350341796875,7.393806998152286,-701.4686279296875,465.5345153808594,12.793617248535156,-704.6184692382812,467.67901611328125,14.42201042175293,-704.4083862304688,466.59527587890625,14.698941230773926
1576,-694.6322631835938,473.8536682128906,7.3735269834287465,-706.2001342773438,465.5643005371094,14.231277465820312,-709.4204711914062,468.62237548828125,15.6862211227417,-708.9903564453125,467.0917663574219,15.8706693649292
1577,-697.9788208007812,474.3583679199219,7.715241983532906,-706.2001342773438,465.5643005371094,12.038506507873535,-710.2984619140625,472.2752685546875,12.494513511657715,-709.9810791015625,469.2618408203125,13.039508819580078
1578,-701.3262329101562,474.8631896972656,7.790377014316618,-715.6630859375,465.6239013671875,17.05607795715332,-714.8242797851562,472.9385986328125,13.634563446044922,-714.4640502929688,469.1773681640625,14.315404891967773
1579,-704.671142578125,475.36761474609375,46.80034198099747,-715.6630859375,465.6239013671875,14.688865661621094,-721.0763549804688,473.7568054199219,16.48410415649414,-721.0304565429688,471.0191345214844,16.927387237548828
1580,-708.0817260742188,475.86968994140625,48.88202098663896,-715.6630859375,465.6239013671875,12.745713233947754,-721.25537109375,475.064697265625,13.198217391967773,-721.614501953125,473.953369140625,13.667783737182617
1581,-711.4822387695312,476.37030029296875,52.79914499260485,-729.8574829101562,465.7132263183594,21.242006301879883,-729.0427856445312,472.22674560546875,18.04277801513672,-729.3026733398438,470.811767578125,18.66722297668457
1582,-714.5772705078125,476.8258972167969,22.684791998472065,-729.8574829101562,465.7132263183594,18.893817901611328,-731.8818969726562,473.89190673828125,17.551591873168945,-732.057373046875,473.359130859375,17.8205623626709
1583,-719.4871215820312,477.40570068359375,15.725195000413805,-739.2293701171875,480.0472717285156,19.918190002441406,-735.001220703125,474.4649658203125,15.790350914001465,-735.383544921875,474.7197265625,16.121747970581055
1584,-724.3812255859375,477.983642578125,7.373959000688046,-739.2293701171875,480.0472717285156,14.990861892700195,-738.9525756835938,476.72003173828125,14.626036643981934,-739.1696166992188,477.4366455078125,14.798503875732422
1585,-727.551025390625,478.3248291015625,7.126800017431378,-739.2293701171875,480.0472717285156,11.804682731628418,-743.6575927734375,477.51959228515625,16.126684188842773,-743.5548706054688,478.0928649902344,16.005525588989258
1586,-731.035400390625,478.6999206542969,7.059883035253733,-739.2293701171875,480.0472717285156,8.304004669189453,-743.8829345703125,475.4915771484375,13.242076873779297,-743.9466552734375,475.7959899902344,13.233794212341309
1587,-734.2056274414062,479.0411682128906,7.144169008824974,-753.4237670898438,480.1365966796875,19.249332427978516,-750.305419921875,477.12628173828125,16.213268280029297,-750.6334228515625,477.3998718261719,16.50958251953125
1588,-737.4244384765625,479.4397888183594,7.205831992905587,-758.1552734375,480.1663513183594,20.743562698364258,-754.2609252929688,477.2996826171875,16.97195816040039,-754.3833618164062,477.7026672363281,17.047658920288086
1589,-740.645751953125,479.8387145996094,7.190983043983579,-758.1552734375,480.1663513183594,17.51258659362793,-754.43310546875,477.3564453125,14.009024620056152,-754.5714111328125,477.74005126953125,14.082910537719727
1590,-744.1832275390625,480.2768249511719,7.060187985189259,-753.4541625976562,475.3784484863281,10.485434532165527,-757.3187866210938,475.3072204589844,14.044211387634277,-757.04052734375,475.55450439453125,13.697096824645996
1591,-747.60693359375,480.763427734375,6.966816959902644,-762.88671875,480.1961364746094,15.290312767028809,-763.0628662109375,477.035400390625,15.89918327331543,-762.9554443359375,477.59332275390625,15.672471046447754
1592,-750.7288818359375,481.2071533203125,7.05471500987187,-762.88671875,480.1961364746094,12.199801445007324,-767.7200927734375,476.9569396972656,17.514724731445312,-767.6380615234375,477.16729736328125,17.385072708129883
1593,-754.1301879882812,481.6905822753906,7.033084984868765,-762.88671875,480.1961364746094,8.88314151763916,-767.5892333984375,475.82586669921875,14.681307792663574,-767.5337524414062,475.9375,14.586071014404297
1594,-757.329833984375,482.106201171875,7.212281052488834,-767.6485595703125,475.4677429199219,12.26968765258789,-771.2232055664062,477.21112060546875,14.730498313903809,-770.9873046875,476.4878234863281,14.767960548400879
1595,-760.8058471679688,482.5577392578125,7.109876023605466,-772.3800048828125,475.4975280761719,13.557570457458496,-773.7506713867188,477.76617431640625,13.80317211151123,-773.435302734375,477.0274963378906,13.78719425201416
1596,-763.9852294921875,482.9707336425781,7.04784196568653,-772.3800048828125,475.4975280761719,11.239263534545898,-773.55078125,477.52191162109375,11.008607864379883,-773.2420043945312,476.568603515625,11.255005836486816
1597,-767.3713989257812,483.3948669433594,7.4586530099622905,-777.141845703125,470.7691345214844,15.964672088623047,-778.0214233398438,481.63311767578125,10.794756889343262,-777.7244873046875,481.97833251953125,10.449545860290527
1598,-770.4658203125,483.7824401855469,7.518506026826799,-791.2149047851562,489.89105224609375,21.629602432250977,-785.665283203125,487.44317626953125,15.634086608886719,-785.8026733398438,489.013427734375,16.204391479492188
1599,-773.8504638671875,484.2063903808594,7.627799001056701,-795.9160766601562,494.678955078125,24.424697875976562,-792.678955078125,489.9181213378906,19.675771713256836,-792.883056640625,490.79693603515625,20.141372680664062
1600,-777.1756591796875,484.6408996582031,7.650025014299899,-795.9160766601562,494.678955078125,21.25948715209961,-792.4239501953125,490.8753662109375,16.473583221435547,-792.598876953125,491.34161376953125,16.815921783447266
1601,-780.5014038085938,485.0754699707031,7.442314003128558,-800.6475830078125,494.7087097167969,22.33087158203125,-797.2631225585938,491.385498046875,17.910099029541016,-797.4283447265625,492.1105651855469,18.33068084716797
1602,-783.81787109375,485.5088195800781,7.125695003196597,-800.6475830078125,494.7087097167969,19.180124282836914,-800.162353515625,492.0229187011719,17.59476089477539,-800.1168212890625,492.7911071777344,17.85181999206543
1603,-788.5977172851562,486.1773376464844,7.225833018310368,-800.6475830078125,494.7087097167969,14.764266967773438,-803.2716674804688,492.4935302734375,15.975578308105469,-802.986083984375,493.2679748535156,16.0406436920166
1604,-793.8464965820312,486.91143798828125,7.426166033837944,-805.3790283203125,494.73846435546875,13.937776565551758,-809.5015258789062,493.2483215332031,16.888931274414062,-809.345703125,493.71533203125,16.92685317993164
1605,-797.0420532226562,487.3603210449219,7.272751012351364,-805.3790283203125,494.73846435546875,11.132930755615234,-809.2596435546875,493.5466003417969,13.69450855255127,-809.042236328125,494.099609375,13.763080596923828
1606,-800.533447265625,487.85076904296875,7.4632419855333865,-819.573486328125,494.8277282714844,20.278093338012695,-816.34619140625,493.65765380859375,16.845260620117188,-816.6096801757812,494.115234375,17.253660202026367
1607,-803.7526245117188,488.3029479980469,7.605586026329547,-824.304931640625,494.85748291015625,21.572187423706055,-821.2730102539062,493.2119445800781,18.195114135742188,-821.4763793945312,494.08428955078125,18.642837524414062
1608,-807.060546875,488.71142578125,7.544133986812085,-824.304931640625,494.85748291015625,18.30690574645996,-821.4878540039062,493.88421630859375,15.32660961151123,-821.7451782226562,494.438232421875,15.761811256408691
1609,-810.3692016601562,489.1199951171875,7.372095016762614,-829.0364379882812,494.8872375488281,19.53782844543457,-827.5442504882812,494.1266784667969,17.889917373657227,-827.8765869140625,494.60589599609375,18.34676170349121
1610,-813.6688842773438,489.5274658203125,7.348809973336756,-829.0364379882812,494.8872375488281,16.275405883789062,-829.5502319335938,493.98162841796875,16.494142532348633,-829.5098876953125,494.6051025390625,16.634897232055664
1611,-816.9529418945312,489.9350891113281,7.095217995811254,-829.0364379882812,494.8872375488281,13.058891296386719,-829.6015625,493.8893127441406,13.252301216125488,-829.560791015625,494.5664978027344,13.431597709655762
1612,-820.2434692382812,490.343505859375,7.186823000665754,-829.0364379882812,494.8872375488281,9.897564888000488,-833.3458862304688,493.3125305175781,13.434597969055176,-833.092529296875,494.3643493652344,13.463488578796387
1613,-823.5341796875,490.7519836425781,7.23347399616614,-838.4993896484375,494.9467468261719,15.541993141174316,-838.3092041015625,494.2826843261719,15.191023826599121,-838.0846557617188,495.6627502441406,15.35682201385498
1614,-826.7283325195312,491.1368408203125,7.407817000057548,-838.4993896484375,494.9467468261719,12.372274398803711,-838.058349609375,493.747802734375,11.626969337463379,-837.8189086914062,495.30584716796875,11.84826946258545
1615,-829.9218139648438,491.5216064453125,7.0147860096767545,-838.4993896484375,494.9467468261719,9.236145973205566,-842.1309814453125,491.89691162109375,12.214934349060059,-841.4951171875,493.93780517578125,11.822832107543945
1616,-833.4198608398438,491.9430847167969,7.294496987015009,-843.2308959960938,494.9764709472656,10.269267082214355,-846.0330810546875,491.7069091796875,12.615431785583496,-845.7594604492188,493.6688232421875,12.459691047668457
1617,-836.8294067382812,492.3990478515625,7.2522470145486295,-847.9320678710938,499.7643737792969,13.323554992675781,-849.3839111328125,490.458251953125,12.703632354736328,-849.1290283203125,492.06256103515625,12.30422306060791
1618,-839.9287109375,492.8135070800781,7.3861959972418845,-847.9623413085938,495.0062255859375,8.327498435974121,-849.3411865234375,490.3086853027344,9.740062713623047,-849.0693359375,491.809326171875,9.195618629455566
1619,-843.325927734375,493.2677917480469,7.585390005260706,-852.6635131835938,499.79412841796875,11.39225959777832,-856.107177734375,495.0540771484375,12.90546989440918,-855.9090576171875,497.1311950683594,13.162866592407227
1620,-846.844482421875,493.78204345703125,7.498934981413186,-866.8579711914062,499.8833312988281,20.9228458404541,-862.6965942382812,496.6391906738281,16.10753631591797,-862.6927490234375,498.3394775390625,16.490535736083984
1621,-850.0880126953125,494.256103515625,10.565417993348092,-866.8579711914062,499.8833312988281,17.688899993896484,-862.377685546875,493.1459045410156,12.339715957641602,-862.1797485351562,495.3203125,12.138477325439453
1622,-853.3035278320312,494.72607421875,7.916119997389615,-866.8579711914062,499.8833312988281,14.502421379089355,-866.5804443359375,491.2039489746094,13.736151695251465,-866.4705810546875,492.74847412109375,13.314736366271973
1623,-858.532470703125,495.38262939453125,7.463689020369202,-866.8579711914062,499.8833312988281,9.464157104492188,-870.2848510742188,491.87835693359375,12.263700485229492,-870.0277709960938,493.6974182128906,11.618168830871582
1624,-863.3219604492188,495.9839782714844,6.985676009207964,-881.0523681640625,499.9725341796875,18.17349624633789,-876.89794921875,491.221923828125,14.38696002960205,-877.220947265625,492.34100341796875,14.368475914001465
1625,-866.7154541015625,496.4111022949219,6.951068004127592,-885.7838745117188,500.0022888183594,19.403640747070312,-881.901611328125,490.75537109375,16.205142974853516,-881.8592529296875,491.6351623535156,15.879050254821777
1626,-869.8218994140625,496.80206298828125,7.344367972109467,-885.7838745117188,500.0022888183594,16.279621124267578,-882.0768432617188,491.43865966796875,13.37721061706543,-882.0880737304688,492.75390625,12.916911125183105
1627,-873.2280883789062,497.23077392578125,8.030433033127338,-885.7838745117188,500.0022888183594,12.85803508758545,-885.357666015625,490.80108642578125,13.728347778320312,-885.0808715820312,492.0992431640625,12.915923118591309
1628,-876.3859252929688,497.6547546386719,7.993022969458252,-885.7536010742188,504.76043701171875,11.757723808288574,-889.5078125,496.8795471191406,13.144765853881836,-889.1728515625,499.4477844238281,12.912026405334473
1629,-879.8495483398438,498.1197814941406,8.015780011191964,-885.7838745117188,500.0022888183594,6.225758075714111,-889.7957153320312,494.97509765625,10.431456565856934,-889.544189453125,496.8689880371094,9.774996757507324
1630,-883.0116577148438,498.5443420410156,8.083769003860652,-890.515380859375,500.0320129394531,7.649773120880127,-893.8901977539062,494.29925537109375,11.677474021911621,-893.759765625,495.658935546875,11.128674507141113
1631,-886.3829956054688,498.9841003417969,7.774929981678724,-895.246826171875,500.0617370605469,8.929098129272461,-897.35302734375,493.790283203125,12.137434959411621,-897.110595703125,494.5206298828125,11.619120597839355
1632,-889.4530639648438,499.3845520019531,7.6684539671987295,-895.246826171875,500.0617370605469,5.833203315734863,-897.4069213867188,493.4549865722656,9.920866966247559,-897.1514282226562,493.873779296875,9.467493057250977
1633,-892.8258056640625,499.82452392578125,7.511950971093029,-899.9783325195312,500.0914611816406,7.157506465911865,-903.699951171875,493.62066650390625,12.519380569458008,-903.555908203125,494.44171142578125,12.004572868347168
1634,-896.0244140625,500.2378845214844,7.40608898922801,-900.0994873046875,481.0588684082031,19.60716438293457,-903.8026123046875,494.45147705078125,9.694477081298828,-903.72265625,495.6499328613281,8.961709022521973
1635,-899.227294921875,500.6517639160156,7.275258016306907,-914.1424560546875,504.93878173828125,15.519038200378418,-910.7492065429688,495.8501281738281,12.482393264770508,-911.0740966796875,496.76580810546875,12.467852592468262
1636,-902.73193359375,501.10467529296875,7.587652013171464,-918.8739624023438,504.968505859375,16.598020553588867,-916.2333984375,495.96429443359375,14.446905136108398,-916.365966796875,497.1140441894531,14.2060546875
1637,-906.0712890625,501.520263671875,7.264981046319008,-918.8739624023438,504.968505859375,13.258914947509766,-915.9529418945312,495.1226501464844,11.77185344696045,-916.039306640625,495.71221923828125,11.536669731140137
1638,-909.4171142578125,501.9366455078125,7.480648986529559,-918.8739624023438,504.968505859375,9.93096923828125,-918.7305908203125,495.41778564453125,11.368217468261719,-918.546875,496.465576171875,10.643548965454102
1639,-912.7503662109375,502.3514709472656,7.944106997456402,-918.8739624023438,504.968505859375,6.659377098083496,-920.9365234375,494.7840576171875,11.148045539855957,-920.7251586914062,495.50396728515625,10.511214256286621
1640,-917.7728271484375,502.991943359375,7.928586041089147,-933.0380859375,509.8158264160156,16.721050262451172,-928.1746826171875,502.0941467285156,10.440528869628906,-928.1494140625,504.97930908203125,10.565187454223633
1641,-922.7892456054688,503.63165283203125,7.864191953558475,-937.7695922851562,509.84552001953125,16.217981338500977,-935.5553588867188,501.953125,12.87598991394043,-935.724609375,504.732421875,12.982115745544434
1642,-926.1004638671875,504.09161376953125,7.632763998117298,-942.5010986328125,509.875244140625,17.390548706054688,-939.4771728515625,501.4857177734375,13.62817096710205,-939.7672119140625,503.4514465332031,13.681733131408691
1643,-929.4110717773438,504.551513671875,7.614013040438294,-942.5010986328125,509.875244140625,14.131202697753906,-939.4058837890625,501.9981994628906,10.315797805786133,-939.7137451171875,504.24517822265625,10.30722713470459
1644,-932.7259521484375,505.0119934082031,7.4814059771597385,-947.2325439453125,509.90496826171875,15.309553146362305,-944.9677124023438,502.4078674316406,12.515676498413086,-945.3947143554688,504.3448181152344,12.686318397521973
1645,-935.8081665039062,505.4467468261719,7.288668013643473,-947.2325439453125,509.90496826171875,12.263446807861328,-945.1005249023438,502.5133972167969,9.744355201721191,-945.5215454101562,504.38104248046875,9.771666526794434
1646,-939.2006225585938,505.92523193359375,6.965404027141631,-951.9640502929688,509.9346618652344,13.378363609313965,-950.583984375,501.3603820800781,12.264533996582031,-950.7742919921875,502.6127014160156,12.038383483886719
1647,-942.5912475585938,506.40350341796875,6.920665968209505,-951.9640502929688,509.9346618652344,10.015913009643555,-953.32666015625,500.2565612792969,12.37069034576416,-953.4324340820312,501.3891296386719,11.94467544555664
1648,-945.9857788085938,506.8650817871094,7.0687500410713255,-951.9640502929688,509.9346618652344,6.720271587371826,-954.99267578125,499.2729187011719,11.779861450195312,-954.7916870117188,499.8185729980469,11.278178215026855
1649,-949.1009521484375,507.28863525390625,7.024720951449126,-951.9640502929688,509.9346618652344,3.89856219291687,-955.1982421875,499.1275939941406,10.187224388122559,-955.0508422851562,499.5367431640625,9.772053718566895
1650,-952.497314453125,507.7504577636719,7.234531978610903,-956.6652221679688,514.7225341796875,8.12288761138916,-960.6013793945312,506.1012268066406,8.270176887512207,-960.408203125,507.7394714355469,7.910896301269531
1651,-955.6939697265625,508.1671447753906,7.181027962360531,-956.6652221679688,514.7225341796875,6.626949787139893,-960.5421142578125,506.0914611816406,5.273799896240234,-960.3299560546875,507.70318603515625,4.659144401550293
1652,-958.8901977539062,508.58380126953125,7.00484897242859,-966.1282348632812,514.7819213867188,9.52921199798584,-966.078369140625,504.42254638671875,8.305771827697754,-966.0711669921875,505.1545715332031,7.957759380340576
1653,-962.4034423828125,509.0417785644531,6.876802945043892,-966.1282348632812,514.7819213867188,6.842756748199463,-971.2359008789062,505.15362548828125,9.650391578674316,-971.4115600585938,505.7779541015625,9.581165313720703
1654,-965.6096801757812,509.4404602050781,7.1603989927098155,-966.1282348632812,514.7819213867188,5.366572856903076,-971.099853515625,505.76763916015625,6.605423450469971,-971.2347412109375,506.7637023925781,6.22947359085083
1655,-968.8155517578125,509.839111328125,7.35697103664279,-975.5911865234375,514.8413696289062,8.422102928161621,-976.2374267578125,504.04791259765625,9.413936614990234,-976.4170532226562,504.262939453125,9.427433967590332
1656,-972.3401489257812,510.27740478515625,7.732857018709183,-975.5911865234375,514.8413696289062,5.603482723236084,-979.4283447265625,504.550048828125,9.112909317016602,-979.2739868164062,504.95947265625,8.738335609436035
1657,-975.4639892578125,510.6739196777344,7.599234988447279,-975.5911865234375,514.8413696289062,4.169390678405762,-979.9104614257812,504.2799072265625,7.788100719451904,-979.7755737304688,504.50970458984375,7.522453308105469
1658,-978.9026489257812,511.1103820800781,7.406273973174393,-980.3226318359375,514.8710327148438,4.019806385040283,-983.6279296875,503.1315002441406,9.273123741149902,-983.2930908203125,502.7518615722656,9.44144344329834
1659,-982.3381958007812,511.54644775390625,7.547562010586262,-985.0238647460938,519.6588745117188,8.545424461364746,-987.17333984375,514.8126831054688,5.834973335266113,-986.6891479492188,517.5025634765625,7.376049041748047
1660,-985.5635986328125,511.9342956542969,7.410691003315151,-989.75537109375,519.6885986328125,8.814769744873047,-992.4384765625,512.04150390625,6.87571382522583,-992.0859985351562,514.8756713867188,7.154955863952637
1661,-988.796875,512.3231201171875,7.411168015096337,-989.75537109375,519.6885986328125,7.42758321762085,-992.3294067382812,511.1937255859375,3.7086806297302246,-991.9779052734375,513.6385498046875,3.4422824382781982
1662,-992.336181640625,512.7487182617188,7.370028004515916,-994.4868774414062,519.7183227539062,7.293893337249756,-997.4971313476562,512.1912841796875,5.190966606140137,-997.3043212890625,515.1478271484375,5.51707649230957
1663,-996.9798583984375,513.2999267578125,7.30352703249082,-999.2183227539062,519.7479858398438,6.825553894042969,-1003.3203125,513.9421997070312,6.372901439666748,-1003.1890869140625,516.6246948242188,7.043337821960449
1664,-1002.089111328125,513.9064331054688,7.598850002977997,-1013.4127807617188,519.8370971679688,12.782732963562012,-1010.021240234375,513.6083984375,7.937726020812988,-1010.25439453125,516.11767578125,8.459400177001953
1665,-1005.1173706054688,514.3377075195312,7.689873978961259,-1013.4127807617188,519.8370971679688,9.952744483947754,-1014.1653442382812,513.88916015625,9.05908489227295,-1014.0926513671875,516.4144287109375,9.212407112121582
1666,-1008.45263671875,514.812744140625,7.451982004567981,-1013.4127807617188,519.8370971679688,7.060251712799072,-1015.0145263671875,511.7571105957031,7.23845911026001,-1015.20849609375,513.6619873046875,6.853165626525879
1667,-1011.78076171875,515.2868041992188,7.291924033779651,-1013.4127807617188,519.8370971679688,4.834113597869873,-1017.5321044921875,512.7531127929688,6.2847065925598145,-1017.345947265625,515.1112670898438,5.567953109741211
1668,-1014.9401245117188,515.7105102539062,7.010460016317666,-1018.144287109375,519.8667602539062,5.247959136962891,-1022.1494750976562,516.2322387695312,7.228204250335693,-1021.8622436523438,517.8709716796875,7.251436233520508
1669,-1018.4108276367188,516.176025390625,7.315379974897951,-1018.144287109375,519.8667602539062,3.7003469467163086,-1021.87548828125,516.0611572265625,3.466564416885376,-1021.4865112304688,517.7400512695312,3.4505081176757812
1670,-1021.5745239257812,516.600341796875,7.3609770042821765,-1027.5770263671875,524.6842651367188,10.068756103515625,-1027.8975830078125,516.5767822265625,6.323102951049805,-1027.878662109375,518.4285278320312,6.563872337341309
1671,-1025.0118408203125,517.0396118164062,7.337747025303543,-1027.5770263671875,524.6842651367188,8.063553810119629,-1031.4278564453125,515.4948120117188,6.599368572235107,-1031.249267578125,517.1265869140625,6.238032817840576
1672,-1028.1453857421875,517.4400024414062,7.127782970201224,-1027.5770263671875,524.6842651367188,7.266524314880371,-1031.122314453125,515.6996459960938,3.4483249187469482,-1030.90283203125,517.48388671875,2.757795572280884
1673,-1031.593017578125,517.8805541992188,6.81532802991569,-1032.3084716796875,524.7139892578125,6.870786666870117,-1034.0289306640625,514.4378051757812,4.217368125915527,-1033.6658935546875,515.03369140625,3.5215682983398438
1674,-1035.162841796875,518.3531494140625,6.9383360096253455,-1046.5029296875,524.802978515625,13.045990943908691,-1041.5977783203125,515.528564453125,7.027566432952881,-1041.832763671875,517.6719360351562,6.704618453979492
1675,-1038.424072265625,518.784912109375,6.761236989405006,-1046.5029296875,524.802978515625,10.073979377746582,-1041.362060546875,515.4791870117188,4.4226226806640625,-1041.4434814453125,517.225830078125,3.3981714248657227
1676,-1041.682861328125,519.2163696289062,6.755950045771897,-1051.2042236328125,529.5908203125,14.081390380859375,-1048.7359619140625,525.5104370117188,9.45312213897705,-1049.0992431640625,527.18408203125,10.885180473327637
1677,-1044.9300537109375,519.663330078125,6.8240060354582965,-1055.9356689453125,529.6204833984375,14.84144401550293,-1054.5751953125,523.2918701171875,10.305098533630371,-1054.7490234375,525.17919921875,11.262192726135254
1678,-1048.167724609375,520.1089477539062,8.287006989121437,-1055.9356689453125,529.6204833984375,12.28048324584961,-1057.0567626953125,521.7474975585938,9.038796424865723,-1056.9327392578125,523.76953125,9.498703002929688
1679,-1051.7115478515625,520.5967407226562,7.538268982898444,-1055.9356689453125,529.6204833984375,9.96349048614502,-1057.140625,521.5460815429688,5.511454105377197,-1057.043212890625,523.4295043945312,6.037483215332031
1680,-1055.2119140625,521.0426025390625,8.018156979233027,-1055.9356689453125,529.6204833984375,8.608360290527344,-1059.7532958984375,520.7199096679688,4.552832126617432,-1059.390625,522.2734985351562,4.356228828430176
1681,-1058.3994140625,521.4486083984375,7.875106995925307,-1065.398681640625,529.6798706054688,10.804786682128906,-1063.673095703125,519.015625,5.807850360870361,-1063.42041015625,519.0084228515625,5.582553863525391
1682,-1061.5870361328125,521.8546142578125,7.3878830298781395,-1065.398681640625,529.6798706054688,8.70421028137207,-1063.7724609375,519.8223266601562,2.9843382835388184,-1063.541015625,520.8155517578125,2.213071823120117
1683,-1066.5186767578125,522.463134765625,7.308563974220306,-1065.398681640625,529.6798706054688,7.303127288818359,-1067.3150634765625,520.0199584960938,2.5696969032287598,-1066.97265625,521.184326171875,1.3569998741149902
1684,-1071.421630859375,523.0679931640625,6.850766949355602,-1079.5931396484375,529.7688598632812,10.567646980285645,-1075.37841796875,525.9561767578125,4.898751735687256,-1075.8330078125,528.44287109375,6.953384876251221
1685,-1074.612548828125,523.4761352539062,7.285216997843236,-1079.5931396484375,529.7688598632812,8.025252342224121,-1079.414794921875,524.3343505859375,4.878329753875732,-1079.2984619140625,526.525146484375,5.590549945831299
1686,-1077.7841796875,523.8818359375,7.194987032562494,-1079.5931396484375,529.7688598632812,6.158683776855469,-1083.2286376953125,524.9369506835938,5.545754432678223,-1082.6964111328125,527.0789184570312,5.8610029220581055
1687,-1081.2562255859375,524.325927734375,7.384200987871736,-1093.8782958984375,515.5834350585938,15.354082107543945,-1088.98876953125,521.6163940429688,8.193522453308105,-1089.1234130859375,521.3716430664062,8.403596878051758
1688,-1084.5648193359375,524.7786254882812,7.583018974401057,-1084.2943115234375,534.5567016601562,9.781817436218262,-1089.113037109375,522.8253784179688,4.949894905090332,-1089.26171875,523.05029296875,5.004797458648682
1689,-1087.8753662109375,525.2315063476562,7.22450902685523,-1089.02587890625,534.5863647460938,9.42534065246582,-1092.863037109375,522.4921875,5.690406799316406,-1092.8515625,522.125732421875,5.865864276885986
1690,-1091.1827392578125,525.6840209960938,7.324643956962973,-1093.8782958984375,515.5834350585938,10.454083442687988,-1096.204345703125,519.7637939453125,7.7630934715271,-1095.84033203125,518.9234619140625,8.209649085998535
1691,-1094.5169677734375,526.155029296875,7.264520041644573,-1093.8782958984375,515.5834350585938,10.590868949890137,-1096.2237548828125,520.3859252929688,6.016284942626953,-1095.8675537109375,519.4425659179688,6.846988201141357
1692,-1097.8526611328125,526.626220703125,7.534060045145452,-1098.6400146484375,510.8549499511719,15.790911674499512,-1101.5491943359375,521.4933471679688,6.325405120849609,-1101.039794921875,520.4163818359375,6.979965686798096
1693,-1101.1910400390625,527.0977783203125,8.024048001971096,-1103.1900634765625,539.4334716796875,12.49661636352539,-1107.342529296875,534.3807373046875,9.533221244812012,-1107.296142578125,536.573974609375,11.272558212280273
1694,-1104.3963623046875,527.53271484375,7.8024910180829465,-1103.1900634765625,539.4334716796875,11.961737632751465,-1107.3729248046875,533.1753540039062,6.379600524902344,-1107.372314453125,535.604736328125,8.603128433227539
1695,-1107.6026611328125,527.9678344726562,7.416364038363099,-1107.921630859375,539.463134765625,11.499724388122559,-1110.385498046875,533.7039794921875,6.375542640686035,-1110.2220458984375,535.8793334960938,8.333846092224121
1696,-1111.1175537109375,528.4447631835938,7.623503974173218,-1112.653076171875,539.4927978515625,11.154232025146484,-1113.403564453125,534.1433715820312,6.140030860900879,-1113.22509765625,536.460205078125,8.287885665893555
1697,-1114.4571533203125,528.8640747070312,7.711249985732138,-1117.384521484375,539.5224609375,11.053085327148438,-1119.9412841796875,534.022705078125,7.529087543487549,-1119.5745849609375,536.5625610351562,9.244176864624023
1698,-1117.7945556640625,529.2831420898438,7.644979050382972,-1117.384521484375,539.5224609375,10.247525215148926,-1120.0498046875,534.8698120117188,6.0247015953063965,-1119.729736328125,537.22314453125,8.1724271774292
1699,-1121.135986328125,529.70263671875,7.361144002061337,-1131.5791015625,539.6114501953125,14.39594554901123,-1127.789306640625,535.1394653320312,8.592192649841309,-1127.9119873046875,537.0779418945312,10.015453338623047
1700,-1124.43115234375,530.0885620117188,6.982818013057113,-1136.310546875,539.64111328125,15.243727684020996,-1134.9384765625,536.6544189453125,12.390090942382812,-1135.283935546875,538.1082763671875,13.494396209716797
1701,-1127.727294921875,530.4745483398438,7.054636953398585,-1136.310546875,539.64111328125,12.557790756225586,-1137.2723388671875,534.6322631835938,10.41126537322998,-1137.12548828125,536.9275512695312,11.40031909942627
1702,-1131.0216064453125,530.8604125976562,6.878917978610843,-1136.2802734375,544.3992309570312,14.524227142333984,-1137.07080078125,538.9408569335938,10.093875885009766,-1137.032958984375,540.4637451171875,11.329623222351074
1703,-1134.0947265625,531.25,6.830363010521978,-1136.2802734375,544.3992309570312,13.32962417602539,-1140.4034423828125,538.2459716796875,9.420377731323242,-1139.9620361328125,539.8728637695312,10.42972183227539
1704,-1137.4775390625,531.6788330078125,6.851560960058123,-1145.7432861328125,544.4585571289062,15.219852447509766,-1145.020263671875,537.0534057617188,9.261680603027344,-1144.82275390625,538.798583984375,10.229517936706543
1705,-1140.856201171875,532.107177734375,6.9315379951149225,-1145.7432861328125,544.4585571289062,13.283079147338867,-1144.9000244140625,538.851318359375,7.863583087921143,-1144.66650390625,540.6314086914062,9.337072372436523
1706,-1144.3873291015625,532.6311645507812,6.9260759628377855,-1145.7432861328125,544.4585571289062,11.904866218566895,-1149.0526123046875,537.7265014648438,6.908496379852295,-1148.57275390625,539.5202026367188,8.060808181762695
1707,-1147.6070556640625,533.10888671875,7.218829006887972,-1155.206298828125,544.517822265625,13.708110809326172,-1155.3040771484375,536.201171875,8.294960021972656,-1155.1710205078125,538.2393188476562,9.139742851257324
1708,-1150.8338623046875,533.5877075195312,7.160241017118096,-1164.6693115234375,544.5770874023438,17.66878890991211,-1161.1727294921875,537.58056640625,11.083099365234375,-1161.58251953125,539.485107421875,12.260218620300293
1709,-1155.7705078125,534.2450561523438,7.789127004798502,-1169.4007568359375,544.6067504882812,17.1215763092041,-1166.6405029296875,538.2477416992188,11.583535194396973,-1166.9224853515625,540.5568237304688,12.814250946044922
1710,-1160.6990966796875,534.9013061523438,7.49058200744912,-1174.10205078125,549.39453125,19.740636825561523,-1171.556640625,545.5657348632812,15.218945503234863,-1171.912109375,546.898193359375,16.421234130859375
1711,-1163.808837890625,535.2844848632812,7.487478025723249,-1174.10205078125,549.39453125,17.465497970581055,-1171.3128662109375,545.1487426757812,12.394111633300781,-1171.6396484375,546.5825805664062,13.746583938598633
1712,-1167.229736328125,535.7060546875,7.388174009975046,-1174.10205078125,549.39453125,15.316758155822754,-1175.3056640625,545.5867919921875,12.761253356933594,-1175.453857421875,546.912841796875,13.900655746459961
1713,-1170.6358642578125,536.1257934570312,7.147400989197195,-1183.5650634765625,549.4537963867188,18.56878662109375,-1179.0472412109375,545.81396484375,12.830118179321289,-1178.9864501953125,547.186767578125,13.859199523925781
1714,-1173.7647705078125,536.5264282226562,7.115500047802925,-1183.5650634765625,549.4537963867188,16.222286224365234,-1183.88720703125,544.5426025390625,12.912117958068848,-1183.72265625,546.3165893554688,13.964481353759766
1715,-1177.1932373046875,536.9654541015625,7.04207899980247,-1183.5650634765625,549.4537963867188,14.01994514465332,-1184.14501953125,543.76953125,9.727421760559082,-1184.026611328125,545.528564453125,10.955449104309082
1716,-1180.6339111328125,537.4059448242188,7.035725982859731,-1183.5650634765625,549.4537963867188,12.399290084838867,-1187.84716796875,541.8115234375,8.452230453491211,-1187.62939453125,543.5865478515625,9.334700584411621
1717,-1183.7562255859375,537.7996215820312,7.105217024218291,-1188.2965087890625,549.4834594726562,12.535000801086426,-1192.57470703125,540.2189331054688,9.144325256347656,-1192.57421875,540.7981567382812,9.313872337341309
1718,-1187.179443359375,538.231201171875,7.1550519787706435,-1188.2965087890625,549.4834594726562,11.307570457458496,-1193.298583984375,538.6687622070312,6.134765148162842,-1193.5003662109375,538.7262573242188,6.340279579162598
1719,-1190.6114501953125,538.6638793945312,7.1586419944651425,-1202.58154296875,535.2979125976562,12.434341430664062,-1198.28955078125,537.5032958984375,7.765319347381592,-1198.35400390625,537.64892578125,7.8087944984436035
1720,-1193.80419921875,539.110595703125,7.4156810296699405,-1202.58154296875,535.2979125976562,9.569656372070312,-1202.026123046875,537.4115600585938,8.395638465881348,-1201.95361328125,537.61328125,8.2858247756958
1721,-1197.2916259765625,539.5985717773438,7.49441800871864,-1212.07470703125,530.5989990234375,17.306987762451172,-1207.34130859375,540.3998413085938,10.081575393676758,-1207.154296875,539.56103515625,9.86274242401123
1722,-1200.4766845703125,540.0442504882812,7.640337978955358,-1212.07470703125,530.5989990234375,14.957503318786621,-1207.22265625,541.1279296875,6.832458972930908,-1206.965087890625,540.3043212890625,6.493613243103027
1723,-1205.586669921875,540.6799926757812,7.728701981250197,-1216.7760009765625,535.3867797851562,12.378175735473633,-1212.926025390625,540.6636962890625,7.339373588562012,-1213.169921875,539.7276611328125,7.642816543579102
1724,-1210.2296142578125,541.2576293945312,7.541028026025742,-1216.7760009765625,535.3867797851562,8.793295860290527,-1216.168212890625,541.552734375,5.945926189422607,-1216.25634765625,540.82763671875,6.04205322265625
1725,-1213.3311767578125,541.6336669921875,7.457930012606084,-1216.7760009765625,535.3867797851562,7.13375186920166,-1220.3995361328125,541.9276123046875,7.074468612670898,-1220.0341796875,541.1920166015625,6.717536926269531
1726,-1216.754150390625,542.0486450195312,7.296323019545525,-1221.507568359375,535.4163818359375,8.159772872924805,-1225.162353515625,541.77783203125,8.41256332397461,-1224.692138671875,540.9234008789062,8.017345428466797
1727,-1220.1458740234375,542.4598999023438,7.335289032198489,-1226.239013671875,535.4459838867188,9.290928840637207,-1229.183837890625,542.3953857421875,9.03819465637207,-1228.8282470703125,541.6526489257812,8.719820022583008
1728,-1223.382568359375,542.908935546875,7.263424980919808,-1226.239013671875,535.4459838867188,7.990927696228027,-1229.2884521484375,542.426025390625,5.925594329833984,-1228.958251953125,541.685302734375,5.708373069763184
1729,-1226.6282958984375,543.3593139648438,7.73417396703735,-1231.000732421875,530.7174682617188,13.376638412475586,-1232.935791015625,541.4824829101562,6.580804824829102,-1232.6246337890625,539.9925537109375,6.876855850219727
1730,-1230.174560546875,543.8513793945312,8.050390984863043,-1235.732177734375,530.7470703125,14.234114646911621,-1238.9434814453125,541.6443481445312,9.042398452758789,-1238.852783203125,540.5003662109375,9.302732467651367
1731,-1233.38525390625,544.3153686523438,7.762900029774755,-1249.805908203125,549.8685302734375,17.334228515625,-1248.162841796875,545.7960205078125,14.851580619812012,-1248.802978515625,545.9653930664062,15.505766868591309
1732,-1236.892578125,544.8222045898438,7.657853013370186,-1249.805908203125,549.8685302734375,13.864324569702148,-1248.287109375,546.2724609375,11.486452102661133,-1248.864990234375,546.7449340820312,12.125821113586426
1733,-1240.111328125,545.2874145507812,7.321864017285407,-1254.5374755859375,549.8981323242188,15.14504623413086,-1253.3516845703125,547.1655883789062,13.372904777526855,-1253.53515625,548.03466796875,13.70206356048584
1734,-1243.4815673828125,545.7384643554688,7.067786995321512,-1259.2689208984375,549.927734375,16.333723068237305,-1256.58203125,547.4982299804688,13.218128204345703,-1256.703369140625,548.481201171875,13.50328254699707
1735,-1246.5555419921875,546.14990234375,7.280172023456544,-1259.2689208984375,549.927734375,13.262805938720703,-1256.74658203125,547.60205078125,10.293980598449707,-1256.8775634765625,548.6483764648438,10.620099067687988
1736,-1249.925537109375,546.6009521484375,6.865102972369641,-1264.0003662109375,549.9573974609375,14.469504356384277,-1261.30419921875,549.4652709960938,11.733638763427734,-1261.4322509765625,550.6072998046875,12.184223175048828
1737,-1252.6943359375,546.9646606445312,7.1553169982507825,-1268.73193359375,549.9869995117188,16.319896697998047,-1265.3221435546875,548.173095703125,12.685497283935547,-1265.2939453125,549.3052978515625,12.815176010131836
1738,-1255.7103271484375,547.36083984375,6.930514005944133,-1268.73193359375,549.9869995117188,13.283785820007324,-1265.200439453125,547.7951049804688,9.500042915344238,-1265.262939453125,548.8600463867188,9.669541358947754
1739,-1258.7388916015625,547.7586669921875,7.257944962475449,-1268.8223876953125,535.7125244140625,15.70943832397461,-1268.12109375,546.5906372070312,9.454628944396973,-1268.0472412109375,546.2261962890625,9.43365478515625
1740,-1260.9417724609375,548.0135498046875,7.10557698039338,-1268.8223876953125,535.7125244140625,14.608878135681152,-1271.7674560546875,545.7571411132812,11.05833625793457,-1271.250244140625,544.9698486328125,10.748428344726562
1741,-1263.365966796875,548.2939453125,6.845724012237042,-1268.8223876953125,535.7125244140625,13.713666915893555,-1272.300537109375,544.8126220703125,9.588855743408203,-1271.925048828125,544.2166137695312,9.480639457702637
1742,-1265.571044921875,548.549072265625,6.997853983193636,-1283.016845703125,535.8013305664062,21.606964111328125,-1277.9754638671875,546.4218139648438,12.585500717163086,-1277.736328125,546.3215942382812,12.367528915405273
1743,-1267.686279296875,549.1079711914062,6.948159949388355,-1283.016845703125,535.8013305664062,20.300073623657227,-1278.11279296875,545.7532958984375,10.952900886535645,-1277.9129638671875,545.5555419921875,10.826117515563965
1744,-1269.6151123046875,549.6177368164062,6.858524051494896,-1273.46337890625,550.0166015625,3.868881940841675,-1277.6258544921875,550.2183837890625,8.033228874206543,-1277.4854736328125,550.2481079101562,7.895565509796143
1745,-1270.1434326171875,550.5604248046875,6.901445973198861,-1287.71826171875,540.589111328125,20.20647621154785,-1283.34228515625,551.3309326171875,13.221323013305664,-1283.176025390625,551.69970703125,13.082294464111328
1746,-1270.6246337890625,551.4190063476562,7.309042965061963,-1282.896240234375,554.8339233398438,12.737895965576172,-1283.25390625,551.8748168945312,12.637495040893555,-1283.0743408203125,552.745361328125,12.520160675048828
1747,-1271.106201171875,552.2782592773438,7.659105001948774,-1282.896240234375,554.8339233398438,12.063848495483398,-1283.151611328125,552.39208984375,12.045948028564453,-1282.9434814453125,553.2667846679688,11.878484725952148
1748,-1271.03369140625,553.8015747070312,7.786486996337771,-1282.896240234375,554.8339233398438,11.907384872436523,-1283.1834716796875,552.5545654296875,12.213606834411621,-1282.981201171875,553.2542114257812,11.960041999816895
1749,-1270.961181640625,555.3242797851562,7.576060015708208,-1282.896240234375,554.8339233398438,11.945127487182617,-1282.6268310546875,556.2080688476562,11.699079513549805,-1282.6163330078125,556.0383911132812,11.677007675170898
1750,-1270.8814697265625,556.9982299804688,7.538384001236409,-1282.8359375,564.3502197265625,14.034281730651855,-1281.63525390625,559.7367553710938,11.096999168395996,-1281.7833251953125,560.12744140625,11.34206485748291
1751,-1270.6866455078125,559.153564453125,7.523243024479598,-1282.8359375,564.3502197265625,13.214028358459473,-1281.467529296875,560.2295532226562,10.834444999694824,-1281.740966796875,560.4325561523438,11.12806510925293
1752,-1270.472412109375,561.5238037109375,7.511599978897721,-1282.8359375,564.3502197265625,12.682483673095703,-1280.06787109375,565.2506103515625,10.293780326843262,-1280.686279296875,564.7647094726562,10.715715408325195
1753,-1270.258544921875,563.8888549804688,7.430356985423714,-1282.8359375,564.3502197265625,12.585851669311523,-1279.508544921875,565.7313232421875,9.43171215057373,-1280.2413330078125,565.0973510742188,10.055671691894531
1754,-1269.9805908203125,566.6162719726562,7.282726990524679,-1278.0440673828125,573.8369140625,10.82392406463623,-1275.6644287109375,573.1094970703125,8.629483222961426,-1275.976318359375,573.033447265625,8.782305717468262
1755,-1269.6754150390625,569.6097412109375,7.308274041861296,-1282.7152099609375,583.3828125,18.96664810180664,-1275.85986328125,578.94287109375,11.196191787719727,-1276.21826171875,578.8868408203125,11.352242469787598
1756,-1269.3701171875,572.605224609375,7.234209042508155,-1282.7152099609375,583.3828125,17.153656005859375,-1276.392822265625,579.0926513671875,9.560601234436035,-1276.775146484375,579.082275390625,9.838020324707031
1757,-1268.9716796875,575.7566528320312,7.312032044865191,-1282.7152099609375,583.3828125,15.717599868774414,-1277.2532958984375,583.8875122070312,11.605862617492676,-1278.079345703125,583.8458862304688,12.181349754333496
1758,-1268.5352783203125,579.2077026367188,7.23972701234743,-1282.7152099609375,583.3828125,14.781813621520996,-1277.6943359375,587.8562622070312,12.59705924987793,-1278.6982421875,587.7568359375,13.280569076538086
1759,-1268.1343994140625,582.3790283203125,7.233967015054077,-1282.7152099609375,583.3828125,14.615321159362793,-1274.66552734375,587.6756591796875,8.408919334411621,-1276.4208984375,587.7089233398438,9.852606773376465
1760,-1267.692626953125,585.5333251953125,7.534376054536551,-1282.6549072265625,592.8991088867188,16.67706871032715,-1273.4189453125,593.0093994140625,9.417133331298828,-1275.0411376953125,592.9060668945312,10.40951156616211
1761,-1267.2091064453125,588.9857177734375,7.290940964594483,-1258.93701171875,602.2673950195312,15.64706039428711,-1270.9140625,597.1940307617188,9.005725860595703,-1271.65234375,596.9741821289062,9.141002655029297
1762,-1266.72509765625,592.4423217773438,7.354715024121106,-1273.1314697265625,602.356201171875,11.803668975830078,-1270.866943359375,597.09033203125,6.225663661956787,-1271.515869140625,596.9178466796875,6.556051731109619
1763,-1266.0828857421875,597.2522583007812,7.428226002957672,-1258.9068603515625,607.0255126953125,12.12484359741211,-1267.805908203125,604.7630004882812,7.705845355987549,-1267.4462890625,605.1978759765625,8.06174373626709
1764,-1265.376953125,602.5390014648438,7.382361043710262,-1263.608154296875,611.8132934570312,9.441458702087402,-1266.955322265625,610.4600830078125,8.076805114746094,-1266.17529296875,610.7552490234375,8.254941940307617
1765,-1265.0313720703125,605.668212890625,7.299156975932419,-1263.608154296875,611.8132934570312,6.307738780975342,-1267.56494140625,613.40380859375,8.13992691040039,-1266.997314453125,613.5836181640625,8.155891418457031
1766,-1264.652587890625,609.0969848632812,7.240495993755758,-1263.5780029296875,616.5714111328125,7.551276683807373,-1266.719482421875,615.9081420898438,7.11785888671875,-1266.123779296875,615.775634765625,6.838769912719727
1767,-1264.2740478515625,612.5243530273438,7.252335024531931,-1258.876708984375,611.78369140625,5.447921276092529,-1266.5628662109375,615.8776245117188,4.059940814971924,-1265.937255859375,615.7520751953125,3.63103985786438
1768,-1263.9576416015625,615.7396240234375,7.482566987164319,-1263.5780029296875,616.5714111328125,0.9143278002738953,-1266.9530029296875,620.0491943359375,5.248293876647949,-1266.139404296875,619.6922607421875,4.514800548553467
1769,-1263.610107421875,619.2716674804688,7.500895007979125,-1258.8162841796875,621.2999877929688,5.205268859863281,-1266.772216796875,624.8193359375,6.3855743408203125,-1265.69140625,624.6838989257812,5.7986249923706055
1770,-1263.293701171875,622.4874877929688,7.403213996440172,-1258.8162841796875,621.2999877929688,4.63221549987793,-1267.4329833984375,624.9083251953125,4.795217514038086,-1266.36962890625,624.7783203125,3.83526349067688
1771,-1262.9739990234375,625.5301513671875,7.2706249775364995,-1258.7861328125,626.05810546875,4.221014022827148,-1268.0888671875,629.2955932617188,6.351411819458008,-1267.068603515625,628.8494873046875,5.271031856536865
1772,-1262.65380859375,628.5778198242188,7.431004021782428,-1258.725830078125,635.5744018554688,8.023787498474121,-1267.80419921875,635.8114013671875,8.87982177734375,-1266.4566650390625,635.8471069335938,8.203916549682617
1773,-1262.302978515625,631.9161987304688,7.686965982429683,-1253.964111328125,640.302978515625,11.82686710357666,-1263.979736328125,635.9762573242188,4.392674922943115,-1263.3912353515625,636.07470703125,4.298545837402344
1774,-1262.014892578125,634.6428833007812,7.768841984216124,-1277.591552734375,645.2091674804688,18.82229232788086,-1266.5455322265625,640.6639404296875,7.535238742828369,-1267.55126953125,640.6709594726562,8.184691429138184
1775,-1261.7279052734375,637.3597412109375,7.8066710266284645,-1253.964111328125,640.302978515625,8.302959442138672,-1264.166015625,640.6203002929688,4.071317672729492,-1263.59423828125,640.6483154296875,3.781259059906006
1776,-1261.465576171875,639.8421630859375,7.538823003415018,-1253.964111328125,640.302978515625,7.515605926513672,-1265.6832275390625,644.6682739257812,6.40936279296875,-1265.97412109375,644.8040771484375,6.704294681549072
1777,-1261.223388671875,641.7208251953125,7.531801995355636,-1253.964111328125,640.302978515625,7.396444797515869,-1264.6051025390625,644.5621948242188,4.416941165924072,-1264.1878662109375,644.5609741210938,4.105432033538818
1778,-1261.0028076171875,643.4315185546875,7.252121984492987,-1253.87353515625,654.577392578125,13.230912208557129,-1264.6422119140625,650.425048828125,7.883827209472656,-1264.3165283203125,650.4764404296875,7.7853498458862305
1779,-1260.760986328125,645.3079833984375,7.514344004448503,-1253.87353515625,654.577392578125,11.548113822937012,-1263.916015625,650.2357177734375,5.85122013092041,-1263.17822265625,650.2049560546875,5.461077690124512
1780,-1260.1617431640625,646.13427734375,7.5669329962693155,-1253.87353515625,654.577392578125,10.52747631072998,-1265.722412109375,650.2162475585938,6.898080825805664,-1265.836181640625,650.2420654296875,7.005224704742432
1781,-1259.5628662109375,646.9602661132812,7.511459989473224,-1277.5311279296875,654.7254638671875,19.574390411376953,-1265.95263671875,649.990966796875,7.072079658508301,-1266.0997314453125,650.007568359375,7.212257385253906
1782,-1258.9124755859375,647.857177734375,7.306317973416299,-1277.591552734375,645.2091674804688,18.8658390045166,-1267.64794921875,649.4622802734375,8.881714820861816,-1268.91259765625,649.567626953125,10.145347595214844
1783,-1257.0726318359375,647.9210205078125,7.406008953694254,-1249.202392578125,645.031494140625,8.383914947509766,-1258.064697265625,649.14013671875,1.5717626810073853,-1256.1630859375,648.7137451171875,1.2065181732177734
1784,-1255.0623779296875,647.9907836914062,7.355781039223075,-1253.9339599609375,645.0610961914062,3.1394896507263184,-1258.4140625,648.8473510742188,3.459407091140747,-1257.075927734375,648.4188232421875,2.0585434436798096
1785,-1253.013916015625,647.8292846679688,7.521656982135028,-1253.9339599609375,645.0610961914062,2.917078733444214,-1258.58251953125,648.9398803710938,5.678271293640137,-1256.8370361328125,648.4614868164062,3.8750388622283936
1786,-1251.1439208984375,647.681884765625,7.3707299889065325,-1244.4708251953125,645.0018920898438,7.191144943237305,-1249.4677734375,648.3299560546875,1.7970718145370483,-1247.7532958984375,648.05908203125,3.41154146194458
1787,-1249.27197265625,647.5343627929688,7.056098023895174,-1244.4708251953125,645.0018920898438,5.428114414215088,-1249.1920166015625,647.5142822265625,0.08243906497955322,-1247.670654296875,646.9402465820312,1.7079795598983765
1788,-1246.5703125,647.2477416992188,6.896798964589834,-1244.4708251953125,645.0018920898438,3.074359655380249,-1245.2186279296875,646.8670654296875,1.4042669534683228,-1244.9200439453125,647.0794677734375,1.6588256359100342
1789,-1244.0865478515625,646.9841918945312,6.879587017465383,-1244.4708251953125,645.0018920898438,2.0192031860351562,-1244.169921875,643.718505859375,3.2667500972747803,-1244.4638671875,644.6134033203125,2.4006266593933105
1790,-1241.612548828125,646.7217407226562,6.917024031281471,-1235.0379638671875,640.1845092773438,9.271492004394531,-1236.8150634765625,642.4121704101562,6.4488959312438965,-1236.1610107421875,642.3219604492188,7.005521297454834
1791,-1238.7255859375,646.276123046875,6.872700003441423,-1235.0379638671875,640.1845092773438,7.1208367347717285,-1233.9805908203125,641.3525390625,6.837884426116943,-1233.9903564453125,641.3414306640625,6.8391218185424805
1792,-1235.5526123046875,645.7864379882812,6.889513984788209,-1235.0379638671875,640.1845092773438,5.625519275665283,-1233.92333984375,641.213134765625,4.854856491088867,-1233.9349365234375,641.0932006835938,4.964207172393799
1793,-1232.3804931640625,645.2968139648438,6.753035995643586,-1235.0379638671875,640.1845092773438,5.761754035949707,-1231.7076416015625,641.2993774414062,4.05366849899292,-1232.057861328125,641.1942749023438,4.115205764770508
1794,-1229.188720703125,644.7823486328125,6.803510012105107,-1230.3065185546875,640.1549072265625,4.760534286499023,-1227.6702880859375,640.2677001953125,4.763159275054932,-1227.785888671875,639.52978515625,5.4366679191589355
1795,-1225.7049560546875,644.2207641601562,6.7373469937592745,-1230.3065185546875,640.1549072265625,6.140486240386963,-1227.09619140625,637.917724609375,6.454753398895264,-1227.071533203125,637.8475341796875,6.518097400665283
1796,-1222.5050048828125,643.7049560546875,6.79179496364668,-1225.574951171875,640.125244140625,4.715814590454102,-1222.857421875,638.7977294921875,4.919864654541016,-1223.24462890625,638.753662109375,5.006231784820557
1797,-1219.0736083984375,643.1810302734375,6.738265044987202,-1220.8433837890625,640.0956420898438,3.5569262504577637,-1216.849609375,639.9249877929688,3.9430932998657227,-1217.050537109375,640.288330078125,3.5299479961395264
1798,-1215.640869140625,642.6568603515625,6.765591038856655,-1206.5885009765625,649.5230712890625,11.361786842346191,-1210.2943115234375,640.3212890625,5.834429740905762,-1210.258056640625,640.7251586914062,5.718928337097168
1799,-1212.5172119140625,642.1798706054688,6.854828039649874,-1206.5885009765625,649.5230712890625,9.437807083129883,-1210.27392578125,640.5133056640625,2.7945969104766846,-1210.26513671875,641.0045166015625,2.540334463119507
1800,-1209.2781982421875,641.7124633789062,7.3483880260027945,-1201.9776611328125,630.4608764648438,13.4125337600708,-1204.527587890625,637.3280029296875,6.464657306671143,-1204.15576171875,636.797119140625,7.099293231964111
1801,-1206.03759765625,641.244873046875,7.351809006650001,-1201.9776611328125,630.4608764648438,11.522918701171875,-1202.009521484375,636.766845703125,6.02313232421875,-1201.8555908203125,636.172607421875,6.573968410491943
1802,-1202.488525390625,640.7327270507812,7.29234900791198,-1201.9776611328125,630.4608764648438,10.284546852111816,-1202.3521728515625,637.1053466796875,3.6299421787261963,-1202.241943359375,636.6571044921875,4.083075046539307
1803,-1199.282958984375,640.2802734375,7.440740999300033,-1192.454345703125,639.9179077148438,6.838221073150635,-1197.803466796875,635.1400756835938,5.348881244659424,-1198.1083984375,635.797119140625,4.634465217590332
1804,-1196.072265625,639.8270263671875,6.891825993079692,-1192.454345703125,639.9179077148438,3.619061231613159,-1192.607177734375,634.2134399414062,6.596907615661621,-1192.6866455078125,634.8599853515625,6.0111494064331055
1805,-1192.5518798828125,639.330078125,7.050747983157635,-1192.454345703125,639.9179077148438,0.5958662033081055,-1187.5655517578125,632.4862670898438,8.467657089233398,-1187.43017578125,632.4478759765625,8.57884407043457
1806,-1189.2720947265625,638.8368530273438,7.344237994402647,-1192.454345703125,639.9179077148438,3.360862970352173,-1187.7357177734375,632.3971557617188,6.620434761047363,-1187.598876953125,632.4725341796875,6.580593585968018
1807,-1185.9927978515625,638.3436889648438,7.36094597959891,-1183.0516357421875,630.3423461914062,8.52478313446045,-1183.478515625,631.1251831054688,7.643849849700928,-1183.484130859375,630.5740966796875,8.164555549621582
1808,-1182.70703125,637.8495483398438,7.288913999218494,-1183.112060546875,620.8260498046875,17.028316497802734,-1179.7027587890625,629.9888916015625,8.415199279785156,-1179.96533203125,629.03173828125,9.234212875366211
1809,-1177.806884765625,637.1644897460938,7.020493037998676,-1178.320068359375,630.3126831054688,6.870997905731201,-1174.98681640625,630.37744140625,7.349613189697266,-1175.1907958984375,629.3963012695312,8.196869850158691
1810,-1172.9132080078125,636.4803466796875,7.274358009453863,-1173.6187744140625,625.52490234375,10.978140830993652,-1169.916748046875,629.769775390625,7.349186420440674,-1169.993896484375,628.62841796875,8.37706184387207
1811,-1169.7281494140625,636.0274658203125,7.358756964094937,-1159.42431640625,625.4359741210938,14.776625633239746,-1163.923095703125,626.2681274414062,11.355321884155273,-1163.6689453125,625.8771362304688,11.821300506591797
1812,-1166.543212890625,635.5746459960938,7.319197000470012,-1159.42431640625,625.4359741210938,12.388355255126953,-1163.6746826171875,625.8480834960938,10.14073371887207,-1163.4403076171875,625.5009765625,10.540722846984863
1813,-1163.0479736328125,635.0776977539062,7.126841985154897,-1159.42431640625,625.4359741210938,10.30018138885498,-1159.996826171875,626.0927734375,9.488855361938477,-1160.1260986328125,626.1237182617188,9.418657302856445
1814,-1159.808837890625,634.6143188476562,7.368549995590001,-1159.42431640625,625.4359741210938,9.186395645141602,-1156.48974609375,625.800048828125,9.418478012084961,-1157.00634765625,625.8732299804688,9.179356575012207
1815,-1156.5628662109375,634.1500244140625,7.665053009986877,-1159.42431640625,625.4359741210938,9.171835899353027,-1156.21728515625,623.6264038085938,10.529293060302734,-1156.612548828125,623.2581787109375,10.891959190368652
1816,-1153.0091552734375,633.6416625976562,7.704688992816955,-1154.753173828125,615.8900756835938,17.837051391601562,-1151.46923828125,623.6522827148438,10.107376098632812,-1151.8685302734375,622.5223999023438,11.1776123046875
1817,-1149.93212890625,633.1884155273438,7.521802966948599,-1150.0216064453125,615.8604125976562,17.32823371887207,-1147.1353759765625,624.1109619140625,9.498525619506836,-1147.110107421875,623.4163818359375,10.171354293823242
1818,-1146.555419921875,632.6910400390625,7.356344955042005,-1145.229736328125,625.3470458984375,7.462686538696289,-1144.7706298828125,628.9489135742188,4.145960330963135,-1144.912353515625,628.6395263671875,4.372004985809326
1819,-1143.1846923828125,632.1945190429688,7.146772986743599,-1145.229736328125,625.3470458984375,7.146334171295166,-1144.9228515625,629.8604736328125,2.9101486206054688,-1145.018310546875,629.7091064453125,3.088597059249878
1820,-1139.81201171875,631.7091674804688,7.144472969230264,-1140.468017578125,630.0755615234375,1.7604011297225952,-1136.978759765625,624.120361328125,8.10045051574707,-1137.3162841796875,624.6290283203125,7.507132053375244
1821,-1136.436767578125,631.2234497070312,7.102731964550912,-1126.3338623046875,620.4703369140625,14.754596710205078,-1130.8590087890625,622.7439575195312,10.149540901184082,-1130.7933349609375,622.6869506835938,10.23328685760498
1822,-1133.3603515625,630.78076171875,7.090604980476201,-1131.03515625,625.2581176757812,5.992172718048096,-1127.472900390625,622.7244873046875,9.97825813293457,-1127.682373046875,622.6202392578125,9.941507339477539
1823,-1130.0076904296875,630.3177490234375,7.018737029284239,-1131.03515625,625.2581176757812,5.162901878356934,-1127.4866943359375,622.7448120117188,7.981528282165527,-1127.6826171875,622.6514892578125,8.011086463928223
1824,-1126.6622314453125,629.855712890625,6.92199298646301,-1126.3338623046875,620.4703369140625,9.391119003295898,-1122.95263671875,622.5740966796875,8.172088623046875,-1123.3394775390625,622.5543212890625,8.0219087600708
1825,-1123.607421875,629.4337768554688,7.053465989883989,-1112.048583984375,634.65576171875,12.683684349060059,-1115.9127197265625,623.8433837890625,9.51109504699707,-1115.600341796875,624.1270141601562,9.60599136352539
1826,-1118.4461669921875,628.6883544921875,7.026856008451432,-1112.048583984375,634.65576171875,8.748658180236816,-1112.5050048828125,623.9392700195312,7.605998516082764,-1112.495849609375,624.38916015625,7.340936660766602
1827,-1113.7421875,628.0089111328125,7.136681990232319,-1112.048583984375,634.65576171875,6.859221458435059,-1109.34375,624.3237915039062,5.738149642944336,-1109.708251953125,624.9132690429688,5.084843635559082
1828,-1110.3431396484375,627.4998779296875,7.456371968146414,-1098.0052490234375,610.7760620117188,20.782434463500977,-1101.5264892578125,622.1967163085938,10.288675308227539,-1101.26123046875,622.041748046875,10.595860481262207
1829,-1106.947265625,626.9912719726562,7.5861410005018115,-1097.9749755859375,615.5342407226562,14.552166938781738,-1101.5074462890625,622.0537109375,7.346505641937256,-1101.18994140625,621.7569580078125,7.781055450439453
1830,-1103.8564453125,626.5283813476562,7.524329994339496,-1098.035400390625,606.0179443359375,21.320472717285156,-1096.9241943359375,617.33203125,11.516464233398438,-1096.862548828125,617.130615234375,11.714632034301758
1831,-1100.7366943359375,626.03759765625,7.209223986137658,-1098.035400390625,606.0179443359375,20.20107650756836,-1093.52197265625,617.9031982421875,10.872932434082031,-1093.5789794921875,618.0970458984375,10.690427780151367
1832,-1097.3131103515625,625.4990234375,7.011697045527399,-1098.035400390625,606.0179443359375,19.494464874267578,-1093.598388671875,617.8418579101562,8.510660171508789,-1093.672119140625,617.9833984375,8.351134300231934
1833,-1093.87890625,624.958740234375,6.912836048286408,-1088.4212646484375,629.7493286132812,7.261927127838135,-1088.4677734375,618.540771484375,8.394681930541992,-1088.4656982421875,619.2532958984375,7.8647894859313965
1834,-1090.451904296875,624.4530029296875,6.914056953974068,-1079.0791015625,610.6574096679688,17.879011154174805,-1082.99267578125,617.6806640625,10.074952125549316,-1082.7327880859375,617.5567626953125,10.350984573364258
1835,-1087.3284912109375,623.9920654296875,6.866163981612772,-1074.34765625,610.6277465820312,18.630809783935547,-1077.423583984375,617.0653686523438,12.086617469787598,-1077.10546875,616.6128540039062,12.608051300048828
1836,-1083.9217529296875,623.4893188476562,6.90292997751385,-1074.34765625,610.6277465820312,16.0338191986084,-1077.6492919921875,617.1044921875,8.950406074523926,-1077.365234375,616.6448974609375,9.478081703186035
1837,-1080.7320556640625,623.0291137695312,6.963161984458566,-1069.6463623046875,605.8399047851562,20.453887939453125,-1072.541015625,616.1693115234375,10.684101104736328,-1072.3936767578125,615.53955078125,11.20812702178955
1838,-1077.54345703125,622.5690307617188,7.157331041526049,-1064.8543701171875,615.3265380859375,14.61049747467041,-1068.3978271484375,616.636962890625,10.901007652282715,-1068.1722412109375,615.9889526367188,11.450637817382812
1839,-1074.0462646484375,622.064453125,7.230360002722591,-1064.8543701171875,615.3265380859375,11.396947860717773,-1064.743408203125,617.4615478515625,10.379300117492676,-1064.763671875,617.078857421875,10.536730766296387
1840,-1070.85205078125,621.6152954101562,7.388808997347951,-1064.8543701171875,615.3265380859375,8.690261840820312,-1064.8807373046875,617.493896484375,7.255516529083252,-1064.9298095703125,617.1065063476562,7.4432597160339355
1841,-1067.340087890625,621.1214599609375,7.0431450149044394,-1064.8543701171875,615.3265380859375,6.305545806884766,-1060.846435546875,612.983642578125,10.411128997802734,-1061.132568359375,613.0135498046875,10.211341857910156
1842,-1064.150390625,620.6729736328125,7.147001044359058,-1060.0623779296875,624.8131713867188,5.818340301513672,-1055.94970703125,613.60546875,10.825933456420898,-1056.0418701171875,613.86865234375,10.585220336914062
1843,-1059.2139892578125,619.9940795898438,7.595633971504867,-1045.8677978515625,624.72412109375,14.159594535827637,-1050.689453125,613.4031372070312,10.77535343170166,-1050.72216796875,613.6318359375,10.610804557800293
1844,-1054.27490234375,619.3148803710938,7.657143985852599,-1045.8677978515625,624.72412109375,9.996964454650879,-1045.822021484375,613.6337890625,10.184596061706543,-1045.8048095703125,614.1643676757812,9.913135528564453
1845,-1050.958740234375,618.8138427734375,7.726657029706985,-1045.8677978515625,624.72412109375,7.800582408905029,-1041.5753173828125,614.0430908203125,10.526571273803711,-1041.6571044921875,614.6998291015625,10.170817375183105
1846,-1047.6444091796875,618.3131103515625,7.437068969011307,-1045.8677978515625,624.72412109375,6.652624130249023,-1041.464599609375,614.03466796875,7.516323566436768,-1041.51953125,614.6317138671875,7.14610481262207
1847,-1044.327880859375,617.81201171875,7.511980016715825,-1041.1363525390625,624.6944580078125,7.586430072784424,-1037.03271484375,613.5972900390625,8.42516040802002,-1037.097412109375,614.0477294921875,8.151656150817871
1848,-1040.805419921875,617.3380126953125,7.457608997356147,-1026.9417724609375,624.6054077148438,15.652978897094727,-1031.897216796875,615.0479125976562,9.197860717773438,-1031.770751953125,615.959716796875,9.13919734954834
1849,-1037.603759765625,616.9071655273438,7.57211196469143,-1026.9417724609375,624.6054077148438,13.150699615478516,-1028.284912109375,615.54150390625,9.418383598327637,-1028.298828125,616.6689453125,9.30798053741455
1850,-1034.4013671875,616.4761962890625,7.428522978443652,-1026.9417724609375,624.6054077148438,11.03311538696289,-1028.5179443359375,615.5433959960938,5.956910610198975,-1028.598388671875,616.5657958984375,5.803670406341553
1851,-1031.2393798828125,615.9987182617188,7.350364001467824,-1026.9417724609375,624.6054077148438,9.620006561279297,-1024.103515625,616.5394897460938,7.156325340270996,-1024.609130859375,617.8983154296875,6.8970046043396
1852,-1028.0694580078125,615.5199584960938,7.447879004757851,-1012.8076782226562,615.0000610351562,15.27063274383545,-1015.99365234375,614.1085815429688,12.158004760742188,-1015.6146850585938,614.7904052734375,12.47612190246582
1853,-1024.597412109375,614.9956665039062,7.588429958559573,-1012.8076782226562,615.0000610351562,11.78973388671875,-1015.903564453125,614.0591430664062,8.744144439697266,-1015.4789428710938,614.685546875,9.123741149902344
1854,-1021.5248413085938,614.5321044921875,7.379538030363619,-1008.076171875,614.9703979492188,13.455809593200684,-1011.0496826171875,609.6439208984375,11.559554100036621,-1010.8089599609375,610.4616088867188,11.462942123413086
1855,-1018.1553344726562,614.0238037109375,7.328762032557279,-1008.076171875,614.9703979492188,10.123515129089355,-1008.2523193359375,609.4884033203125,10.892179489135742,-1008.286865234375,610.21728515625,10.577157974243164
1856,-1014.783203125,613.51513671875,7.298961048945785,-1008.076171875,614.9703979492188,6.863093852996826,-1004.3766479492188,609.0897827148438,11.30841064453125,-1004.553955078125,609.52734375,10.979071617126465
1857,-1011.5759887695312,613.0485229492188,7.4923879583366215,-1008.076171875,614.9703979492188,3.992783784866333,-1004.470703125,609.4282836914062,7.974410057067871,-1004.6503295898438,609.991455078125,7.570364475250244
1858,-1008.0520629882812,612.5358276367188,7.527092995587736,-994.002685546875,595.8486938476562,21.81388282775879,-998.280029296875,607.8969116210938,10.817217826843262,-998.1856079101562,607.972412109375,10.870680809020996
1859,-1004.8363037109375,612.0679321289062,7.580675010103732,-989.2106323242188,605.3352661132812,17.01441764831543,-992.0530395507812,608.1094970703125,13.38211727142334,-991.6035766601562,607.7076416015625,13.932595252990723
1860,-1001.4046020507812,611.578369140625,7.3399379616603255,-989.2106323242188,605.3352661132812,13.69924259185791,-992.184814453125,608.1128540039062,9.84958267211914,-991.7676391601562,607.7095947265625,10.384530067443848
1861,-997.9705200195312,611.0884399414062,7.001625024713576,-989.2106323242188,605.3352661132812,10.480202674865723,-987.1246337890625,608.2476806640625,11.211742401123047,-986.9866333007812,608.3431396484375,11.321767807006836
1862,-994.8484497070312,610.64306640625,6.956527999136597,-989.2106323242188,605.3352661132812,7.743237495422363,-985.2235717773438,607.97265625,9.9884614944458,-985.4906616210938,608.0992431640625,9.697382926940918
1863,-991.6530151367188,610.1942138671875,6.918624043464661,-984.4488525390625,610.063720703125,7.205344200134277,-981.1329956054688,608.1474609375,10.717276573181152,-981.7003173828125,608.762939453125,10.055085182189941
1864,-988.457275390625,609.7453002929688,6.89079100266099,-984.4488525390625,610.063720703125,4.021049976348877,-981.6360473632812,608.1659545898438,7.0016770362854,-982.2465209960938,608.7135620117188,6.295867919921875
1865,-984.9423828125,609.2515869140625,7.209197035990655,-974.92529296875,619.5206298828125,14.345568656921387,-976.2003173828125,608.2423095703125,8.800132751464844,-976.3457641601562,609.4384765625,8.598649978637695
1866,-981.6387329101562,608.7694702148438,7.339149015024304,-974.92529296875,619.5206298828125,12.675082206726074,-972.3963623046875,610.030517578125,9.328003883361816,-972.7861328125,612.6442260742188,9.663450241088867
1867,-978.3348999023438,608.2872924804688,7.337429036851972,-974.92529296875,619.5206298828125,11.73939037322998,-972.5303955078125,609.9314575195312,6.032872200012207,-972.9256591796875,612.441650390625,6.820452690124512
1868,-975.0260620117188,607.804443359375,7.375383982434869,-970.1937866210938,619.490966796875,12.646174430847168,-967.6554565429688,610.6128540039062,7.887521266937256,-967.722412109375,613.6644897460938,9.363944053649902
1869,-971.8385009765625,607.3480834960938,7.353425025939941,-965.4622802734375,619.4612426757812,13.688857078552246,-962.6546630859375,611.4879760742188,10.073806762695312,-963.14990234375,614.6156005859375,11.327336311340332
1870,-968.3466186523438,606.8482055664062,7.251478033140302,-951.2677001953125,619.3721313476562,21.178720474243164,-955.056396484375,609.5670776367188,13.565481185913086,-954.972900390625,612.3789672851562,14.472237586975098
1871,-965.1505737304688,606.3906860351562,7.071888016071171,-951.4191284179688,595.5813598632812,17.475528717041016,-954.919921875,602.4586181640625,10.960264205932617,-954.7103271484375,601.4164428710938,11.564681053161621
1872,-960.0160522460938,605.6102294921875,7.231883006170392,-946.5664672851562,614.584228515625,16.168611526489258,-950.1883544921875,602.4475708007812,10.324051856994629,-950.1068725585938,601.0718994140625,10.899003982543945
1873,-955.33642578125,604.8989868164062,7.2469000006094575,-941.9560546875,595.52197265625,16.3389949798584,-943.914306640625,599.5789184570312,12.60031509399414,-943.2268676757812,597.81396484375,14.029930114746094
1874,-952.4466552734375,604.4921875,7.1996990009211,-941.9560546875,595.52197265625,13.80280590057373,-939.398681640625,600.97119140625,13.514697074890137,-939.3819580078125,599.756103515625,13.896647453308105
1875,-949.5657348632812,604.086669921875,7.3684469680301845,-941.9560546875,595.52197265625,11.456931114196777,-939.5364379882812,601.5296630859375,10.35012435913086,-939.5328369140625,600.5364990234375,10.642498016357422
1876,-946.4004516601562,603.6410522460938,7.357107999268919,-941.9560546875,595.52197265625,9.2559232711792,-938.6008911132812,601.885498046875,7.994692802429199,-938.7327270507812,601.2857055664062,8.02132511138916
1877,-944.13525390625,603.3463745117188,7.109787024091929,-937.2548217773438,590.7340698242188,14.366996765136719,-936.3509521484375,602.5122680664062,7.828862190246582,-936.552734375,602.7236938476562,7.608043670654297
1878,-941.8670043945312,603.0512084960938,6.8750039790757,-937.2548217773438,590.7340698242188,13.152342796325684,-936.4765625,602.5462036132812,5.414045810699463,-936.6566162109375,602.770751953125,5.217930793762207
1879,-939.384521484375,602.728271484375,6.937352009117603,-932.4022216796875,609.7369384765625,9.893125534057617,-928.1643676757812,603.3787231445312,11.238991737365723,-928.307861328125,603.8336791992188,11.131681442260742
1880,-937.8533935546875,602.5272827148438,7.1092069847509265,-932.4022216796875,609.7369384765625,9.038496017456055,-928.1163940429688,603.3036499023438,9.767901420593262,-928.2305908203125,603.7337646484375,9.698141098022461
1881,-936.1751708984375,602.3069458007812,7.366036996245384,-932.4022216796875,609.7369384765625,8.333063125610352,-928.0421752929688,603.1498413085938,8.176557540893555,-928.1197509765625,603.4764404296875,8.139871597290039
1882,-934.6356811523438,602.1048583984375,7.3656109743751585,-918.2077026367188,609.6478271484375,18.076913833618164,-921.060302734375,601.5618896484375,13.58623218536377,-920.794189453125,601.1889038085938,13.87176513671875
1883,-933.7686157226562,601.9785766601562,7.431233010720462,-918.2077026367188,609.6478271484375,17.348182678222656,-920.954345703125,601.601806640625,12.819808006286621,-920.687744140625,601.2446899414062,13.101442337036133
1884,-932.977783203125,601.8634033203125,7.155932951718569,-918.2077026367188,609.6478271484375,16.69588279724121,-921.1090087890625,601.78857421875,11.869010925292969,-920.839111328125,601.5177612304688,12.143590927124023
1885,-932.1132202148438,601.7374877929688,7.38729297881946,-918.2077026367188,609.6478271484375,15.998027801513672,-921.06591796875,601.7098388671875,11.04733657836914,-920.799072265625,601.40234375,11.319110870361328
1886,-931.9306030273438,601.6796264648438,7.107809011358768,-918.2077026367188,609.6478271484375,15.868529319763184,-921.1181030273438,601.799072265625,10.813159942626953,-920.8475341796875,601.5313110351562,11.084060668945312
1887,-931.7485961914062,601.6218872070312,7.192003016825765,-918.2077026367188,609.6478271484375,15.74075984954834,-920.9925537109375,601.7653198242188,10.756999015808105,-920.7061157226562,601.4760131835938,11.04344367980957
1888,-931.551513671875,601.5593872070312,7.622699020430446,-918.2077026367188,609.6478271484375,15.603851318359375,-921.5794067382812,601.9371337890625,9.97925853729248,-921.3497924804688,601.6799926757812,10.202434539794922
1889,-931.604736328125,601.541259765625,7.668665959499776,-918.2077026367188,609.6478271484375,15.65876579284668,-921.9266357421875,601.9623413085938,9.687256813049316,-921.761962890625,601.7119140625,9.844252586364746
1890,-931.6572265625,601.5233764648438,7.757840969134122,-918.2077026367188,609.6478271484375,15.712937355041504,-922.084716796875,602.1107788085938,9.59051513671875,-921.9414672851562,601.8909301757812,9.722709655761719
1891,-931.7149658203125,601.5037231445312,7.456012011971325,-918.2077026367188,609.6478271484375,15.772525787353516,-921.8552856445312,601.9391479492188,9.869290351867676,-921.6814575195312,601.6766357421875,10.034997940063477
1892,-931.7185668945312,601.5115966796875,8.168738044332713,-918.2077026367188,609.6478271484375,15.771547317504883,-921.1917114257812,601.6906127929688,10.528377532958984,-920.9599609375,601.35791015625,10.759703636169434
1893,-931.7218627929688,601.518798828125,7.2205920005217195,-918.2077026367188,609.6478271484375,15.77065658569336,-921.5765380859375,601.7669677734375,10.148359298706055,-921.3780517578125,601.453125,10.344019889831543
1894,-931.7251586914062,601.5260009765625,7.380424009170383,-918.2077026367188,609.6478271484375,15.769770622253418,-921.4811401367188,601.8243408203125,10.248361587524414,-921.27685546875,601.5264892578125,10.44830322265625
1895,-931.6865844726562,601.5068969726562,7.542432984337211,-918.2077026367188,609.6478271484375,15.746586799621582,-921.5548706054688,601.8345947265625,10.137011528015137,-921.3466796875,601.5518798828125,10.340002059936523
1896,-931.6513671875,601.4894409179688,7.626083039212972,-918.2077026367188,609.6478271484375,15.72550106048584,-921.477294921875,601.8297119140625,10.179760932922363,-921.26220703125,601.5382080078125,10.389274597167969
1897,-931.61279296875,601.4703369140625,7.5833050068467855,-918.2077026367188,609.6478271484375,15.702476501464844,-921.4744262695312,601.8452758789062,10.145297050476074,-921.2510986328125,601.5673217773438,10.36214828491211
1898,-931.3216552734375,601.2086791992188,7.732764002867043,-918.2077026367188,609.6478271484375,15.594710350036621,-921.8170166015625,601.9151000976562,9.530854225158691,-921.6387329101562,601.6610107421875,9.693482398986816
1899,-931.0307006835938,600.9471435546875,7.559246034361422,-918.2077026367188,609.6478271484375,15.496166229248047,-921.615478515625,601.8916015625,9.46247386932373,-921.4237060546875,601.614013671875,9.630111694335938
1900,-930.4243774414062,600.5040283203125,7.5425709947012365,-918.2077026367188,609.6478271484375,15.259626388549805,-921.06640625,601.3553466796875,9.396615028381348,-920.8318481445312,600.9158935546875,9.601366996765137
1901,-929.8704833984375,600.0991821289062,7.378517009783536,-918.3287963867188,590.615234375,14.938400268554688,-921.0316162109375,601.123291015625,8.897997856140137,-920.7954711914062,600.5748291015625,9.087469100952148
1902,-929.263916015625,599.6558227539062,7.162614027038217,-918.3287963867188,590.615234375,14.188343048095703,-921.0394897460938,601.126953125,8.354963302612305,-920.8104248046875,600.5667724609375,8.502431869506836
1903,-928.1654663085938,598.9690551757812,7.119173998944461,-918.3287963867188,590.615234375,12.905285835266113,-921.0982666015625,601.148681640625,7.395679950714111,-920.86962890625,600.5958251953125,7.474999904632568
1904,-926.9625244140625,598.2169189453125,7.04272702569142,-918.3287963867188,590.615234375,11.503341674804688,-920.8614501953125,601.052001953125,6.727614879608154,-920.625,600.4412841796875,6.716547966003418
1905,-925.8631591796875,597.5296020507812,7.144288043491542,-918.3287963867188,590.615234375,10.226197242736816,-917.6961669921875,601.7689208984375,9.201716423034668,-917.6756591796875,601.44091796875,9.073783874511719
1906,-924.2528076171875,596.4736328125,7.185255992226303,-918.3287963867188,590.615234375,8.331550598144531,-918.17724609375,596.8885498046875,6.089713096618652,-918.1053466796875,596.513671875,6.1475911140441895
1907,-922.49072265625,595.318115234375,7.30388896772638,-918.3287963867188,590.615234375,6.280025482177734,-918.1795654296875,596.8961181640625,4.590878963470459,-918.1103515625,596.5016479492188,4.537444114685059
1908,-920.7365112304688,594.1677856445312,7.504108012653887,-918.3287963867188,590.615234375,4.291585922241211,-915.1432495117188,596.9546508789062,6.249095439910889,-915.3388061523438,596.774658203125,5.9942474365234375
1909,-918.4950561523438,592.7299194335938,7.512359996326268,-918.3287963867188,590.615234375,2.121210813522339,-915.667236328125,595.87890625,4.232337474822998,-916.1199340820312,594.930908203125,3.238140821456909
1910,-916.0435791015625,591.1573486328125,7.498051039874554,-918.389404296875,581.0989379882812,10.328335762023926,-911.1814575195312,589.204833984375,5.2395172119140625,-911.5953979492188,588.5538330078125,5.154086589813232
1911,-913.8124389648438,589.7261352539062,7.170967001002282,-918.389404296875,581.0989379882812,9.766122817993164,-911.378662109375,589.0910034179688,2.5152857303619385,-911.8675537109375,588.3784790039062,2.366168975830078
1912,-911.0809936523438,587.9526977539062,7.089468999765813,-923.1209106445312,581.128662109375,13.839329719543457,-913.572998046875,587.1593627929688,2.615237236022949,-914.0626831054688,586.3956909179688,3.363739490509033
1913,-908.3471069335938,586.1776733398438,7.168571988586336,-899.46337890625,580.9800415039062,10.292521476745605,-904.5573120117188,585.16796875,3.9219956398010254,-903.578125,584.6318359375,5.013262748718262
1914,-905.85693359375,584.5609130859375,7.20775400986895,-894.6712646484375,590.4666137695312,12.648971557617188,-896.2528076171875,589.4263916015625,10.76624870300293,-895.5638427734375,589.6114501953125,11.465410232543945
1915,-903.2526245117188,582.8994140625,7.195439015049487,-894.6712646484375,590.4666137695312,11.441251754760742,-896.0595092773438,589.4496459960938,9.72864055633545,-895.44580078125,589.6861572265625,10.344388961791992
1916,-900.39013671875,581.0732421875,7.095676031894982,-889.9397583007812,590.4368896484375,14.031689643859863,-891.084716796875,587.1260986328125,11.100807189941406,-890.7030029296875,587.683349609375,11.727493286132812
1917,-897.5337524414062,579.2509765625,7.080424984451383,-889.9397583007812,590.4368896484375,13.520111083984375,-891.0071411132812,587.4168701171875,10.453634262084961,-890.617919921875,587.9317626953125,11.098864555358887
1918,-893.4937133789062,576.67236328125,7.300528988707811,-885.208251953125,590.4071655273438,16.040376663208008,-887.2076416015625,586.8807983398438,11.98861312866211,-886.908447265625,587.530517578125,12.69902515411377
1919,-889.0574340820312,573.8408203125,7.556178024969995,-880.4767456054688,590.3773803710938,18.630245208740234,-880.7964477539062,589.3495483398438,17.571697235107422,-880.6087036132812,589.6873779296875,17.9581298828125
1920,-886.1267700195312,572.0022583007812,7.401101989671588,-880.5070190429688,585.6192626953125,14.731069564819336,-881.4109497070312,583.884521484375,12.783862113952637,-880.965576171875,584.68798828125,13.695462226867676
1921,-883.2027587890625,570.1679077148438,7.412320002913475,-875.7755126953125,585.5895385742188,17.11697006225586,-875.9933471679688,583.3973999023438,15.06635570526123,-875.877197265625,583.634033203125,15.32972240447998
1922,-880.5402221679688,568.4974975585938,7.089839957188815,-871.0743408203125,580.8016357421875,15.524004936218262,-872.9777221679688,581.150146484375,14.74045181274414,-872.923828125,581.2540283203125,14.857272148132324
1923,-877.682861328125,566.6904907226562,6.986741034779698,-871.0743408203125,580.8016357421875,15.58194351196289,-871.3937377929688,580.0167236328125,14.735723495483398,-871.1911010742188,580.3905639648438,15.160308837890625
1924,-875.0636596679688,565.0341186523438,7.104357006028295,-866.3428344726562,580.7719116210938,17.992525100708008,-866.9555053710938,579.6365966796875,16.702529907226562,-866.6900634765625,580.105712890625,17.24152183532715
1925,-872.1965942382812,563.220947265625,7.525740948040038,-866.3731079101562,576.0137329101562,14.055901527404785,-871.808349609375,564.626953125,1.4586248397827148,-868.2610473632812,571.4777221679688,9.146739959716797
1926,-869.541015625,561.5206909179688,17.941166006494313,-861.6416015625,575.9840087890625,16.479936599731445,-866.69140625,562.46435546875,3.001795530319214,-865.1655883789062,564.890869140625,5.5229034423828125
1927,-866.6267700195312,559.6549072265625,8.157703967299312,-861.7931518554688,552.1932373046875,8.89046573638916,-866.5479736328125,562.1644287109375,2.5107581615448,-865.253662109375,563.663818359375,4.237545967102051
1928,-863.9551391601562,557.9443969726562,7.928996987175196,-856.9404296875,571.1961059570312,14.993796348571777,-863.8795776367188,554.2301635742188,3.7150018215179443,-864.8670654296875,549.843017578125,8.152543067932129
1929,-860.9951782226562,556.0494995117188,7.701822032686323,-856.9404296875,571.1961059570312,15.67994499206543,-863.0936889648438,555.6559448242188,2.1350955963134766,-864.2074584960938,550.85693359375,6.105856895446777
1930,-858.29638671875,554.32177734375,7.367882004473358,-861.853759765625,542.6769409179688,12.176088333129883,-859.1318969726562,547.4142456054688,6.957878589630127,-858.66357421875,546.1941528320312,8.13591480255127
1931,-855.5911254882812,552.5899658203125,7.312075002118945,-857.1222534179688,542.647216796875,10.059950828552246,-858.0870361328125,548.499267578125,4.7920122146606445,-857.4879760742188,547.1214599609375,5.788142681121826
1932,-852.6944580078125,550.7177124023438,7.167786010541022,-861.853759765625,542.6769409179688,12.18797779083252,-856.0188598632812,547.3267822265625,4.748690128326416,-855.696044921875,546.4632568359375,5.206718444824219
1933,-849.8198852539062,548.8597412109375,6.947882007807493,-842.9580688476562,537.7998657226562,13.015582084655762,-850.9405517578125,541.2476806640625,7.6941118240356445,-850.9385375976562,540.3869018554688,8.546366691589355
1934,-847.186279296875,547.1575317382812,6.915887002833188,-842.9580688476562,537.7998657226562,10.268576622009277,-850.7237548828125,541.7457275390625,6.465396881103516,-850.6897583007812,540.7933959960938,7.264749526977539
1935,-842.95654296875,544.460205078125,6.897436978761107,-838.2265625,537.7700805664062,8.193319320678711,-843.974365234375,538.7994384765625,5.751542091369629,-843.1749267578125,537.63232421875,6.831372261047363
1936,-838.7200927734375,541.758544921875,6.879522989038378,-833.4951171875,537.7403564453125,6.591373443603516,-839.54443359375,539.5796508789062,2.3296172618865967,-838.7984619140625,538.424560546875,3.3349053859710693
1937,-835.8197631835938,539.9136962890625,6.893449986819178,-852.481689453125,528.343017578125,20.285470962524414,-840.8441772460938,533.1572265625,8.419894218444824,-839.3883056640625,533.3665161132812,7.456545352935791
1938,-833.1817626953125,538.2357788085938,7.149022014345974,-833.4951171875,537.7403564453125,0.5862033367156982,-835.9996337890625,533.2012329101562,5.769493103027344,-835.6864013671875,533.1134643554688,5.701869964599609
1939,-830.2846069335938,536.3929443359375,7.513355987612158,-824.0321044921875,537.6808471679688,6.383767127990723,-831.8080444335938,530.7333374023438,5.861059188842773,-831.8575439453125,530.4483642578125,6.1491594314575195
1940,-827.6398315429688,534.6903686523438,7.648150029126555,-838.3175048828125,523.4956665039062,15.470425605773926,-832.251220703125,530.1279907226562,6.48692512512207,-832.4461669921875,529.6118774414062,6.992276668548584
1941,-824.7363891601562,532.8212890625,7.5113780330866575,-838.3175048828125,523.4956665039062,16.474645614624023,-828.6992797851562,530.2628173828125,4.717020034790039,-828.7269897460938,529.8453369140625,4.978070259094238
1942,-821.8286743164062,530.949462890625,7.372495951130986,-838.3478393554688,518.7374877929688,20.543006896972656,-829.501708984375,524.8321533203125,9.81309986114502,-830.3328857421875,523.1728515625,11.523771286010742
1943,-818.8846435546875,529.029541015625,7.268422981724143,-833.6163330078125,518.707763671875,17.987823486328125,-824.1519165039062,524.762451171875,6.778806686401367,-825.8720092773438,522.7110595703125,9.420536041259766
1944,-816.2036743164062,527.2811279296875,6.924959016032517,-809.837646484375,537.5916137695312,12.117443084716797,-816.1124267578125,523.4082641601562,3.87393856048584,-815.2515869140625,522.7742309570312,4.6063642501831055
1945,-813.5157470703125,525.5281982421875,6.92218798212707,-809.837646484375,537.5916137695312,12.611678123474121,-815.6565551757812,523.739013671875,2.790025234222412,-814.5694580078125,523.3173828125,2.4490838050842285
1946,-810.6072998046875,523.6696166992188,6.9327279925346375,-809.9589233398438,518.5589599609375,5.151621341705322,-810.5439453125,518.6167602539062,5.053253650665283,-809.952880859375,518.5592041015625,5.152143478393555
1947,-807.9541015625,521.97412109375,6.881250999867916,-809.9589233398438,518.5589599609375,3.9601309299468994,-810.67919921875,518.3834838867188,4.507641792297363,-810.1123046875,518.3299560546875,4.235301494598389
1948,-805.049560546875,520.1180419921875,6.909960997290909,-809.9589233398438,518.5589599609375,5.1509785652160645,-807.1429443359375,517.463134765625,3.3809447288513184,-807.4591674804688,517.2679443359375,3.7321927547454834
1949,-802.3204956054688,518.3863525390625,6.8786820047535,-809.9589233398438,518.5589599609375,7.640377521514893,-807.2029418945312,513.2890014648438,7.058418273925781,-807.1793823242188,513.5203857421875,6.876512050628662
1950,-799.590576171875,516.6541137695312,6.8784349714405835,-805.2274169921875,518.5292358398438,5.9405436515808105,-803.428466796875,512.255126953125,5.8378496170043945,-803.5050048828125,512.0049438476562,6.077625274658203
1951,-796.5936279296875,514.75244140625,6.870760000310838,-795.8251342773438,508.9533996582031,5.849740982055664,-797.9923095703125,508.6021728515625,6.307306289672852,-798.0642700195312,508.3959045410156,6.524442195892334
1952,-793.8734130859375,513.0308837890625,6.8729130434803665,-795.8251342773438,508.9533996582031,4.520519256591797,-798.1212158203125,508.49066162109375,6.217511177062988,-798.1812133789062,508.27740478515625,6.415037631988525
1953,-791.1544799804688,511.31011962890625,6.904384004883468,-795.8251342773438,508.9533996582031,5.231552600860596,-794.5650024414062,507.5743713378906,5.058406829833984,-795.1923828125,506.83477783203125,6.027714729309082
1954,-788.1683349609375,509.4202575683594,6.905964983161539,-795.8251342773438,508.9533996582031,7.671019077301025,-795.734130859375,501.66436767578125,10.834901809692383,-796.0297241210938,501.21575927734375,11.36288833618164
1955,-783.7976684570312,506.5862121582031,7.367673970293254,-800.6475830078125,494.7087097167969,20.615398406982422,-788.957763671875,503.614990234375,5.954388618469238,-789.6878051757812,501.9056701660156,7.523375511169434
1956,-779.8247680664062,504.0101318359375,7.19221803592518,-776.8688354492188,513.592529296875,10.027955055236816,-780.13427734375,500.8940124511719,3.131452798843384,-779.28125,500.5130920410156,3.539025068283081
1957,-776.934814453125,502.1292419433594,7.328598003368825,-772.2890014648438,489.77197265625,13.201729774475098,-775.370361328125,500.1209716796875,2.5457146167755127,-775.1627197265625,499.6931457519531,3.0124549865722656
1958,-774.3021240234375,500.4157409667969,7.40429200232029,-772.3193359375,485.0138244628906,15.529020309448242,-774.8308715820312,493.4090270996094,7.026636123657227,-774.6922607421875,491.53131103515625,8.89299201965332
1959,-771.40966796875,498.533203125,7.543580955825746,-767.4362182617188,508.7748107910156,10.985391616821289,-770.45068359375,495.2441711425781,3.4259865283966064,-770.6549072265625,493.5644226074219,5.025777816772461
1960,-768.5348510742188,496.6851501464844,6.982513004913926,-762.88671875,480.1961364746094,17.429542541503906,-767.046875,483.9933776855469,12.778698921203613,-766.7320556640625,482.411865234375,14.386686325073242
1961,-765.9164428710938,495.0019226074219,6.962710001971573,-762.88671875,480.1961364746094,15.112595558166504,-767.2189331054688,484.35540771484375,10.725892066955566,-766.9766845703125,482.70953369140625,12.338027954101562
1962,-763.045654296875,493.1564636230469,6.989432964473963,-758.1856079101562,475.408203125,18.401653289794922,-763.8279418945312,478.30804443359375,14.869011878967285,-763.5247802734375,477.6363525390625,15.527505874633789
1963,-760.391357421875,491.4832458496094,6.966156011912972,-758.1856079101562,475.408203125,16.225669860839844,-763.682373046875,478.34564208984375,13.543538093566895,-763.3801879882812,477.5773010253906,14.223516464233398
1964,-757.4818115234375,489.6491394042969,7.043941004667431,-753.4541625976562,475.3784484863281,14.828167915344238,-760.2498779296875,477.98699951171875,11.986145973205566,-759.5213012695312,477.55120849609375,12.268636703491211
1965,-754.5693359375,487.8131408691406,6.886855000630021,-753.4541625976562,475.3784484863281,12.484598159790039,-755.174560546875,474.7677001953125,13.05947208404541,-754.726318359375,474.6026306152344,13.211442947387695
1966,-751.740478515625,486.00823974609375,6.959541991818696,-753.4541625976562,475.3784484863281,10.767041206359863,-754.8800659179688,474.804443359375,11.635379791259766,-754.4391479492188,474.64093017578125,11.683259010314941
1967,-748.91015625,484.202392578125,7.148294011130929,-753.4541625976562,475.3784484863281,9.925219535827637,-750.9857788085938,472.54827880859375,11.837507247924805,-750.948486328125,472.784423828125,11.598482131958008
1968,-746.072509765625,482.3918762207031,7.507567992433906,-753.4541625976562,475.3784484863281,10.182188987731934,-751.0570068359375,472.43389892578125,11.135821342468262,-750.9827880859375,472.6513977050781,10.908150672912598
1969,-743.1885375976562,480.51641845703125,8.224407967645675,-753.4844970703125,470.6202697753906,14.280776023864746,-746.6346435546875,471.6513671875,9.511297225952148,-746.8221435546875,471.41131591796875,9.803365707397461
1970,-740.2958374023438,478.63525390625,7.841765007469803,-734.5889282226562,465.7430114746094,14.098891258239746,-741.4280395507812,466.6045227050781,12.08388900756836,-740.68505859375,466.2796630859375,12.361720085144043
1971,-737.6676635742188,476.92608642578125,7.633013010490686,-734.5889282226562,465.7430114746094,11.599128723144531,-741.38427734375,467.04071044921875,10.560959815979004,-740.6571044921875,466.6404724121094,10.711237907409668
1972,-735.043212890625,475.2326354980469,7.229626004118472,-739.3507690429688,461.0146484375,14.856184005737305,-736.5712890625,462.98126220703125,12.346302032470703,-736.25341796875,462.8143615722656,12.477104187011719
1973,-732.1524658203125,473.36737060546875,6.971570022869855,-729.8574829101562,465.7132263183594,7.990799427032471,-734.7699584960938,461.8623352050781,11.799030303955078,-734.5426025390625,461.8592529296875,11.753702163696289
1974,-729.283203125,471.5159606933594,7.020642049610615,-729.8574829101562,465.7132263183594,5.831082344055176,-734.7122802734375,461.8271484375,11.106212615966797,-734.47607421875,461.84326171875,10.978479385375977
1975,-725.27783203125,468.9483642578125,7.219333958346397,-734.6799926757812,451.46856689453125,19.848020553588867,-732.8662109375,456.29473876953125,14.754583358764648,-732.9195556640625,455.8385925292969,15.17438793182373
1976,-720.8783569335938,466.12811279296875,7.358609000220895,-734.7103271484375,446.7104187011719,23.840517044067383,-731.47998046875,448.64984130859375,20.44222068786621,-732.4349365234375,447.97906494140625,21.516098022460938
1977,-717.9815063476562,464.28326416015625,7.517174992244691,-729.9788208007812,446.6806335449219,21.302303314208984,-720.6627197265625,450.5237121582031,14.018351554870605,-720.0728759765625,450.0755615234375,14.360801696777344
1978,-715.0971069335938,462.44635009765625,7.339996984228492,-729.9788208007812,446.6806335449219,21.68001937866211,-720.7485961914062,450.4163818359375,13.291330337524414,-720.2106323242188,449.9654846191406,13.487777709960938
1979,-712.4530639648438,460.76251220703125,7.0896699908189476,-711.052978515625,446.5614929199219,14.269869804382324,-711.6141357421875,449.6848449707031,11.10938835144043,-711.437255859375,448.91845703125,11.88753604888916
1980,-709.6395263671875,458.95281982421875,7.0422159624286,-701.5293579101562,456.0182189941406,8.624773979187012,-706.925537109375,450.33026123046875,9.039593696594238,-706.6708984375,450.1539306640625,9.28618335723877
1981,-706.82275390625,457.14105224609375,7.071108964737505,-701.5293579101562,456.0182189941406,5.411172866821289,-707.156005859375,446.8128967285156,10.33353042602539,-706.9996337890625,446.762939453125,10.379619598388672
1982,-704.00732421875,455.3301086425781,7.430895988363773,-696.7979125976562,455.9884338378906,7.239406585693359,-701.2249755859375,447.3001708984375,8.49831485748291,-700.5562744140625,447.7359313964844,8.34153938293457
1983,-701.3118896484375,453.6060485839844,7.454956998117268,-696.7979125976562,455.9884338378906,5.104091167449951,-701.3301391601562,447.32818603515625,6.277889251708984,-700.5552978515625,447.9076232910156,5.748432636260986
1984,-698.611572265625,451.87884521484375,7.341838034335524,-692.06640625,455.9586181640625,7.712570667266846,-696.264404296875,442.11492919921875,10.042074203491211,-695.9214477539062,441.5075988769531,10.71445369720459
1985,-695.6535034179688,449.9867858886719,6.9702090113423765,-692.2182006835938,432.1678771972656,18.14703369140625,-693.515380859375,440.8089599609375,9.423590660095215,-693.272705078125,440.49761962890625,9.78327465057373
1986,-692.9450073242188,448.23187255859375,7.074822962749749,-692.2182006835938,432.1678771972656,16.080429077148438,-693.1802978515625,436.63568115234375,11.598577499389648,-692.9847412109375,436.2264404296875,12.005497932434082
1987,-689.9825439453125,446.3124694824219,7.00065802084282,-692.2182006835938,432.1678771972656,14.320182800292969,-689.0142822265625,435.91656494140625,10.440897941589355,-689.4933471679688,435.1044921875,11.218647956848145
1988,-687.2691040039062,444.55438232421875,6.906410970259458,-692.2182006835938,432.1678771972656,13.338630676269531,-684.1339721679688,436.5679931640625,8.579712867736816,-683.677978515625,436.24456787109375,9.052579879760742
1989,-684.2781982421875,442.644775390625,6.914739031344652,-692.2485961914062,427.40972900390625,17.194007873535156,-684.2528686523438,431.99969482421875,10.645111083984375,-683.5185546875,432.041748046875,10.630204200744629
1990,-681.5444946289062,440.8992919921875,6.8338969722390175,-673.2012939453125,446.3231201171875,9.951227188110352,-678.3591918945312,434.0443420410156,7.558868408203125,-677.6390380859375,434.55023193359375,7.4540696144104
1991,-678.8131713867188,439.1553955078125,6.817279034294188,-673.32275390625,427.29052734375,13.073629379272461,-678.6432495117188,428.10260009765625,11.054101943969727,-678.0049438476562,428.47418212890625,10.711748123168945
1992,-676.0535888671875,437.4103088378906,6.858706998173147,-668.5305786132812,436.77703857421875,7.549616813659668,-673.2179565429688,428.40557861328125,9.440655708312988,-672.8458862304688,428.36138916015625,9.600640296936035
1993,-673.0341186523438,435.5008850097656,6.877425999846309,-663.7687377929688,441.50537109375,11.040884971618652,-667.3414306640625,430.4848327636719,7.587323188781738,-666.7655029296875,430.96710205078125,7.736325263977051
1994,-670.2755126953125,433.75640869140625,7.116771012078971,-663.799072265625,436.7472229003906,7.133670330047607,-668.3192749023438,425.3763122558594,8.605398178100586,-667.3369140625,426.40191650390625,7.9198431968688965
1995,-667.4051513671875,431.9302978515625,7.404751027934253,-659.0980224609375,431.9592590332031,8.30717945098877,-663.06201171875,425.9900817871094,7.358602523803711,-662.4313354492188,426.99310302734375,7.008190631866455
1996,-664.5337524414062,430.1035461425781,7.371235988102853,-659.0980224609375,431.9592590332031,5.743764400482178,-659.4221801757812,425.068115234375,7.1752166748046875,-659.4803466796875,425.94390869140625,6.5451884269714355
1997,-661.9114990234375,428.4353332519531,7.3065379983745515,-659.1283569335938,427.20111083984375,3.0445337295532227,-660.1580810546875,419.6818542480469,8.927366256713867,-659.7664794921875,420.65478515625,8.07081413269043
1998,-657.5457153320312,425.62432861328125,6.929071038030088,-649.6654663085938,427.1415100097656,8.024971008300781,-655.6470947265625,419.6846618652344,6.235735893249512,-654.58837890625,420.9922790527344,5.495609283447266
1999,-653.578125,423.0697326660156,6.854442995972931,-654.488037109375,412.8968505859375,10.213494300842285,-651.7593994140625,413.9330139160156,9.315975189208984,-652.1139526367188,413.5462341308594,9.635394096374512
2000,-650.890625,421.3408203125,6.75982900429517,-654.5183715820312,408.1387023925781,13.691473960876465,-649.3271484375,411.5517578125,9.913132667541504,-649.536865234375,411.22247314453125,10.20850658416748
2001,-647.9495849609375,419.44879150390625,6.749924970790744,-649.8477172851562,398.59259033203125,20.942398071289062,-651.7026977539062,402.6179504394531,17.244218826293945,-652.1063232421875,401.3429260253906,18.576889038085938
2002,-645.2549438476562,417.71527099609375,6.67863100534305,-649.8477172851562,398.59259033203125,19.666481018066406,-648.7850341796875,401.71484375,16.38521385192871,-649.6453247070312,400.391357421875,17.87158203125
2003,-642.59912109375,416.020751953125,7.126411015633494,-649.8477172851562,398.59259033203125,18.875459671020508,-646.3330688476562,400.5938720703125,15.872333526611328,-647.8493041992188,399.38812255859375,17.44158172607422
2004,-639.6740112304688,414.1543884277344,7.345074962358922,-649.8780517578125,393.8344421386719,22.73813247680664,-647.4343872070312,394.42010498046875,21.20531463623047,-648.121826171875,394.04132080078125,21.815156936645508
2005,-636.7581787109375,412.29400634765625,7.752124045509845,-645.1466064453125,393.80462646484375,20.303272247314453,-642.393310546875,394.9376220703125,18.248254776000977,-643.7906494140625,394.097900390625,19.50779151916504
2006,-633.8692626953125,410.41375732421875,7.641370000783354,-640.445556640625,389.01666259765625,22.384889602661133,-634.0122680664062,391.606689453125,18.8076114654541,-635.84521484375,390.07177734375,20.43772315979004
2007,-631.2333374023438,408.69818115234375,7.498443010263145,-640.445556640625,389.01666259765625,21.730789184570312,-632.9854125976562,392.5290832519531,16.263748168945312,-634.7825317382812,390.7194519042969,18.32570457458496
2008,-628.3430786132812,406.81707763671875,7.034505950286984,-635.714111328125,388.9868469238281,19.29376220703125,-625.9905395507812,393.1985778808594,13.820201873779297,-626.396728515625,391.7933654785156,15.149264335632324
2009,-625.6209716796875,405.0799255371094,6.814887979999185,-631.0130615234375,384.1988830566406,21.56600570678711,-627.1257934570312,384.8397521972656,20.296037673950195,-627.3684692382812,384.483642578125,20.670284271240234
2010,-622.6394653320312,403.1772155761719,6.749997031874955,-631.0130615234375,384.1988830566406,20.743534088134766,-621.5369873046875,385.8486633300781,17.363588333129883,-621.2252197265625,384.80572509765625,18.425844192504883
2011,-619.9177856445312,401.4403381347656,7.0332849863916636,-621.5501708984375,384.1392517089844,17.377925872802734,-614.6768798828125,387.896728515625,14.522274017333984,-614.8828735351562,385.79339599609375,16.43706512451172
2012,-617.0423583984375,399.6247253417969,6.718522985465825,-607.38623046875,379.2916259765625,22.509458541870117,-614.0550537109375,382.3598937988281,17.52136993408203,-613.670166015625,381.3492736816406,18.583965301513672
2013,-614.4209594726562,397.9695129394531,6.694254989270121,-602.65478515625,379.2618103027344,22.100250244140625,-607.86767578125,382.2938232421875,16.990373611450195,-607.0885009765625,381.23675537109375,18.268829345703125
2014,-611.5435791015625,396.1526794433594,6.734560010954738,-602.65478515625,379.2618103027344,19.08696174621582,-605.3910522460938,381.221435546875,16.149168014526367,-604.626708984375,380.67694091796875,16.951152801513672
2015,-608.7725830078125,394.3317565917969,6.763666984625161,-602.65478515625,379.2618103027344,16.264400482177734,-606.4171142578125,378.3778991699219,16.12680435180664,-605.5740966796875,378.4306335449219,16.21961784362793
2016,-605.7254638671875,392.32940673828125,6.700848985929042,-602.65478515625,379.2618103027344,13.423528671264648,-599.9466552734375,379.97515869140625,13.63899040222168,-599.691650390625,379.71466064453125,13.983516693115234
2017,-602.9548950195312,390.5087585449219,6.76422897959128,-602.65478515625,379.2618103027344,11.250951766967773,-599.8687133789062,380.216552734375,10.744953155517578,-599.6869506835938,379.8336181640625,11.164142608642578
2018,-598.711181640625,387.77789306640625,6.667079986073077,-593.19189453125,379.2021484375,10.19832992553711,-595.4463500976562,376.7274475097656,11.522650718688965,-594.56494140625,377.3280029296875,11.242398262023926
2019,-594.478515625,385.0541076660156,6.668753980193287,-602.7459106445312,364.9873352050781,21.703113555908203,-591.8262939453125,372.5539245605469,12.77845287322998,-591.4140014648438,372.8590087890625,12.574247360229492
2020,-591.8435668945312,383.3844909667969,6.778366980142891,-588.46044921875,379.1723327636719,5.4025702476501465,-586.2794799804688,373.21759033203125,11.589863777160645,-585.86279296875,373.57855224609375,11.485908508300781
2021,-588.9536743164062,381.5533142089844,6.702394050080329,-574.26611328125,379.08282470703125,14.89388370513916,-581.4547729492188,372.7201843261719,11.586962699890137,-580.5540771484375,373.540283203125,11.608699798583984
2022,-586.0634155273438,379.721923828125,6.792526983190328,-593.3134155273438,360.1695556640625,20.853239059448242,-582.66455078125,367.1805114746094,12.993817329406738,-582.8935546875,366.199462890625,13.889022827148438
2023,-583.1085205078125,377.82330322265625,7.550126989372075,-569.53466796875,379.0530090332031,13.629440307617188,-575.7843017578125,368.7918701171875,11.62802505493164,-574.962158203125,369.200927734375,11.862065315246582
2024,-580.4191284179688,376.0952453613281,7.364660035818815,-569.53466796875,379.0530090332031,11.27917766571045,-575.4576416015625,368.71453857421875,8.893322944641113,-574.5948486328125,369.0121765136719,9.170174598693848
2025,-577.7300415039062,374.3674621582031,7.382544979918748,-569.6866455078125,355.2622375488281,20.729347229003906,-569.74951171875,362.0425720214844,14.68304443359375,-569.134521484375,360.475830078125,16.33586311340332
2026,-574.8062744140625,372.47576904296875,7.121431990526617,-569.6866455078125,355.2622375488281,17.958738327026367,-566.158203125,360.9776611328125,14.38734245300293,-565.9814453125,360.0339660644531,15.25372314453125
2027,-572.1458740234375,370.7545166015625,7.000648998655379,-569.6866455078125,355.2622375488281,15.68625259399414,-566.2848510742188,361.236328125,11.17799186706543,-566.1110229492188,360.27227783203125,12.095319747924805
2028,-569.4885864257812,369.0352478027344,6.971732014790177,-569.6866455078125,355.2622375488281,13.774434089660645,-562.308837890625,357.124755859375,13.90714168548584,-562.441650390625,356.69354248046875,14.211860656738281
2029,-566.7642822265625,367.27215576171875,7.014398986939341,-569.6866455078125,355.2622375488281,12.360353469848633,-562.0206298828125,357.0393371582031,11.278865814208984,-562.1053466796875,356.55084228515625,11.689835548400879
2030,-563.7696533203125,365.3341369628906,6.806826975662261,-550.7913208007812,350.3847351074219,19.797014236450195,-555.4432983398438,357.271484375,11.590278625488281,-554.762451171875,356.5411682128906,12.587532997131348
2031,-561.0428466796875,363.5694580078125,6.721424986608326,-550.7913208007812,350.3847351074219,16.701217651367188,-552.8179321289062,352.3291931152344,13.928128242492676,-552.1891479492188,352.2758483886719,14.350386619567871
2032,-558.3824462890625,361.8601379394531,6.840576999820769,-550.7913208007812,350.3847351074219,13.75899887084961,-552.7401123046875,352.0225830078125,11.34078598022461,-552.13525390625,351.84417724609375,11.80452823638916
2033,-555.4598388671875,359.9823303222656,7.189698982983828,-550.7913208007812,350.3847351074219,10.672810554504395,-549.614501953125,352.16119384765625,9.764124870300293,-549.923828125,351.8515625,9.836503028869629
2034,-552.535888671875,358.1036682128906,7.37806101096794,-550.7913208007812,350.3847351074219,7.913624286651611,-549.1734008789062,348.81365966796875,9.879806518554688,-549.6128540039062,348.5578918457031,9.983284950256348
2035,-549.6467895507812,356.2462463378906,7.404128031339496,-550.8217163085938,345.6265563964844,10.684487342834473,-544.5618286132812,347.79296875,9.864822387695312,-544.9968872070312,347.1214904785156,10.241228103637695
2036,-547.0167846679688,354.555419921875,7.3008190374821424,-531.8656005859375,350.2653503417969,15.746843338012695,-537.7741088867188,348.25531005859375,11.185635566711426,-536.9557495117188,348.172119140625,11.915156364440918
2037,-544.1207885742188,352.69354248046875,6.841077993158251,-541.419677734375,336.0505676269531,16.860740661621094,-537.2156982421875,343.77838134765625,11.276540756225586,-536.67431640625,343.190673828125,12.072880744934082
2038,-539.640869140625,349.89642333984375,6.764973979443312,-527.1341552734375,350.2355041503906,12.511309623718262,-532.8822021484375,344.32818603515625,8.756988525390625,-532.3148193359375,344.228759765625,9.262473106384277
2039,-535.562744140625,347.3502197265625,6.815308006480336,-527.1341552734375,350.2355041503906,8.908758163452148,-530.104248046875,340.5413818359375,8.726709365844727,-529.4542236328125,340.9888916015625,8.819326400756836
2040,-532.6717529296875,345.51611328125,7.001443998888135,-517.6712646484375,350.1758117675781,15.707559585571289,-524.5411376953125,340.8434143066406,9.377687454223633,-523.79736328125,341.2476501464844,9.847566604614258
2041,-529.7866821289062,343.685791015625,7.653598964679986,-536.7490844726562,326.5044250488281,18.538455963134766,-526.9866943359375,334.36236572265625,9.734792709350586,-529.7559204101562,330.76690673828125,12.918920516967773
2042,-527.1578369140625,342.01800537109375,7.7185630216263235,-532.0176391601562,326.4745788574219,16.28544807434082,-520.6430053710938,336.99481201171875,8.22651195526123,-517.514892578125,340.52642822265625,9.757621765136719
2043,-524.493408203125,340.2962341308594,7.81516800634563,-532.0176391601562,326.4745788574219,15.736968994140625,-521.0556030273438,336.53057861328125,5.098888397216797,-518.6195068359375,339.28369140625,5.960533142089844
2044,-521.57470703125,338.41021728515625,7.581187004689127,-508.23883056640625,345.3579406738281,15.037169456481934,-511.7332763671875,337.35321044921875,9.898031234741211,-510.0353698730469,340.0096740722656,11.649659156799316
2045,-518.9061889648438,336.685791015625,7.174630998633802,-503.50738525390625,345.3280944824219,17.658214569091797,-506.2884826660156,337.2411804199219,12.629923820495605,-505.5638122558594,338.67462158203125,13.489790916442871
2046,-516.0077514648438,334.7712707519531,7.38549797097221,-503.50738525390625,345.3280944824219,16.361713409423828,-506.4826965332031,336.6409606933594,9.706823348999023,-505.622802734375,338.2664489746094,10.957345962524414
2047,-513.3672485351562,333.027099609375,7.458019012119621,-498.806396484375,340.5400695800781,16.384843826293945,-503.9278259277344,328.9276123046875,10.29118537902832,-503.9878845214844,328.61785888671875,10.364066123962402
2048,-510.7157897949219,331.2756652832031,7.3824229766614735,-498.806396484375,340.5400695800781,15.088500022888184,-503.7253723144531,329.4580993652344,7.22284460067749,-503.8116149902344,329.15435791015625,7.222712516784668
2049,-507.7536315917969,329.3597412109375,7.179700012784451,-494.074951171875,340.5102233886719,17.64764976501465,-497.2688903808594,332.7071228027344,11.006123542785645,-496.8761901855469,333.2564697265625,11.554359436035156
2050,-505.0410461425781,327.605224609375,7.374654000159353,-494.13580322265625,330.993896484375,11.419607162475586,-492.39794921875,325.5989990234375,12.80128288269043,-492.19818115234375,326.10345458984375,12.930370330810547
2051,-502.0760192871094,325.68743896484375,7.351099047809839,-494.13580322265625,330.993896484375,9.550158500671387,-491.97747802734375,328.54864501953125,10.496048927307129,-491.79248046875,329.7510681152344,11.057316780090332
2052,-499.10321044921875,323.8428649902344,7.252576004248112,-484.6729431152344,330.9341735839844,16.078535079956055,-487.78900146484375,326.5772399902344,11.639936447143555,-487.56298828125,327.59478759765625,12.134811401367188
2053,-496.14495849609375,322.00732421875,6.948039052076638,-489.4652099609375,321.4477233886719,6.703147888183594,-488.52813720703125,319.8876647949219,7.906258583068848,-488.5306701660156,319.66522216796875,7.96635627746582
2054,-493.44647216796875,320.3329772949219,6.850429985206574,-480.0328063964844,316.6298522949219,13.915443420410156,-482.75787353515625,320.473388671875,10.689520835876465,-482.57537841796875,319.7481689453125,10.886812210083008
2055,-490.7530517578125,318.660400390625,6.806870980653912,-475.3013916015625,316.5999755859375,15.58842945098877,-477.86688232421875,318.4284973144531,12.88825511932373,-477.71807861328125,317.7703857421875,13.065322875976562
2056,-488.0473327636719,316.9802551269531,6.8215359933674335,-475.3013916015625,316.5999755859375,12.751612663269043,-477.8307189941406,316.5589294433594,10.225297927856445,-477.62713623046875,316.8255920410156,10.421343803405762
2057,-485.0926818847656,315.1454772949219,6.815795961301774,-475.3013916015625,316.5999755859375,9.898733139038086,-474.5641174316406,316.7340393066406,10.64773178100586,-474.5394592285156,316.90625,10.699104309082031
2058,-480.9620361328125,312.46514892578125,6.742101046256721,-465.8385314941406,316.5402526855469,15.662914276123047,-468.30908203125,315.4676818847656,13.004323959350586,-467.8763427734375,316.4466552734375,13.67800235748291
2059,-476.8409729003906,309.791015625,6.886270013637841,-465.8385314941406,316.5402526855469,12.907591819763184,-468.0466613769531,316.24847412109375,10.91048526763916,-467.7705078125,316.8276672363281,11.479887008666992
2060,-474.1192626953125,308.00518798828125,6.751283013727516,-465.8385314941406,316.5402526855469,11.891923904418945,-463.480712890625,316.15399169921875,13.400811195373535,-463.2008361816406,316.7896423339844,14.013517379760742
2061,-471.14593505859375,306.0542907714844,6.70327601255849,-461.1375427246094,311.7522277832031,11.516700744628906,-463.5389709472656,306.0898742675781,7.607047080993652,-462.6422424316406,307.882080078125,8.697908401489258
2062,-468.4259033203125,304.2695617675781,6.711782014463097,-461.1375427246094,311.7522277832031,10.445596694946289,-463.8055114746094,305.958740234375,4.919486045837402,-462.70684814453125,308.0047912597656,6.830778121948242
2063,-465.5291748046875,302.3658752441406,6.770996958948672,-466.0211181640625,287.9913330078125,14.382957458496094,-463.47137451171875,291.4190979003906,11.138513565063477,-464.3063049316406,290.7398376464844,11.690173149108887
2064,-462.8830871582031,300.62689208984375,7.106642005965114,-466.0211181640625,287.9913330078125,13.019392967224121,-463.85870361328125,291.77203369140625,8.908442497253418,-464.61456298828125,291.0511474609375,9.731027603149414
2065,-459.9903869628906,298.7258605957031,24.587091989815235,-466.0211181640625,287.9913330078125,12.312586784362793,-460.6823425292969,290.806640625,7.949392795562744,-463.3778076171875,288.4546203613281,10.815404891967773
2066,-457.2487487792969,296.9888610839844,7.189165975432843,-456.5887451171875,283.1734313964844,13.831186294555664,-457.0873107910156,285.3313903808594,11.658588409423828,-457.0936584472656,284.2845458984375,12.705262184143066
2067,-454.5061950683594,295.25128173828125,6.869286997243762,-456.5887451171875,283.1734313964844,12.25607967376709,-451.6446533203125,286.25445556640625,9.440937995910645,-453.09326171875,285.0145568847656,10.333775520324707
2068,-451.50384521484375,293.34912109375,7.2616179822944105,-456.5887451171875,283.1734313964844,11.375450134277344,-446.15118408203125,287.0186767578125,8.290084838867188,-443.72186279296875,286.657470703125,10.263402938842773
2069,-448.6200866699219,291.5310974121094,7.09487299900502,-437.63262939453125,287.81207275390625,11.599800109863281,-441.08782958984375,285.4879455566406,9.656841278076172,-439.9798583984375,285.44891357421875,10.566290855407715
2070,-445.99273681640625,289.87469482421875,7.438811007887125,-432.9012145996094,287.7821960449219,13.257696151733398,-436.1105041503906,285.5954895019531,10.768942832946777,-435.732666015625,285.2677001953125,11.246931076049805
2071,-443.0989685058594,288.0503234863281,7.381928968243301,-432.9316711425781,283.0240478515625,11.341841697692871,-436.14453125,285.3150329589844,7.473019123077393,-435.7940673828125,284.9105224609375,7.951096534729004
2072,-440.47100830078125,286.36016845703125,7.283201965037733,-432.9925537109375,273.50775146484375,14.869832038879395,-433.2593994140625,281.0453796386719,8.958475112915039,-433.11968994140625,280.800537109375,9.216907501220703
2073,-437.58636474609375,284.5048828125,7.001791032962501,-432.9925537109375,273.50775146484375,11.91805362701416,-433.42437744140625,280.5528259277344,5.739415645599365,-433.2034912109375,280.09765625,6.2155632972717285
2074,-434.7043151855469,282.65130615234375,6.903861998580396,-432.9925537109375,273.50775146484375,9.302404403686523,-430.3175048828125,279.4295959472656,5.442749500274658,-430.29071044921875,279.1210632324219,5.651771545410156
2075,-430.4891357421875,279.9167785644531,7.077991031110287,-423.5601806640625,268.6898193359375,13.192992210388184,-425.92236328125,272.9081115722656,8.365215301513672,-425.3944396972656,271.7297058105469,9.64282512664795
2076,-426.2790222167969,277.185546875,7.387717021629214,-423.59063720703125,263.9316711425781,13.523780822753906,-422.6750793457031,268.10992431640625,9.765005111694336,-422.8537292480469,267.1264953613281,10.626248359680176
2077,-423.5559387207031,275.4348449707031,7.359847018960863,-423.59063720703125,263.9316711425781,11.503226280212402,-422.59991455078125,268.42431640625,7.075414657592773,-422.9226379394531,267.235595703125,8.223670959472656
2078,-420.8418884277344,273.68994140625,7.33854400459677,-423.59063720703125,263.9316711425781,10.138020515441895,-419.7100830078125,268.7258605957031,5.091471195220947,-420.7698059082031,267.32391357421875,6.366436004638672
2079,-417.8639221191406,271.775390625,7.136741012800485,-428.35247802734375,259.2033996582031,16.372682571411133,-420.36004638671875,261.0616149902344,11.000710487365723,-420.18194580078125,260.2636413574219,11.742810249328613
2080,-415.2197570800781,270.09002685546875,7.415164029225707,-418.8896789550781,259.14361572265625,11.545226097106934,-417.1636047363281,260.4305419921875,9.853131294250488,-417.47882080078125,259.7076110839844,10.625343322753906
2081,-412.3179931640625,268.240478515625,7.390736020170152,-418.8896789550781,259.14361572265625,11.222297668457031,-415.57232666015625,260.297119140625,8.584151268005371,-416.2718200683594,259.60406494140625,9.498440742492676
2082,-409.4284362792969,266.398681640625,7.42276303935796,-414.188720703125,254.3555908203125,12.949762344360352,-414.2213134765625,256.3277587890625,11.153257369995117,-414.7218933105469,255.82086181640625,11.828396797180176
2083,-406.61199951171875,264.6056823730469,7.44606601074338,-414.188720703125,254.3555908203125,12.746414184570312,-411.1573181152344,256.5236511230469,9.272494316101074,-412.64862060546875,255.15740966796875,11.212076187133789
2084,-403.79510498046875,262.8123779296875,7.475644000805914,-414.2191467285156,249.59742736816406,16.83138656616211,-406.7188720703125,256.07073974609375,7.348340034484863,-408.4100036621094,254.31971740722656,9.665534973144531
2085,-400.9826965332031,261.0219421386719,7.419451023451984,-395.2326354980469,258.9941711425781,6.097135066986084,-396.6045837402344,259.48223876953125,4.640965461730957,-396.40771484375,259.937255859375,4.701808452606201
2086,-398.2017822265625,259.2135314941406,7.3829100001603365,-395.2326354980469,258.9941711425781,2.977238893508911,-395.0958557128906,259.9580078125,3.193904161453247,-395.04217529296875,260.08740234375,3.278226137161255
2087,-395.4093017578125,257.3976135253906,7.102196977939457,-390.501220703125,258.96429443359375,5.15206241607666,-390.9608154296875,254.27345275878906,5.43593692779541,-390.75653076171875,254.44956970214844,5.508106708526611
2088,-392.62890625,255.5895538330078,6.913869990967214,-390.501220703125,258.96429443359375,3.989476203918457,-386.92755126953125,253.9638671875,5.928600311279297,-387.0365295410156,253.68374633789062,5.908195972442627
2089,-389.9232177734375,253.8508758544922,7.0117220166139305,-390.501220703125,258.96429443359375,5.14598274230957,-386.7881164550781,254.11834716796875,3.1464903354644775,-386.84228515625,253.85508728027344,3.080935478210449
2090,-387.2144470214844,252.11019897460938,7.033461006358266,-376.4288635253906,239.84197998046875,16.335176467895508,-382.48419189453125,248.09107971191406,6.207143783569336,-382.27801513671875,247.64451599121094,6.656627178192139
2091,-384.24444580078125,250.20169067382812,7.372174004558474,-376.4288635253906,239.84197998046875,12.97716999053955,-382.512939453125,247.97055053710938,2.8241991996765137,-382.2889709472656,247.48306274414062,3.348853588104248
2092,-379.8360595703125,247.40005493164062,7.474461977835745,-376.4288635253906,239.84197998046875,8.290565490722656,-377.8494873046875,243.01194763183594,4.816840648651123,-377.59588623046875,242.2300262451172,5.634498596191406
2093,-375.81915283203125,244.8472137451172,7.320223026908934,-376.4288635253906,239.84197998046875,5.042232990264893,-373.2896423339844,242.443115234375,3.489715337753296,-373.23919677734375,241.3792724609375,4.322359561920166
2094,-372.8261413574219,242.93785095214844,7.351353007834405,-371.7279357910156,235.05392456054688,7.960047245025635,-368.18023681640625,238.29238891601562,6.56998872756958,-368.06109619140625,237.7515411376953,7.042973041534424
2095,-370.09783935546875,241.19735717773438,6.98813097551465,-371.7279357910156,235.05392456054688,6.356019020080566,-368.1837158203125,238.19784545898438,3.5582213401794434,-368.0638732910156,237.65957641601562,4.0807976722717285
2096,-367.3734436035156,239.4593505859375,6.957444013096392,-357.564208984375,230.20606994628906,13.484965324401855,-363.1632080078125,237.96942138671875,4.466091632843018,-362.6457824707031,237.66098022460938,5.0581536293029785
2097,-364.653076171875,237.693115234375,6.910962983965874,-357.564208984375,230.20606994628906,10.310571670532227,-362.5539245605469,234.72401428222656,3.63620662689209,-361.97064208984375,234.6128387451172,4.084550857543945
2098,-361.93231201171875,235.9265899658203,6.993606977630407,-352.8327941894531,230.17616271972656,10.764229774475098,-357.4787292480469,233.99656677246094,4.853801727294922,-357.07073974609375,233.48699951171875,5.4393463134765625
2099,-358.93792724609375,233.98243713378906,6.945688975974917,-352.8327941894531,230.17616271972656,7.194468021392822,-357.2427062988281,230.4381103515625,3.928870677947998,-356.5312194824219,230.25257873535156,4.438928604125977
2100,-356.04156494140625,232.13247680664062,6.894521997310221,-348.1014099121094,230.14625549316406,8.18481159210205,-352.6930847167969,229.36947631835938,4.341254711151123,-352.23040771484375,229.01116943359375,4.92620325088501
2101,-353.14166259765625,230.28028869628906,7.218075974378735,-348.1014099121094,230.14625549316406,5.04203462600708,-348.8536376953125,229.0530548095703,4.460186004638672,-348.68865966796875,228.9239959716797,4.654972076416016
2102,-350.50244140625,228.59457397460938,7.0727060083299875,-348.1014099121094,230.14625549316406,2.858787775039673,-348.64080810546875,226.29058837890625,2.9620985984802246,-348.40643310546875,227.07302856445312,2.5900485515594482
2103,-347.8619079589844,226.90660095214844,7.167370000388473,-348.1014099121094,230.14625549316406,3.248495578765869,-345.10711669921875,225.92076110839844,2.9258768558502197,-345.1431884765625,226.9102325439453,2.718721866607666
2104,-344.9514465332031,225.04605102539062,7.44873599614948,-348.1014099121094,230.14625549316406,5.9945268630981445,-345.02191162109375,225.93637084960938,0.8931039571762085,-345.0831298828125,226.87277221679688,1.8314613103866577
2105,-342.05670166015625,223.19557189941406,7.4652080074884,-333.9072265625,230.0565185546875,10.653006553649902,-339.23187255859375,220.17147827148438,4.138212203979492,-338.9759826660156,219.8814697265625,4.524831771850586
2106,-339.3371276855469,221.4528350830078,7.477364968508482,-333.9072265625,230.0565185546875,10.173848152160645,-335.49951171875,219.26101684570312,4.419430255889893,-335.05810546875,218.9501953125,4.95713996887207
2107,-336.6144104003906,219.70811462402344,7.33057304751128,-333.9986572265625,215.7820587158203,4.717634677886963,-335.3122253417969,214.65472412109375,5.218471527099609,-335.12469482421875,214.145263671875,5.758868217468262
2108,-333.63140869140625,217.7965850830078,7.598989002872258,-333.9986572265625,215.7820587158203,2.047727584838867,-331.5432434082031,213.59152221679688,4.694995880126953,-331.4239807128906,213.19448852539062,5.104118824005127
2109,-330.7435302734375,215.9315948486328,7.4987009866163135,-333.9986572265625,215.7820587158203,3.2585599422454834,-331.6077880859375,213.4334716796875,2.643399477005005,-331.4605712890625,213.0584259033203,2.961291551589966
2110,-327.8666076660156,214.07366943359375,7.534861972089857,-334.0596008300781,206.2657470703125,9.965782165527344,-326.3804626464844,209.25006103515625,5.047358512878418,-326.31134033203125,208.86441040039062,5.436472415924072
2111,-325.23675537109375,212.3753204345703,7.811760995537043,-334.0596008300781,206.2657470703125,10.731704711914062,-326.5903625488281,209.13299560546875,3.5135343074798584,-326.5715637207031,208.73175048828125,3.880375623703003
2112,-321.0184020996094,209.71206665039062,7.734157959930599,-329.3586730957031,201.47767639160156,11.720293998718262,-320.88604736328125,205.8737335205078,3.8406145572662354,-320.4649963378906,205.83914184570312,3.9122633934020996
2113,-316.7910461425781,207.04312133789062,7.754249963909388,-319.8349609375,210.9341583251953,4.9402008056640625,-317.15655517578125,205.60498046875,1.4838619232177734,-316.8996887207031,205.59207153320312,1.4551112651824951
2114,-313.8865051269531,205.19784545898438,7.39612098550424,-305.61029052734375,215.60255432128906,13.294875144958496,-311.7122497558594,201.63453674316406,4.1742730140686035,-311.83575439453125,201.30990600585938,4.395639896392822
2115,-310.9875183105469,203.35610961914062,7.016336021479219,-315.134033203125,206.1460723876953,4.997747421264648,-312.07940673828125,201.42083740234375,2.222048282623291,-312.2799987792969,201.04925537109375,2.644254684448242
2116,-308.3453369140625,201.67752075195312,6.959457998163998,-319.9873352050781,187.14337158203125,18.621965408325195,-308.54193115234375,193.81863403320312,7.861345291137695,-308.3774108886719,192.4713897705078,9.20618724822998
2117,-305.39154052734375,199.77317810058594,6.90133502939716,-305.7931823730469,187.05361938476562,12.725897789001465,-303.0792541503906,194.464599609375,5.790308475494385,-303.00482177734375,193.4470977783203,6.761340141296387
2118,-302.6788330078125,198.0242462158203,6.877228035591543,-305.7931823730469,187.05361938476562,11.40411376953125,-302.969482421875,194.6530303955078,3.3837218284606934,-302.8834228515625,193.71392822265625,4.315170764923096
2119,-299.9710998535156,196.2785186767578,6.835016014520079,-305.7931823730469,187.05361938476562,10.908501625061035,-297.611328125,190.66908264160156,6.085580825805664,-297.51202392578125,189.6050567626953,7.112112998962402
2120,-297.098876953125,194.39161682128906,6.957659963518381,-305.7931823730469,187.05361938476562,11.377045631408691,-297.68743896484375,190.31936645507812,4.11456298828125,-297.53814697265625,189.2418212890625,5.168496131896973
2121,-294.4847412109375,192.6742401123047,7.345348014496267,-305.82366943359375,182.2954559326172,15.371742248535156,-293.78485107421875,190.06640625,2.7001192569732666,-293.4775390625,189.66261291503906,3.1755871772766113
2122,-291.6172790527344,190.7904815673828,7.313558948226273,-291.59906005859375,186.96383666992188,3.826688289642334,-293.29486083984375,186.30377197265625,4.7900776863098145,-293.09808349609375,185.9293670654297,5.081655025482178
2123,-288.7930603027344,188.95750427246094,7.370388018898666,-291.59906005859375,186.96383666992188,3.4421424865722656,-289.11663818359375,185.78538513183594,3.18858003616333,-289.4429931640625,185.10533142089844,3.906615972518921
2124,-285.97821044921875,187.13059997558594,7.169250980950892,-296.4219055175781,172.71929931640625,17.797649383544922,-287.4722595214844,178.708251953125,8.553836822509766,-287.3682861328125,178.2448272705078,8.99384593963623
2125,-283.1613464355469,185.30242919921875,7.383932010270655,-296.4219055175781,172.71929931640625,18.28052520751953,-287.550048828125,178.6051025390625,8.007177352905273,-287.4389953613281,178.15455627441406,8.330087661743164
2126,-280.1915283203125,183.4346466064453,7.439137028995901,-291.72100830078125,167.93121337890625,19.320592880249023,-284.9131164550781,173.47039794921875,11.02631664276123,-285.10028076171875,173.06289672851562,11.474713325500488
2127,-277.47149658203125,181.72398376464844,7.389374019112438,-291.72100830078125,167.93121337890625,19.831518173217773,-284.7828674316406,173.4713134765625,11.025547981262207,-284.98187255859375,173.05615234375,11.46895980834961
2128,-274.7360534667969,180.0036163330078,7.124483992811292,-286.9896240234375,167.9012908935547,17.222551345825195,-280.23236083984375,172.62222290039062,9.202954292297363,-281.3385009765625,171.479736328125,10.781875610351562
2129,-272.002685546875,178.27638244628906,6.991903996095061,-287.0201110839844,163.14312744140625,21.319908142089844,-279.98553466796875,167.48268127441406,13.424971580505371,-281.4806213378906,165.96241760253906,15.539143562316895
2130,-269.0116882324219,176.3863525390625,7.423560018651187,-263.2717590332031,177.2679443359375,5.807236194610596,-266.8780822753906,171.65541076660156,5.18980598449707,-265.04827880859375,172.19993591308594,5.764954566955566
2131,-266.2801208496094,174.6602783203125,7.559144985862076,-258.57086181640625,172.47984313964844,8.011677742004395,-260.49072265625,173.49835205078125,5.904845714569092,-259.9958190917969,173.10545349121094,6.473787784576416
2132,-262.07513427734375,171.9457244873047,7.573016977403313,-253.7784881591797,181.96621704101562,13.009404182434082,-257.079833984375,169.86073303222656,5.412967205047607,-257.2024230957031,169.4185791015625,5.489059925079346
2133,-257.86505126953125,169.22789001464844,7.447337033227086,-258.662353515625,158.20538330078125,11.051304817199707,-257.3993225097656,163.77125549316406,5.476473808288574,-257.6327819824219,162.51942443847656,6.712485313415527
2134,-255.1543731689453,167.4773406982422,7.182781002484262,-249.07760620117188,177.17813110351562,11.446939468383789,-253.43699645996094,164.14617919921875,3.7478020191192627,-253.71136474609375,163.21206665039062,4.502758502960205
2135,-252.4481964111328,165.7296905517578,6.9406889961101115,-249.1081085205078,172.4199676513672,7.4776997566223145,-250.1388397216797,164.01205444335938,2.8780901432037354,-249.71263122558594,164.3011016845703,3.086127519607544
2136,-249.47039794921875,163.80662536621094,6.840735033620149,-249.13861083984375,167.66180419921875,3.86942982673645,-251.13037109375,158.292236328125,5.758819103240967,-250.82533264160156,158.1553497314453,5.811434268951416
2137,-246.604248046875,161.97335815429688,6.869767035823315,-239.70635986328125,162.84376525878906,6.952587127685547,-245.444580078125,158.34457397460938,3.8095805644989014,-244.54547119140625,158.86306762695312,3.7299423217773438
2138,-243.98678588867188,160.29916381835938,6.82266301009804,-239.70635986328125,162.84376525878906,4.979662895202637,-246.11013793945312,153.90570068359375,6.7368388175964355,-245.29788208007812,154.8031463623047,5.650237083435059
2139,-241.11659240722656,158.4633026123047,6.8547099945135415,-239.70635986328125,162.84376525878906,4.601870059967041,-239.98312377929688,154.89639282226562,3.7426722049713135,-239.067626953125,156.07711791992188,3.145176649093628
2140,-238.39752197265625,156.71583557128906,6.855532992631197,-230.3656463623047,143.75125122070312,15.25094985961914,-234.01058959960938,153.6580810546875,5.347433090209961,-233.72189331054688,153.504150390625,5.672426700592041
2141,-235.41026306152344,154.79600524902344,6.8708230392076075,-230.3656463623047,143.75125122070312,12.142271041870117,-233.6563720703125,148.4913330078125,6.544083595275879,-233.1600341796875,147.62188720703125,7.51874303817749
2142,-232.6810760498047,153.0420379638672,7.16067902976647,-225.57325744628906,153.2376251220703,7.110508918762207,-228.33370971679688,149.51812744140625,5.596207618713379,-227.90928649902344,149.08206176757812,6.200918197631836
2143,-229.79331970214844,151.17019653320312,7.5399180059321225,-225.57325744628906,153.2376251220703,4.699275016784668,-228.72991943359375,145.00494384765625,6.256289958953857,-228.25299072265625,144.6639862060547,6.68605899810791
2144,-226.90037536621094,149.29498291015625,7.456739025656134,-225.57325744628906,153.2376251220703,4.160008430480957,-226.24072265625,144.11822509765625,5.218616962432861,-226.0007781982422,144.2169647216797,5.1570868492126465
2145,-224.26600646972656,147.58738708496094,7.47576798312366,-225.63427734375,143.72129821777344,4.101073741912842,-223.7532958984375,143.12356567382812,4.493169784545898,-223.95945739746094,142.83071899414062,4.766535758972168
2146,-221.35816955566406,145.759765625,7.414713967591524,-230.45716857910156,129.47677612304688,18.652814865112305,-225.7246856689453,135.9944610595703,10.6970853805542,-226.12063598632812,135.0650634765625,11.707165718078613
2147,-218.7056427001953,144.09262084960938,7.081650954205543,-230.45716857910156,129.47677612304688,18.75423240661621,-221.59718322753906,136.25401306152344,8.354925155639648,-222.8018035888672,134.33929443359375,10.578558921813965
2148,-215.7998504638672,142.2663116455078,7.502932974603027,-230.48768615722656,124.7186279296875,22.883480072021484,-223.34457397460938,129.8695831298828,14.512123107910156,-224.72474670410156,127.9795913696289,16.845300674438477
2149,-213.08804321289062,140.55665588378906,7.463617017492652,-225.75631713867188,124.68867492675781,20.304630279541016,-218.4505615234375,130.4258270263672,11.462560653686523,-219.65953063964844,128.60769653320312,13.636791229248047
2150,-210.37478637695312,138.84609985351562,7.428676995914429,-221.02496337890625,124.65872955322266,17.740005493164062,-214.46878051757812,130.25830078125,9.513731002807617,-215.7661590576172,128.63314819335938,11.5486478805542
2151,-207.39498901367188,136.96749877929688,7.538379984907806,-221.0554656982422,119.90057373046875,21.86066246032715,-216.41690063476562,123.85649871826172,15.91518783569336,-218.27084350585938,121.79771423339844,18.665651321411133
2152,-203.17758178710938,134.22702026367188,7.124565017875284,-216.32411193847656,119.87062072753906,19.46631622314453,-209.1591796875,125.4864501953125,10.591367721557617,-210.97824096679688,123.42618560791016,13.323225021362305
2153,-198.9492645263672,131.4794464111328,7.302103971596807,-211.62326049804688,115.08251190185547,20.724130630493164,-201.6204071044922,122.23358154296875,9.623981475830078,-201.40553283691406,121.77035522460938,10.014973640441895
2154,-195.9793243408203,129.5196990966797,7.404729025438428,-197.39865112304688,119.75080108642578,9.871466636657715,-194.98130798339844,123.5570297241211,6.045615196228027,-195.40245056152344,122.81153869628906,6.732919216156006
2155,-193.27549743652344,127.73553466796875,7.290136010851711,-197.39865112304688,119.75080108642578,8.986454010009766,-194.2037353515625,119.46241760253906,8.325028419494629,-194.3262481689453,119.24166107177734,8.558619499206543
2156,-190.5648193359375,125.94686889648438,7.018284988589585,-183.20457458496094,119.66091918945312,9.679171562194824,-188.0442352294922,120.32536315917969,6.160736083984375,-187.66928100585938,120.21151733398438,6.424826622009277
2157,-187.69459533691406,124.06661987304688,6.947536952793598,-178.44268798828125,124.38911437988281,9.257526397705078,-182.7599639892578,117.98937225341797,7.828379154205322,-182.5118408203125,118.20199584960938,7.826541900634766
2158,-184.83367919921875,122.19246673583984,6.8904819781892,-178.44268798828125,124.38911437988281,6.757960319519043,-182.44993591308594,118.716064453125,4.215163707733154,-182.29722595214844,118.77896118164062,4.252718448638916
2159,-182.2212371826172,120.48108673095703,7.265541993547231,-183.20457458496094,119.66091918945312,1.2804793119430542,-178.4341583251953,118.24150085449219,4.399739742279053,-178.40432739257812,118.39991760253906,4.3474202156066895
2160,-179.39874267578125,118.71454620361328,7.143713999539614,-173.71131896972656,124.3591537475586,8.01301383972168,-177.39796447753906,115.80907440185547,3.5277299880981445,-177.44393920898438,115.79678344726562,3.512064218521118
2161,-176.57225036621094,116.94548797607422,7.2345619555562735,-173.74185180664062,119.60099792480469,3.881093740463257,-172.52178955078125,114.97955322265625,4.502347469329834,-172.4637908935547,114.99330139160156,4.548677921295166
2162,-173.7550811767578,115.1822738647461,7.499731960706413,-169.07154846191406,110.0547103881836,6.944593906402588,-167.6765594482422,111.70901489257812,7.000854015350342,-167.69570922851562,111.76223754882812,6.957919120788574
2163,-171.00997924804688,113.47909545898438,7.524631975684315,-169.07154846191406,110.0547103881836,3.934962034225464,-167.6983184814453,111.82923126220703,3.6998848915100098,-167.72271728515625,111.81683349609375,3.683640241622925
2164,-168.27346801757812,111.78125,7.50742299715057,-169.07154846191406,110.0547103881836,1.9020702838897705,-163.49122619628906,110.80230712890625,4.881410121917725,-163.60733032226562,110.85676574707031,4.756838321685791
2165,-165.26852416992188,109.91686248779297,7.399271999020129,-164.34017944335938,110.02474975585938,0.9345927238464355,-162.3972625732422,108.16522979736328,3.3633852005004883,-162.25759887695312,108.65432739257812,3.2649145126342773
2166,-162.27099609375,108.00298309326172,7.504771987441927,-154.846923828125,114.72296142578125,10.013738632202148,-156.90057373046875,108.52394104003906,5.395630836486816,-156.74462890625,108.81822204589844,5.586174488067627
2167,-159.5377197265625,106.2578353881836,7.6426329906098545,-150.14610290527344,109.9348373413086,10.085772514343262,-152.71551513671875,107.38912963867188,6.915367126464844,-152.57110595703125,107.70765686035156,7.115875720977783
2168,-156.81259155273438,104.51786804199219,7.7047080267220736,-150.14610290527344,109.9348373413086,8.589856147766113,-152.51075744628906,104.5566635131836,4.302009105682373,-152.10678100585938,105.38114929199219,4.784339904785156
2169,-154.10044860839844,102.7397689819336,7.587293046526611,-145.4147491455078,109.90486145019531,11.259658813476562,-149.22113037109375,101.45352935791016,5.046004295349121,-148.3654022216797,102.86116790771484,5.736330986022949
2170,-151.1175079345703,100.78411865234375,7.934193999972194,-159.79202270507812,81.44583129882812,21.19472885131836,-150.0946502685547,86.83099365234375,13.99056625366211,-151.7472686767578,83.39395904541016,17.401559829711914
2171,-148.40771484375,99.00755310058594,7.669534999877214,-159.79202270507812,81.44583129882812,20.928844451904297,-149.67137145996094,87.6692886352539,11.408465385437012,-151.21734619140625,84.42658233642578,14.849199295043945
2172,-145.69259643554688,97.26133728027344,8.228674996644258,-150.32931518554688,81.3858871459961,16.538715362548828,-143.11700439453125,90.11360931396484,7.597610950469971,-144.13064575195312,87.7171401977539,9.671162605285645
2173,-142.9842987060547,95.51950073242188,8.00053495913744,-136.16580200195312,76.53780364990234,20.169200897216797,-144.60630798339844,79.7772216796875,15.825620651245117,-144.64833068847656,78.45663452148438,17.143815994262695
2174,-140.0130615234375,93.60855865478516,7.567315013147891,-136.16580200195312,76.53780364990234,17.498916625976562,-139.3466796875,79.02555084228516,14.598225593566895,-139.09405517578125,77.9266357421875,15.70882797241211
2175,-135.6444549560547,90.8409423828125,7.408430043142289,-131.46499633789062,71.74966430664062,19.543407440185547,-135.4057159423828,74.0343246459961,16.808313369750977,-135.02359008789062,73.82650756835938,17.025758743286133
2176,-131.6490478515625,88.30975341796875,7.397788984235376,-131.46499633789062,71.74966430664062,16.561111450195312,-130.79449462890625,73.91705322265625,14.418046951293945,-130.8730010986328,73.55728149414062,14.772869110107422
2177,-128.79266357421875,86.49287414550781,7.417529996018857,-131.49554443359375,66.99150848388672,19.68778419494629,-130.41751098632812,70.49545288085938,16.079727172851562,-130.32046508789062,70.37977600097656,16.185367584228516
2178,-126.18891143798828,84.8366928100586,7.3196900193579495,-131.49554443359375,66.99150848388672,18.617490768432617,-125.87846374511719,70.28221130371094,14.557791709899902,-125.6141357421875,70.10034942626953,14.74754810333252
2179,-123.33609008789062,83.02207946777344,7.27972894674167,-131.49554443359375,66.99150848388672,17.987659454345703,-122.69718933105469,70.17542266845703,12.862533569335938,-122.52616119384766,70.13571166992188,12.911795616149902
2180,-120.52458190917969,81.21148681640625,7.433435996063054,-131.5260772705078,62.23334884643555,21.936330795288086,-121.70619201660156,66.98314666748047,14.27731990814209,-121.26871490478516,67.17806243896484,14.053139686584473
2181,-117.71334075927734,79.40107727050781,7.193645986262709,-107.8693618774414,62.08343505859375,19.91995620727539,-116.45985412597656,66.25018310546875,13.210497856140137,-116.64447021484375,66.29475402832031,13.149836540222168
2182,-114.90058135986328,77.58968353271484,12.793936999514699,-122.09394073486328,57.41522979736328,21.418519973754883,-110.85114288330078,60.60614013671875,17.459630966186523,-109.81246948242188,60.217445373535156,18.102031707763672
2183,-111.98926544189453,75.70391082763672,7.807696994859725,-122.09394073486328,57.41522979736328,20.89450454711914,-110.8221664428711,60.390899658203125,15.357422828674316,-109.69983673095703,59.99532699584961,15.874542236328125
2184,-109.30876922607422,73.9676513671875,7.800621970091015,-107.89990997314453,57.32527542114258,16.701904296875,-105.03264617919922,61.01636505126953,13.63895320892334,-104.38121032714844,60.584659576416016,14.261322021484375
2185,-106.39358520507812,72.0793685913086,7.588997017592192,-112.66179656982422,52.597103118896484,20.465803146362305,-106.33585357666016,55.90193557739258,16.177536010742188,-106.412109375,55.119667053222656,16.9597110748291
2186,-103.46590423583984,70.21493530273438,7.552835973910987,-112.66179656982422,52.597103118896484,19.873411178588867,-105.10400390625,55.71430969238281,14.59285831451416,-105.59553527832031,54.852874755859375,15.50897216796875
2187,-100.78590393066406,68.50822448730469,7.612528977915645,-107.93045806884766,52.567115783691406,17.46893310546875,-100.61334228515625,56.3116455078125,12.197799682617188,-100.85134887695312,55.588897705078125,12.919492721557617
2188,-97.84574127197266,66.63584899902344,7.247433997690678,-107.96100616455078,47.8089599609375,21.3721866607666,-99.51107025146484,53.861141204833984,12.882797241210938,-99.29176330566406,53.649375915527344,13.066730499267578
2189,-95.21379089355469,64.97654724121094,7.1576329646632075,-98.4677734375,52.50714111328125,12.88698959350586,-94.2221908569336,54.22168731689453,10.80047607421875,-95.14991760253906,53.538883209228516,11.43784236907959
2190,-92.32366943359375,63.15447998046875,7.10330402944237,-98.52887725830078,42.990821838378906,21.096864700317383,-89.13566589355469,47.942787170410156,15.542166709899902,-89.81807708740234,46.756996154785156,16.587810516357422
2191,-89.44087219238281,61.337039947509766,7.2025880217552185,-98.52887725830078,42.990821838378906,20.47377586364746,-89.66829681396484,47.26128387451172,14.077593803405762,-90.70635986328125,45.814720153808594,15.573820114135742
2192,-86.72245025634766,59.580684661865234,7.504694978706539,-93.79753875732422,42.96083068847656,18.06312370300293,-82.15564727783203,47.76713943481445,12.665525436401367,-80.78624725341797,47.71522521972656,13.26754093170166
2193,-83.997802734375,57.820308685302734,7.607230974826962,-74.87218475341797,42.84085464477539,17.540266036987305,-80.13877868652344,43.851531982421875,14.492025375366211,-79.17726135253906,42.770843505859375,15.802659034729004
2194,-81.01557922363281,55.893516540527344,7.4439350282773376,-74.87218475341797,42.84085464477539,14.426132202148438,-77.0748519897461,42.83147430419922,13.643543243408203,-76.72828674316406,41.79839324951172,14.732731819152832
2195,-76.81578826904297,53.151214599609375,7.072051987051964,-74.93331146240234,33.32453536987305,19.91584587097168,-76.29348754882812,36.16278839111328,16.9964542388916,-75.98019409179688,35.73341751098633,17.437829971313477
2196,-72.61071014404297,50.40546417236328,6.934035976883024,-74.93331146240234,33.32453536987305,17.238115310668945,-74.44888305664062,35.01239013671875,15.50243854522705,-74.6513671875,34.684329986572266,15.853022575378418
2197,-69.73775482177734,48.527252197265625,6.907332979608327,-74.9638671875,28.566377639770508,20.63368034362793,-74.27207946777344,29.096412658691406,19.952884674072266,-74.52471160888672,28.866559982299805,20.235063552856445
2198,-67.1033935546875,46.805023193359375,6.858918000943959,-74.9638671875,28.566377639770508,19.860393524169922,-73.95439910888672,29.35373878479004,18.747896194458008,-74.33006286621094,29.007726669311523,19.208553314208984
2199,-64.21605682373047,44.917415618896484,7.127485005185008,-70.23253631591797,28.536378860473633,17.450971603393555,-67.55422973632812,30.554561614990234,14.74567699432373,-68.69917297363281,29.53975486755371,16.017826080322266
2200,-61.33393096923828,43.044673919677734,7.199144980404526,-70.26309204101562,23.77821922302246,21.235023498535156,-63.938560485839844,28.944053649902344,14.339162826538086,-65.37933349609375,27.323848724365234,16.232980728149414
2201,-58.70815658569336,41.33850860595703,7.561677950434387,-55.97740173339844,37.96269226074219,4.34202241897583,-56.52268981933594,30.927078247070312,10.638334274291992,-56.9446907043457,30.49612808227539,10.984854698181152
2202,-55.8213996887207,39.46276092529297,7.8469139989465475,-60.80043029785156,23.718217849731445,16.5130672454834,-49.19818878173828,30.342491149902344,11.271479606628418,-47.7762565612793,30.406455993652344,12.113669395446777
2203,-52.89684295654297,37.63021469116211,7.654910965356976,-41.813961029052734,33.1145133972168,11.96753215789795,-47.23039245605469,27.542724609375,11.570053100585938,-46.68990707397461,27.3297119140625,12.026071548461914
2204,-50.22969436645508,35.958961486816406,7.571117952466011,-37.143768310546875,23.568185806274414,18.021453857421875,-40.196746826171875,26.221738815307617,13.981184959411621,-39.28651809692383,24.800073623657227,15.629263877868652
2205,-47.293983459472656,34.119422912597656,7.758415013086051,-32.412437438964844,23.53817367553711,18.25988006591797,-35.16994857788086,25.754451751708984,14.729730606079102,-34.47411346435547,24.885963439941406,15.798918724060059
2206,-44.31330871582031,32.2437744140625,7.307193998713046,-32.47358322143555,14.021856307983398,21.73056411743164,-33.88459777832031,20.06365203857422,16.03475570678711,-33.3727912902832,18.831758499145508,17.30829620361328
2207,-41.5751838684082,30.520750045776367,7.246704015415162,-27.74225425720215,13.991843223571777,21.553531646728516,-29.478919982910156,19.014835357666016,16.694480895996094,-29.156652450561523,17.898012161254883,17.707439422607422
2208,-38.838050842285156,28.79835319519043,7.626181992236525,-27.74225425720215,13.991843223571777,18.502687454223633,-29.568777084350586,18.96112823486328,13.516302108764648,-29.281208038330078,17.859878540039062,14.525270462036133
2209,-35.954036712646484,26.94350814819336,7.700032030697912,-23.041501998901367,9.203670501708984,21.94163703918457,-25.555143356323242,14.740944862365723,16.032453536987305,-25.447935104370117,13.522272109985352,17.044288635253906
2210,-33.32551574707031,25.25298309326172,7.518758007790893,-23.041501998901367,9.203670501708984,19.06151580810547,-23.39700698852539,15.083078384399414,14.212749481201172,-23.398893356323242,14.15595817565918,14.888981819152832
2211,-30.443395614624023,23.399356842041016,7.305876992177218,-23.041501998901367,9.203670501708984,16.009546279907227,-23.396150588989258,14.95048713684082,11.0021390914917,-23.389699935913086,13.895299911499023,11.835612297058105
2212,-26.065792083740234,20.568862915039062,7.209537958260626,-13.60942554473877,4.3854780197143555,20.422119140625,-17.02616310119629,10.468404769897461,13.55485725402832,-16.263538360595703,9.310516357421875,14.927642822265625
2213,-22.058950424194336,17.978097915649414,7.478729996364564,-13.60942554473877,4.3854780197143555,16.004806518554688,-13.395233154296875,7.453924179077148,13.631516456604004,-13.084508895874023,6.266271114349365,14.754913330078125
2214,-19.091703414916992,16.06112289428711,7.493837969377637,-4.146772384643555,4.325438976287842,19.002033233642578,-8.342037200927734,7.178351402282715,13.944853782653809,-8.315305709838867,5.733310222625732,14.926301002502441
2215,-16.385499954223633,14.312795639038086,7.255470962263644,-4.146772384643555,4.325438976287842,15.796636581420898,-8.763002395629883,7.125842094421387,10.476391792297363,-8.749510765075684,5.75415563583374,11.469901084899902
2216,-13.68471908569336,12.567970275878906,7.5600919662974775,0.5539699196815491,-0.4627423584461212,19.301288604736328,-3.1224007606506348,3.2803378105163574,14.064945220947266,-2.5118370056152344,2.387193441390991,15.115604400634766
2217,-11.121628761291504,10.9376220703125,7.500661013182253,0.5539699196815491,-0.4627423584461212,16.318330764770508,-2.845879077911377,2.338411331176758,11.934590339660645,-1.9901504516601562,1.3258416652679443,13.257835388183594
2218,-8.3084135055542,9.148173332214355,7.212792988866568,0.5539699196815491,-0.4627423584461212,13.073314666748047,-1.7784876823425293,1.4113788604736328,10.124125480651855,-1.522984504699707,0.20838257670402527,11.223275184631348
2219,-5.739412307739258,7.514065742492676,7.551174960099161,0.5539699196815491,-0.4627423584461212,10.160518646240234,-0.5588570237159729,-2.808901309967041,11.549969673156738,-0.587158203125,-2.674316883087158,11.417043685913086
2220,-3.4314727783203125,6.040510654449463,7.5072490144521,0.5539699196815491,-0.4627423584461212,7.627323150634766,-0.7726260423660278,-2.931723117828369,9.357908248901367,-0.8427626490592957,-2.8561439514160156,9.26562786102295
2221,-1.326034665107727,4.69624662399292,7.647526974324137,-4.238520622253418,-9.9490385055542,14.932077407836914,0.364561527967453,-6.793244361877441,11.613204002380371,-0.5166993737220764,-7.840950965881348,12.56329345703125
2222,0.9906103014945984,3.2171332836151123,7.641218020580709,-4.238520622253418,-9.9490385055542,14.166576385498047,-0.40444034337997437,-7.366611003875732,10.675289154052734,-1.279186487197876,-8.320090293884277,11.758379936218262
2223,2.6601991653442383,2.1602890491485596,7.140494999475777,-4.269103527069092,-14.707198143005371,18.235332489013672,1.0093140602111816,-10.328347206115723,12.59727954864502,0.06514996290206909,-11.432462692260742,13.838250160217285
2224,4.189719200134277,1.1921076774597168,7.5875240145251155,0.46221667528152466,-14.73721981048584,16.359636306762695,6.951815128326416,-8.917377471923828,10.480022430419922,6.689558982849121,-9.430663108825684,10.912948608398438
2225,5.861961841583252,0.13358338177204132,7.561277016066015,0.46221667528152466,-14.73721981048584,15.820809364318848,6.29339599609375,-9.593581199645996,9.736726760864258,5.786310195922852,-10.399620056152344,10.533474922180176
2226,6.806169033050537,-0.41509366035461426,7.492483011446893,0.46221667528152466,-14.73721981048584,15.664259910583496,5.990368366241455,-9.654555320739746,9.275406837463379,5.420291900634766,-10.536505699157715,10.215852737426758
2227,7.84283447265625,-1.01749849319458,7.619529031217098,9.955445289611816,-10.039109230041504,9.265666961669922,13.064020156860352,-8.015755653381348,8.731345176696777,12.146015167236328,-8.97152328491211,9.04344367980957
2228,8.792943000793457,-1.5696048736572266,7.0852600038051605,9.955445289611816,-10.039109230041504,8.54891300201416,13.222747802734375,-7.8406524658203125,7.6778388023376465,12.292854309082031,-8.789653778076172,8.02362060546875
2229,9.121515274047852,-1.7753535509109497,7.175376988016069,9.955445289611816,-10.039109230041504,8.305727005004883,12.850676536560059,-7.989639759063721,7.247344017028809,11.836183547973633,-9.121116638183594,7.831325531005859
2230,9.422272682189941,-1.9636845588684082,7.273335999343544,9.955445289611816,-10.039109230041504,8.093006134033203,12.990133285522461,-7.787431716918945,6.829762935638428,11.959783554077148,-8.912422180175781,7.397561550140381
2231,9.752915382385254,-2.1707301139831543,7.413220999296755,9.955445289611816,-10.039109230041504,7.87098503112793,12.54050064086914,-8.22520923614502,6.665384769439697,11.640582084655762,-9.2672119140625,7.3432512283325195
2232,9.684682846069336,-2.218543291091919,7.199265994131565,9.955445289611816,-10.039109230041504,7.825251579284668,12.315032958984375,-8.212396621704102,6.5456109046936035,11.423110008239746,-9.26805305480957,7.260696887969971
2233,9.609941482543945,-2.2709176540374756,7.586442981846631,9.955445289611816,-10.039109230041504,7.7758708000183105,12.39022159576416,-8.359496116638184,6.69333553314209,11.430017471313477,-9.431304931640625,7.388086318969727
2234,9.563813209533691,-2.3068325519561768,7.689972990192473,9.955445289611816,-10.039109230041504,7.742188453674316,12.63581657409668,-7.98360538482666,6.454684734344482,11.643547058105469,-9.096065521240234,7.100632667541504
2235,9.51313304901123,-2.346292018890381,7.577574986498803,9.955445289611816,-10.039109230041504,7.705522537231445,12.877389907836914,-7.667793273925781,6.295760631561279,11.925740242004395,-8.714282989501953,6.80969762802124
2236,9.46696662902832,-2.382237195968628,7.317601004615426,9.955445289611816,-10.039109230041504,7.67243766784668,12.873983383178711,-7.5681867599487305,6.204984188079834,11.85599136352539,-8.707584381103516,6.761468410491943
2237,9.457083702087402,-2.400190591812134,7.272107002791017,9.955445289611816,-10.039109230041504,7.655158042907715,12.692436218261719,-7.564319610595703,6.093909740447998,11.46863842010498,-9.01284408569336,6.911840438842773
2238,9.447144508361816,-2.418248176574707,7.300872995983809,9.955445289611816,-10.039109230041504,7.63779354095459,12.321661949157715,-7.959027290344238,6.24204158782959,11.528085708618164,-8.869264602661133,6.778342247009277
2239,9.436328887939453,-2.437896966934204,7.293514034245163,9.955445289611816,-10.039109230041504,7.618917942047119,12.16756820678711,-8.022741317749023,6.216925144195557,11.513015747070312,-8.789973258972168,6.682926654815674
2240,9.44626522064209,-2.354862928390503,7.486945949494839,9.955445289611816,-10.039109230041504,7.70109748840332,12.75377082824707,-7.8079352378845215,6.377742290496826,11.835894584655762,-8.84150218963623,6.9128007888793945
2241,9.457070350646973,-2.2645621299743652,7.488812028896064,9.955445289611816,-10.039109230041504,7.790504455566406,12.205482482910156,-8.211071014404297,6.550934314727783,11.430057525634766,-9.118325233459473,7.132092475891113
2242,9.46696662902832,-2.1818621158599854,7.372814987320453,5.19353723526001,-14.767243385314941,13.291125297546387,12.427278518676758,-8.113426208496094,6.629246234893799,11.708348274230957,-8.913501739501953,7.094981670379639
2243,9.407139778137207,-2.0552709102630615,7.070491963531822,5.19353723526001,-14.767243385314941,13.392112731933594,11.485129356384277,-9.315937042236328,7.552172660827637,10.664358139038086,-10.232152938842773,8.272967338562012
2244,9.347637176513672,-1.9293670654296875,6.9634440005756915,5.19353723526001,-14.767243385314941,13.493243217468262,11.541297912597656,-9.150242805480957,7.546733856201172,10.709672927856445,-10.102973937988281,8.2863130569458
2245,9.293354034423828,-1.8145077228546143,6.920596992131323,5.19353723526001,-14.767243385314941,13.586091041564941,11.445693969726562,-9.455130577087402,7.937990188598633,10.498357772827148,-10.483329772949219,8.752172470092773
2246,9.130449295043945,-1.7198024988174438,7.206455047708005,5.224123001098633,-10.009084701538086,9.16360092163086,12.211000442504883,-4.638355255126953,4.243553638458252,10.889723777770996,-6.358822345733643,4.961406230926514
2247,8.981963157653809,-1.6334800720214844,7.222111977171153,5.224123001098633,-10.009084701538086,9.179984092712402,11.446094512939453,-5.480420112609863,4.568467140197754,10.049290657043457,-7.195077419281006,5.663086891174316
2248,8.833792686462402,-1.5473408699035645,7.5060000526718795,5.224123001098633,-10.009084701538086,9.199501991271973,11.979312896728516,-4.804084777832031,4.527767658233643,10.219208717346191,-7.006870746612549,5.632570266723633
2249,8.801807403564453,-1.5473408699035645,7.428109005559236,5.224123001098633,-10.009084701538086,9.18699836730957,11.673563003540039,-5.326889991760254,4.7467851638793945,10.138750076293945,-7.1548919677734375,5.764724254608154
2250,8.766725540161133,-1.5473408699035645,7.272085000295192,0.49280112981796265,-9.979061126708984,11.813202857971191,3.7575175762176514,-7.488476753234863,7.771052837371826,2.7222137451171875,-8.526310920715332,9.232666969299316
2251,8.731668472290039,-1.5473408699035645,6.976693985052407,0.49280112981796265,-9.979061126708984,11.788675308227539,3.400052309036255,-7.797659873962402,8.215389251708984,2.461165428161621,-8.700569152832031,9.51251220703125
2252,8.837142944335938,-1.619198203086853,6.9726009969599545,0.49280112981796265,-9.979061126708984,11.811661720275879,3.118565559387207,-7.980978488922119,8.55420207977295,2.2000784873962402,-8.853116989135742,9.817341804504395
2253,8.952970504760742,-1.6981079578399658,6.894315010868013,0.49280112981796265,-9.979061126708984,11.83843994140625,3.1118059158325195,-7.952496528625488,8.55783748626709,2.182108163833618,-8.833060264587402,9.836265563964844
2254,9.058466911315918,-1.7699799537658691,6.948327994905412,0.49280112981796265,-9.979061126708984,11.864217758178711,3.4392921924591064,-7.779602527618408,8.227435111999512,2.5209121704101562,-8.652617454528809,9.492645263671875
2255,9.221914291381836,-1.8590610027313232,7.226026034913957,0.49280112981796265,-9.979061126708984,11.921905517578125,2.8917503356933594,-8.177550315856934,8.943951606750488,2.0215251445770264,-8.983233451843262,10.12913703918457
2256,9.385266304016113,-1.9480910301208496,7.605234975926578,0.49280112981796265,-9.979061126708984,11.982171058654785,2.9131886959075928,-8.142251968383789,8.958539009094238,2.0676472187042236,-8.942941665649414,10.123018264770508
2257,9.381864547729492,-1.977756381034851,7.602046011015773,0.49280112981796265,-9.979061126708984,11.959779739379883,3.829982280731201,-7.550840854644775,7.866553783416748,2.9184563159942627,-8.42379379272461,9.128364562988281
2258,9.378463745117188,-2.0074167251586914,7.6921459985896945,0.49280112981796265,-9.979061126708984,11.93742561340332,3.1783857345581055,-7.966418743133545,8.599457740783691,2.300187110900879,-8.81007194519043,9.817235946655273
2259,9.375054359436035,-2.03714656829834,7.426144031342119,0.49280112981796265,-9.979061126708984,11.915051460266113,3.454801082611084,-7.726887226104736,8.2111234664917,2.5595521926879883,-8.584959983825684,9.451186180114746
2260,9.309885025024414,-2.0568790435791016,7.535481010563672,0.49280112981796265,-9.979061126708984,11.853351593017578,2.9087021350860596,-8.133247375488281,8.825950622558594,2.0497121810913086,-8.95766830444336,10.016536712646484
2261,9.250542640686035,-2.0748472213745117,7.683121017180383,0.49280112981796265,-9.979061126708984,11.797229766845703,2.959158182144165,-8.149787902832031,8.745651245117188,2.084864377975464,-8.952521324157715,9.93223762512207
2262,9.191229820251465,-2.092806339263916,7.28468899615109,0.49280112981796265,-9.979061126708984,11.741195678710938,3.616057872772217,-7.620879650115967,7.851250648498535,2.684269428253174,-8.533227920532227,9.155303001403809
2263,9.181015968322754,-2.0594069957733154,7.266976987011731,0.49280112981796265,-9.979061126708984,11.756104469299316,2.8035361766815186,-8.270817756652832,8.902463912963867,1.958738923072815,-9.05594253540039,10.055485725402832
2264,9.170812606811523,-2.0260419845581055,7.466971001122147,0.49280112981796265,-9.979061126708984,11.77108383178711,3.0355641841888428,-8.099379539489746,8.632884979248047,2.144026279449463,-8.937185287475586,9.85594367980957
2265,9.160592079162598,-1.9926189184188843,7.596126000862569,0.49280112981796265,-9.979061126708984,11.786172866821289,3.2290637493133545,-7.91091251373291,8.379095077514648,2.3153586387634277,-8.775755882263184,9.636813163757324
2266,9.194601058959961,-1.9926189184188843,7.468222000170499,0.49280112981796265,-9.979061126708984,11.811205863952637,3.0890450477600098,-8.051740646362305,8.601788520812988,2.2282519340515137,-8.844462394714355,9.771273612976074
2267,9.228705406188965,-1.9926189184188843,7.453168043866754,0.49280112981796265,-9.979061126708984,11.83635425567627,3.681698799133301,-7.618229866027832,7.9004292488098145,2.7453320026397705,-8.521206855773926,9.200901985168457
2268,9.262717247009277,-1.9926189184188843,7.0318239741027355,0.49280112981796265,-9.979061126708984,11.861479759216309,3.5830812454223633,-7.720488548278809,8.066396713256836,2.657742500305176,-8.583373069763184,9.330794334411621
2269,9.30890941619873,-2.0213911533355713,6.868102005682886,0.49280112981796265,-9.979061126708984,11.876375198364258,3.0047619342803955,-8.155860900878906,8.796249389648438,2.159294366836548,-8.910680770874023,9.928711891174316
2270,9.359565734863281,-2.052943706512451,6.899501022417098,0.49280112981796265,-9.979061126708984,11.892974853515625,3.2379372119903564,-7.963667869567871,8.509465217590332,2.3651251792907715,-8.782365798950195,9.706045150756836
2271,9.405691146850586,-2.081674575805664,6.713531969580799,0.49280112981796265,-9.979061126708984,11.908329963684082,3.3465940952301025,-7.936037063598633,8.425332069396973,2.4503896236419678,-8.753501892089844,9.637919425964355
2272,9.416472434997559,-2.128678560256958,6.91356003517285,0.49280112981796265,-9.979061126708984,11.885303497314453,3.6909921169281006,-7.659095287322998,7.960315704345703,2.7471580505371094,-8.554034233093262,9.260936737060547
2273,9.426443099975586,-2.172153949737549,7.080311013851315,0.49280112981796265,-9.979061126708984,11.864137649536133,2.731342315673828,-8.366159439086914,9.120859146118164,1.9129629135131836,-9.10091781616211,10.220575332641602
2274,9.436328887939453,-2.2152578830718994,7.102618983481079,0.49280112981796265,-9.979061126708984,11.843282699584961,2.850219249725342,-8.237825393676758,8.924581527709961,2.006890296936035,-9.02298355102539,10.076789855957031
2275,9.436328887939453,-2.2152578830718994,7.1825230261310935,0.49280112981796265,-9.979061126708984,11.843282699584961,2.8670473098754883,-8.2595853805542,8.926889419555664,2.0252323150634766,-9.043946266174316,10.07746696472168
